IESNA:LM-63-2002
[TEST] JDE250402-A
[TESTLAB] BESTWAY COMPLIANCE CO., LTD.
[TESTDATE] 14 April 2025
[ISSUEDATE] 2025-04-28 
[NEARFIELD] 
[LAMPPOSITION] 0,0
[OTHER] EVERFINE GO-R5000_V2 SYSTEM
[MANUFAC] American Lighting Industry Corp
[LUMCAT] ALI-SBX-70/100/150W-5000/5700/6500K-H3-S1(0%,5000K)
[LUMINAIRE] Outdoor Pole/Arm-Mounted Area and Roadway Luminaires
[OTHER] Input Voltage=120.0 PF=0.9960 THD=4.22
[OTHER] Gamma(deg)    Fz(lm)      Ft(lm)     %Lum    %Lamp
[OTHER]   0- 10       444.34      444.34     2.37     2.37
[OTHER]  10- 20      1318.73     1763.07     9.40     9.40
[OTHER]  20- 30      2141.19     3904.26    20.82    20.82
[OTHER]  30- 40      2812.18     6716.44    35.82    35.82
[OTHER]  40- 50      3204.33     9920.77    52.90    52.90
[OTHER]  50- 60      3211.71    13132.48    70.03    70.03
[OTHER]  60- 70      2907.92    16040.40    85.53    85.53
[OTHER]  70- 80      2094.37    18134.77    96.70    96.70
[OTHER]  80- 90       538.63    18673.40    99.58    99.58
[OTHER]  90-100         9.39    18682.79    99.63    99.63
[OTHER] 100-110        11.32    18694.11    99.69    99.69
[OTHER] 110-120        13.33    18707.44    99.76    99.76
[OTHER] 120-130        13.16    18720.61    99.83    99.83
[OTHER] 130-140        11.52    18732.13    99.89    99.89
[OTHER] 140-150         9.27    18741.39    99.94    99.94
[OTHER] 150-160         6.39    18747.79    99.97    99.97
[OTHER] 160-170         3.64    18751.43    99.99    99.99
[OTHER] 170-180         1.60    18753.03   100.00   100.00
[OTHER] 
TILT=NONE
1 -1 1 181 17 1 2 0.210 0.210 0.000
1.000 1 143.6
0.0    1.0    2.0    3.0    4.0    5.0    6.0    7.0    8.0    9.0    
 10.0   11.0   12.0   13.0   14.0   15.0   16.0   17.0   18.0   19.0   
 20.0   21.0   22.0   23.0   24.0   25.0   26.0   27.0   28.0   29.0   
 30.0   31.0   32.0   33.0   34.0   35.0   36.0   37.0   38.0   39.0   
 40.0   41.0   42.0   43.0   44.0   45.0   46.0   47.0   48.0   49.0   
 50.0   51.0   52.0   53.0   54.0   55.0   56.0   57.0   58.0   59.0   
 60.0   61.0   62.0   63.0   64.0   65.0   66.0   67.0   68.0   69.0   
 70.0   71.0   72.0   73.0   74.0   75.0   76.0   77.0   78.0   79.0   
 80.0   81.0   82.0   83.0   84.0   85.0   86.0   87.0   88.0   89.0   
 90.0   91.0   92.0   93.0   94.0   95.0   96.0   97.0   98.0   99.0   
 100.0  101.0  102.0  103.0  104.0  105.0  106.0  107.0  108.0  109.0  
 110.0  111.0  112.0  113.0  114.0  115.0  116.0  117.0  118.0  119.0  
 120.0  121.0  122.0  123.0  124.0  125.0  126.0  127.0  128.0  129.0  
 130.0  131.0  132.0  133.0  134.0  135.0  136.0  137.0  138.0  139.0  
 140.0  141.0  142.0  143.0  144.0  145.0  146.0  147.0  148.0  149.0  
 150.0  151.0  152.0  153.0  154.0  155.0  156.0  157.0  158.0  159.0  
 160.0  161.0  162.0  163.0  164.0  165.0  166.0  167.0  168.0  169.0  
 170.0  171.0  172.0  173.0  174.0  175.0  176.0  177.0  178.0  179.0  
 180.0  
0.0    22.5   45.0   67.5   90.0   112.5  135.0  157.5  180.0  202.5  
 225.0  247.5  270.0  292.5  315.0  337.5  360.0  
4653.4 4691 4726.4 4761 4794 4823.5 4850.8 4875.2 4896.8 4915.5 
 4931.9 4944.8 4956.3 4963.5 4968.1 4969.7 4970.4 4968.9 4964 4958 
 4948.9 4937.2 4920 4900.7 4879.8 4854.6 4825.8 4792.4 4757.5 4719.8 
 4680.6 4639.6 4594.8 4547.3 4497.6 4446.7 4396.9 4345.2 4291 4235.7 
 4178.3 4121 4061.2 3997.5 3933.2 3867.3 3801.4 3731.7 3657.6 3579.8 
 3499.2 3415.5 3321.1 3221.5 3119.2 3013.7 2900.9 2784.3 2661.5 2533.2 
 2405.4 2272.2 2143.1 2016.6 1899 1784 1670.4 1554.6 1429.4 1295.6 
 1162 1031.4 911.23 799.03 690.18 596.36 517.04 446.66 384.21 326.98 
 277.38 233.08 193.36 155.67 121.18 85.407 55.566 25.406 5.3115 1.2687 
 1.1769 1.0851 0.99327 0.98485 0.97644 0.96802 0.95961 0.95119 0.94278 0.93437 
 0.92595 1.0441 1.2711 1.5047 1.6194 1.6216 1.9711 2.203 2.4332 3.0165 
 3.3544 3.3593 3.5851 3.6994 3.5943 3.9314 3.8179 3.8175 3.9459 4.5104 
 5.4498 6.4922 7.2883 7.5215 7.6338 7.7531 7.9869 8.2167 8.681 8.9057 
 8.7942 8.8713 8.9483 9.0253 9.1023 9.1793 9.2563 9.3724 9.4104 9.4484 
 9.4864 9.5244 9.5624 9.6004 9.6143 10.658 10.702 10.746 10.79 10.834 
 10.878 10.922 10.967 11.011 11.055 11.099 11.143 11.187 11.231 11.275 
 11.319 11.363 11.407 11.451 11.438 10.873 11.002 12.029 13.784 14.955 
 16.318 17.129 17.585 18.041 17.929 18.046 18.159 18.162 18.275 18.276 
 18.279 
4653.4 4688.1 4720.9 4752 4782.3 4811.6 4838.7 4865.9 4890 4913.1 
 4934 4949.7 4965.1 4978.4 4989.4 4998.2 5004.6 5008.8 5011.2 5013 
 5013.2 5011.5 5004.4 4995.5 4983.2 4968.5 4951 4931.6 4910 4885.4 
 4857.3 4827.2 4793.5 4759.3 4721.3 4679.8 4637.3 4591.7 4542.7 4492.9 
 4439.4 4383.4 4325.4 4265.4 4202.3 4136 4067.7 3995.6 3921.6 3845 
 3765.5 3677.8 3586.7 3491.4 3391.7 3292.7 3188.7 3081 2968.5 2857.6 
 2736 2609.3 2478.4 2342 2200.8 2061.1 1920 1789.5 1667.1 1553.7 
 1440.8 1326.8 1212.8 1097 981.21 866.52 761.41 666.08 578.5 496.48 
 420.32 351.17 297.64 247.05 197.95 152.42 105.98 63.826 20.757 2.0768 
 1.7377 1.502 1.2736 1.2736 1.3126 1.3515 1.3905 1.4294 1.4684 1.5073 
 1.621 1.6229 1.7375 1.9703 2.0909 2.432 3.0169 3.2428 3.3612 3.71 
 3.9367 3.9864 4.0362 4.0859 4.1356 4.1854 4.2351 4.2848 4.4221 5.672 
 6.722 7.075 7.5278 7.8783 8.105 8.4624 8.9155 9.0312 9.0371 9.265 
 9.4991 9.7257 10.196 10.652 10.655 10.713 10.772 10.83 10.889 10.947 
 11.005 11.064 11.122 11.578 12.164 12.232 12.299 12.367 12.435 12.502 
 12.39 12.351 12.312 12.273 12.235 12.24 12.245 12.25 12.254 12.259 
 12.264 12.269 12.159 12.049 11.938 11.828 11.718 13.199 14.596 15.051 
 15.402 15.528 15.979 16.097 16.211 16.557 16.557 16.203 15.862 15.745 
 18.279 
4653.4 4679.8 4707.4 4735.1 4763.3 4790.7 4816.6 4844.5 4871 4896.4 
 4921.6 4946.4 4969.8 4993 5015.5 5037.4 5058.2 5080 5101.7 5121.9 
 5140.6 5157.5 5173.1 5186.7 5197.8 5207.3 5212.3 5216.5 5219.5 5220.2 
 5218.1 5210.1 5201.6 5188.6 5172.2 5151.9 5130.9 5104 5075 5042 
 5008 4970.6 4927.5 4885.3 4840.3 4792.9 4741 4682.4 4618.4 4551.4 
 4479.9 4406 4330.1 4253 4172.7 4085 3991.4 3892.1 3789.7 3681.7 
 3577.1 3472.7 3373.6 3281.1 3195.8 3118 3043.7 2966.9 2886 2789.2 
 2673.8 2526.1 2362.9 2186.9 2013.7 1861.6 1750.7 1698.6 1682.5 1643.8 
 1581.7 1448.9 1269.7 1067.3 923.77 775.84 592 336.12 192.91 29.132 
 7.4293 6.8451 6.6184 6.595 6.5715 6.548 6.5245 6.501 6.4775 6.4541 
 6.4306 6.4071 6.3836 6.3896 6.9727 7.3162 7.7894 8.3713 8.9392 9.0574 
 9.1729 9.41 9.7499 9.9921 10.173 10.354 10.535 10.716 10.897 11.078 
 11.114 11.151 11.187 11.223 11.26 11.183 11.105 11.028 10.95 10.856 
 10.762 10.667 10.573 10.478 10.384 10.289 10.195 9.2787 8.5915 8.4723 
 8.3599 8.4738 8.8243 8.9382 9.4073 9.7657 10.448 10.575 11.261 11.624 
 12.549 12.731 12.914 13.097 13.28 13.296 13.312 13.329 13.345 13.361 
 13.377 13.393 13.41 13.426 13.442 13.458 13.475 14.162 14.63 14.87 
 15.328 15.794 16.136 16.257 16.485 16.832 16.832 16.832 16.832 16.949 
 18.279 
4653.4 4666.2 4681 4697.8 4715.4 4735.6 4756.8 4779.2 4802.5 4827.8 
 4854.7 4882.9 4913.2 4943.1 4973.6 5003.7 5034.5 5063.5 5094.9 5125.6 
 5158.3 5188.9 5219.9 5250 5276.7 5301.5 5325.1 5346.7 5367.7 5385.1 
 5402.2 5416.3 5429.2 5440.5 5449.4 5457.1 5460 5459.3 5451.1 5440.4 
 5429.4 5415.6 5397.4 5376.4 5351.8 5323.3 5291.2 5256.8 5222.8 5190.9 
 5159 5125.3 5087.8 5043.3 4995.2 4937.8 4875.1 4810.6 4748.4 4687.1 
 4626.2 4565.3 4505.6 4444.9 4386.8 4327.1 4273.8 4227.6 4210.9 4219.2 
 4243.3 4272.4 4273 4226.3 4117.6 3923.9 3642 3302.1 2924.6 2551.9 
 2204.9 1902.4 1623.1 1366.6 1122 883.75 624.64 438.24 285.74 107.11 
 14.098 13.517 13.518 13.519 13.52 13.521 13.522 14.333 14.686 15.04 
 15.381 15.621 15.815 16.008 16.202 16.395 16.589 16.782 17.256 17.953 
 18.297 18.891 19.464 20.042 20.087 20.133 20.178 20.224 20.269 20.032 
 19.686 19.216 18.876 18.755 18.707 18.66 18.613 18.565 18.518 18.059 
 17.466 16.895 16.426 16.197 16.195 15.841 15.614 15.494 15.258 15.209 
 15.161 15.112 15.063 15.015 14.966 14.917 14.869 14.82 14.771 14.723 
 14.674 14.328 13.981 13.852 13.277 12.923 12.343 11.881 11.648 11.666 
 11.683 11.7 11.718 11.735 11.753 11.77 11.787 12.958 13.767 14.455 
 14.801 14.919 15.15 15.276 15.752 16.784 17.012 17.012 17.012 17.012 
 18.279 
4653.4 4654 4654.6 4657.6 4662.1 4668.5 4677.4 4688.8 4702.9 4716.8 
 4732.6 4749.6 4768.7 4792 4816.5 4843.1 4872.2 4902 4932.8 4962.8 
 4991.5 5018.7 5043.1 5067.4 5090.3 5112.8 5131.5 5149.8 5164.1 5177.3 
 5189.1 5200.4 5212.9 5226.9 5239.2 5253.8 5267.8 5282.7 5294.4 5302.8 
 5309.4 5310.3 5309.8 5302.4 5287.7 5266.4 5239.8 5213.3 5192.9 5172.9 
 5152.8 5132.4 5113.7 5097 5085.9 5087.9 5089.7 5097 5104.5 5108.3 
 5115.6 5128.2 5139.5 5163.4 5198.2 5239 5297.5 5377.6 5457.5 5509.5 
 5518.4 5449.7 5294.7 5021.4 4619.6 4129.8 3629.5 3168.3 2779 2463.2 
 2203.8 1963.3 1741.4 1540.9 1362.8 1199.5 1034.1 850.91 592.66 149.91 
 14.775 14.643 14.511 14.379 14.247 14.114 14.453 14.806 15.145 15.728 
 16.197 16.649 17.118 17.583 17.929 18.504 18.849 19.429 19.77 20.121 
 20.578 20.812 21.046 21.504 21.854 21.832 21.809 21.787 21.765 21.742 
 21.72 21.26 20.555 19.874 19.182 18.611 18.545 18.479 18.413 18.347 
 18.281 18.28 18.278 18.277 18.275 18.273 18.272 18.27 18.268 18.267 
 18.265 18.263 18.262 18.26 18.258 18.257 18.012 17.225 17.222 17.109 
 16.984 16.526 16.181 15.371 14.909 14.681 14.448 13.979 13.178 13.191 
 13.205 13.219 13.233 13.247 13.26 13.274 13.288 13.302 14.228 14.697 
 15.616 16.768 17.225 17.574 17.805 18.036 18.15 18.15 18.149 17.688 
 18.279 
4653.4 4637.4 4621.7 4609.9 4599.6 4590.1 4582.2 4574.7 4568.8 4565 
 4562.6 4561.9 4563.1 4565 4569 4575.4 4584.8 4595.3 4605.7 4616.4 
 4627.1 4639.8 4651.3 4662.7 4672 4680 4682.9 4680 4678.1 4672.5 
 4665.1 4655.9 4646.6 4638.3 4631.5 4623.6 4614.1 4604.4 4598.1 4591.1 
 4583.8 4581 4575.4 4566 4553.5 4537.6 4517.9 4497.8 4477 4454.1 
 4428 4401 4377.2 4353.5 4326.9 4299.5 4274.5 4252.6 4233.9 4220.5 
 4206.2 4190.3 4178.7 4175.2 4176.2 4188.2 4211.1 4248.8 4299 4367.3 
 4448.4 4508.9 4494.6 4364 4116 3740.9 3293.4 2837.8 2419.2 2053.6 
 1747.9 1506.4 1308.7 1145.7 1004.5 874.71 746.48 602.53 430.52 77.078 
 12.526 11.848 11.715 11.826 11.944 11.946 12.172 12.409 12.297 12.86 
 13.105 13.449 13.798 14.378 15.068 15.64 16.223 16.924 17.613 18.088 
 18.442 19.009 19.478 19.941 20.291 20.181 20.294 20.225 20.156 20.087 
 20.018 19.949 19.602 19.6 19.485 19.484 19.598 19.254 19.138 18.559 
 17.993 18.029 18.066 18.102 18.138 18.175 18.211 18.247 18.284 18.32 
 18.667 18.557 18.556 18.443 18.214 18.095 17.635 17.397 17.165 17.051 
 16.822 16.246 15.898 15.326 15.084 14.626 14.498 14.27 14.04 13.694 
 13.46 13.223 13.221 13.43 13.638 13.846 14.055 14.263 14.471 14.726 
 15.53 16.8 17.275 17.507 17.851 18.093 18.322 18.211 18.209 17.406 
 18.279 
4653.4 4624.3 4594.8 4566.8 4536.8 4509.2 4479.1 4450.1 4422.7 4396.2 
 4370.8 4344.5 4320.8 4297.6 4274.2 4253.2 4231.8 4211.7 4193.7 4176.3 
 4159.9 4144.1 4128.7 4111.1 4093 4075.6 4055 4033.4 4010.7 3987.9 
 3963.5 3937.6 3911 3880.4 3846.6 3810.3 3773.5 3734.4 3697.9 3658.2 
 3620.1 3582.1 3542.4 3502.4 3461.2 3419.2 3373.6 3328.3 3283.8 3237.7 
 3187.7 3131.4 3072.5 3010.2 2945.9 2878.8 2809.3 2737.9 2660.5 2579.6 
 2496.6 2411.4 2327.6 2245.5 2162.4 2078.1 1997.7 1922.6 1850.1 1778.4 
 1709.5 1642.7 1575.2 1511.7 1453.6 1398.1 1353.1 1303.8 1225.7 1124.8 
 1006.6 870.51 725.56 584.06 445.94 326.43 227.12 144.25 72.685 59.304 
 45.924 32.543 19.163 5.7823 5.8989 6.132 6.3584 7.0647 7.6276 7.9775 
 8.4483 9.0204 9.3714 10.067 10.525 10.982 11.447 11.913 12.142 12.144 
 12.261 12.374 12.492 12.837 13.301 13.884 14.57 14.916 14.847 14.778 
 14.709 14.688 14.666 14.645 14.623 14.601 14.58 14.558 14.536 14.515 
 14.493 14.471 14.45 14.428 14.406 14.385 14.363 14.341 14.179 14.017 
 13.855 13.859 13.864 13.868 13.873 13.877 13.891 13.904 13.918 13.931 
 13.945 13.958 13.972 13.985 13.999 13.954 13.909 13.864 13.82 13.775 
 13.73 13.686 13.641 13.596 13.552 13.507 13.462 13.417 13.897 14.941 
 16.313 16.769 16.769 16.883 16.42 16.306 16.306 16.306 16.306 16.306 
 18.279 
4653.4 4617 4579.2 4540.9 4501.5 4460.8 4420.2 4379.2 4338 4295.9 
 4253 4208.8 4164.3 4118.5 4073.4 4028.1 3983.4 3938.9 3897.4 3856.3 
 3817.2 3778.5 3738.9 3701.1 3666.1 3631.8 3597 3563.7 3530.1 3498 
 3465.4 3431 3395.5 3359.6 3323.4 3285.7 3247.8 3206 3161.3 3112.3 
 3057.1 3003.7 2950.8 2896.6 2840.9 2782.1 2720.6 2656.9 2592.6 2523.5 
 2453.8 2379 2301 2219.2 2137.4 2053.8 1970.8 1887.8 1807.3 1726.3 
 1646.7 1567.9 1488.9 1413.2 1340.5 1267.9 1198.6 1129.5 1061.1 991.78 
 923.04 854.41 784.62 715.31 646.06 576.76 509.87 450.61 395.93 347.82 
 303.44 261.56 222.71 187.23 153.57 121.57 91.265 59.052 27.419 5.2931 
 1.5067 1.6196 1.8526 2.0796 2.2007 2.5484 3.0029 3.2461 3.6974 4.162 
 4.5191 4.9763 5.2131 5.5616 5.6777 6.0169 6.5943 6.9499 7.6337 8.2222 
 8.6924 8.6 8.5075 8.415 8.3225 8.23 8.652 9.0741 9.4961 9.9181 
 10.34 10.762 12.968 13.886 14.253 14.482 14.829 14.951 15.408 15.877 
 16.105 16.451 16.545 16.639 16.734 16.828 16.922 16.945 16.969 16.992 
 17.016 17.039 17.038 16.584 16.461 16.329 16.197 16.065 15.933 15.801 
 15.669 15.548 15.428 15.308 15.168 15.028 14.887 14.747 14.607 13.817 
 13.343 13.329 12.867 12.521 12.518 12.171 12.055 12.173 13.753 16.072 
 17.14 17.162 17.184 17.207 17.229 17.251 17.274 16.929 16.922 16.922 
 18.279 
4653.4 4612.5 4571.4 4529.5 4486.4 4441.4 4395.4 4349.3 4300.2 4250.6 
 4199.5 4146.9 4095 4042.4 3989.1 3935.1 3881.9 3828.1 3776.7 3726.3 
 3677 3628.4 3581.7 3535.8 3491.5 3448.9 3406.5 3365.1 3325.8 3288.1 
 3250.5 3210 3170.2 3127.2 3084.3 3039.5 2993.6 2945.8 2893.7 2839.7 
 2782.9 2726.2 2666.3 2602.7 2538.6 2473.2 2407.4 2340.7 2273.9 2204.9 
 2137.3 2068.9 1996.6 1925.4 1852.5 1780.8 1707.8 1634.6 1562.6 1489.1 
 1418.3 1348.7 1279.1 1212.6 1147.2 1086 1025.4 964.59 901.44 835.54 
 772.28 706.34 639.04 572.61 510.72 453.79 402.05 356.31 312.58 272.7 
 235.36 201.95 169.46 139.58 112.57 86.051 56.851 34.606 12.328 2.539 
 1.0416 1.1539 1.2714 1.3887 1.5025 1.7347 2.3002 2.5457 2.7709 3.2295 
 3.5846 4.0433 4.3926 4.9724 5.2027 5.318 5.6614 5.8968 6.5773 7.0528 
 7.7541 8.3186 8.7856 9.1331 9.5955 10.061 10.404 10.411 10.865 10.759 
 10.87 10.988 11.68 13.157 14.907 16.393 16.653 16.614 16.576 16.538 
 16.5 16.462 16.424 16.386 16.287 16.188 16.09 15.991 15.892 15.794 
 15.695 15.597 15.498 15.399 15.384 14.482 14.344 15.612 16.878 17.001 
 16.89 16.545 16.315 16.194 15.731 14.916 13.877 12.742 12.259 11.682 
 11.335 11.22 11.22 11.105 10.99 10.988 11.103 10.991 12.463 14.094 
 15.37 16.872 17.803 17.813 17.231 16.772 16.543 16.541 16.425 16.425 
 18.279 
4653.4 4617.8 4580.1 4542.7 4504.5 4464.7 4425.9 4384.6 4342.6 4300.2 
 4256.4 4212.6 4170.3 4125.9 4082.4 4038.7 3995.7 3951.9 3909.3 3869 
 3828.5 3789.8 3752.6 3716.2 3680.1 3644.1 3608.7 3573.8 3538.6 3504.1 
 3468.7 3433.4 3397.7 3359.2 3322.3 3282.5 3240.6 3198.3 3155.1 3108.4 
 3061 3011.6 2957.1 2898.2 2836.3 2772.5 2706.8 2639 2570.3 2498.2 
 2425.1 2350.1 2272.8 2194.8 2114.1 2032.4 1948.3 1865.6 1782 1696.3 
 1615.2 1533.3 1453.3 1376.4 1304.4 1232.4 1161.6 1093.8 1027.8 961.16 
 895.86 827.37 757.77 687.06 618.49 549.08 487.17 429.87 377.79 331.23 
 287.84 246.8 208.58 173.97 140.11 107.46 75.362 45.08 16.182 3.9913 
 2.4312 2.3188 2.4306 2.6564 2.7773 3.1247 3.5776 3.8213 4.0467 4.5052 
 4.7458 5.2028 5.6684 5.7887 6.1321 6.3621 6.8204 7.403 7.8628 8.331 
 8.6851 9.2517 9.4918 9.4729 9.4541 9.4352 9.4163 9.3975 9.3786 9.2652 
 10.055 11.106 12.493 12.731 13.081 13.764 14.458 15.165 15.738 16.437 
 16.892 17.245 17.477 17.827 18.174 18.066 18.062 17.949 17.946 17.488 
 17.142 17.1 17.058 17.016 16.973 16.931 16.889 16.846 16.804 16.762 
 16.72 16.677 16.56 16.445 16.329 16.091 14.606 12.999 11.729 11.468 
 11.429 11.389 11.35 11.31 11.598 11.885 12.173 12.461 12.748 14.997 
 15.963 17.001 17.818 18.958 19.914 19.799 19.913 19.576 19.105 18.647 
 18.279 
4653.4 4626.8 4601 4574.7 4549.2 4522.1 4495.1 4468.8 4443.5 4418.6 
 4393 4367 4341.1 4315.9 4290.6 4267.1 4245.2 4222.3 4199.7 4179.1 
 4157.8 4137 4116.3 4095.9 4076.1 4056 4033.5 4009.6 3985.4 3958.2 
 3930.5 3903.3 3872.7 3841.1 3809.5 3777.9 3745.9 3714.2 3679.8 3644.5 
 3609.4 3574.2 3538.3 3501.9 3463 3423.8 3382.3 3341.4 3296.7 3250 
 3199.7 3142.3 3081.3 3019.2 2956.1 2890.3 2820.1 2749.1 2676.2 2601.5 
 2526.6 2450.2 2373 2292.6 2213.4 2135.8 2060.3 1983.9 1908.2 1835.5 
 1766.3 1698.7 1635.8 1579.6 1527.1 1480.7 1433.3 1361.5 1252 1118.7 
 965.13 808.58 654.11 505.44 374.51 262.8 173.05 97.974 39.433 34.176 
 28.919 23.662 18.405 13.148 7.8913 7.7777 8.3447 8.8226 9.0492 9.3957 
 9.8655 10.324 10.677 11.143 11.603 11.947 12.526 12.767 13.336 13.478 
 13.619 13.761 13.903 14.044 14.276 14.74 14.772 14.804 14.836 14.868 
 14.899 14.931 14.963 14.995 15.027 15.059 15.091 15.436 15.404 15.371 
 15.338 15.306 15.273 15.24 15.208 15.089 14.859 14.836 14.813 14.789 
 14.766 14.743 14.511 14.51 14.627 14.853 15.434 16.365 16.713 16.716 
 16.669 16.623 16.576 16.53 16.483 16.364 15.555 14.868 14.51 14.394 
 13.465 12.885 12.765 11.731 11.724 11.609 11.608 11.854 14.46 16.457 
 17.517 17.357 17.197 17.036 16.876 16.716 16.716 16.602 16.02 15.675 
 18.279 
4653.4 4641.8 4630.2 4621.1 4612 4602.9 4596.3 4590 4585.1 4581.4 
 4579.2 4577.6 4577 4576.3 4577.8 4579.7 4581.4 4584.9 4588.4 4591.4 
 4596.2 4601.6 4605.7 4609.8 4614.7 4619.4 4625.3 4629.8 4633.8 4637 
 4638.9 4637.9 4632.3 4626.1 4622.4 4615.1 4605.2 4593.6 4583.2 4572.3 
 4558.2 4545.6 4535.1 4523.2 4509.1 4493 4477.8 4459.3 4435.2 4407 
 4376.8 4346.6 4316.9 4289.6 4267.3 4244.5 4222.4 4204.2 4186.9 4171.6 
 4161.5 4158.1 4152.1 4149.8 4155.5 4183.5 4220.4 4269.4 4330.9 4405.4 
 4476.3 4530.1 4511.1 4358.2 4059.4 3594.4 3048.6 2479.3 2008.5 1635.6 
 1373.3 1191 1049.4 942.67 845.17 736.9 609.32 441.73 179.9 15.841 
 13.982 14.029 14.075 14.122 14.168 14.215 14.443 14.566 14.905 15.256 
 15.613 15.844 16.078 16.776 17.357 17.929 18.739 19.45 19.916 20.386 
 20.857 21.201 21.785 22.018 21.908 21.723 21.538 21.354 21.169 20.984 
 20.518 20.162 20.158 20.112 20.066 20.019 19.973 19.926 19.237 18.649 
 18.644 18.529 18.527 18.642 18.644 18.757 19.457 19.799 19.809 20.041 
 20.042 20.042 20.043 20.044 20.044 20.045 20.046 19.459 18.877 18.762 
 18.873 18.648 18.757 18.643 18.304 17.593 16.902 15.75 14.71 13.656 
 12.839 12.473 12.124 11.544 11.847 12.149 12.452 12.754 13.057 15.552 
 16.526 17.458 18.164 18.144 18.123 18.102 18.082 18.061 17.712 17.252 
 18.279 
4653.4 4655.5 4660.8 4666.4 4675.3 4685.4 4696.7 4707.9 4721.3 4737.5 
 4756.1 4774.6 4793.7 4813 4831.4 4848.4 4869 4891.4 4915 4941.5 
 4969.3 4995.1 5020.4 5045.1 5069.2 5092.4 5116.2 5139.1 5162.5 5182.6 
 5199.9 5213.6 5228.6 5242.3 5253.6 5261.9 5264.1 5263.2 5259.8 5256.3 
 5247.1 5236.7 5225.6 5209.4 5196 5179.6 5162.5 5148.7 5134.6 5121.6 
 5111.5 5102.5 5090.7 5080.1 5069 5051.8 5033.8 5016.6 5009.5 5008.3 
 5012.3 5021.8 5036 5054.5 5075.4 5095.2 5123.8 5153.1 5183.9 5202.1 
 5181.6 5087.2 4885.7 4517.5 4021.5 3466.5 2928.5 2479.6 2130.2 1857.5 
 1620.1 1418.8 1252.3 1111.9 988.66 859.28 712.09 477.11 101.12 17.661 
 15.849 15.494 15.605 15.606 16.276 16.64 17.33 18.254 18.826 19.883 
 20.34 20.801 21.379 21.954 22.415 23.11 23.806 23.814 24.154 24.497 
 24.622 24.851 25.202 25.432 25.657 25.551 25.663 25.325 24.869 24.403 
 23.826 23.36 23.013 22.443 21.865 21.825 21.785 21.746 21.706 21.666 
 21.627 21.587 21.547 21.507 21.389 20.931 20.695 20.682 20.669 20.656 
 20.643 20.63 20.617 20.604 20.591 20.578 19.788 19.195 18.175 17.465 
 16.651 16.081 15.496 14.813 14.34 14.264 14.188 14.112 14.036 13.96 
 13.884 13.758 13.526 13.071 12.489 12.485 12.94 14.188 14.448 14.796 
 15.251 15.948 16.066 16.3 16.187 16.642 16.647 16.647 16.647 16.76 
 18.279 
4653.4 4671.3 4689.6 4709.2 4731.2 4753.4 4776 4799 4824.1 4849.5 
 4875.4 4903 4931.4 4960.4 4989.6 5017.4 5043.7 5071.2 5101.8 5133.5 
 5165.7 5197.4 5226.4 5254.9 5282.6 5310.8 5335.3 5358 5381.3 5400.2 
 5414.1 5425.8 5433.5 5435.7 5432.2 5425.7 5416.4 5406 5391.5 5373 
 5352.9 5330.4 5312 5291.1 5265.8 5238.3 5204.7 5164.9 5120.8 5072.9 
 5024.5 4971.8 4918.8 4865 4804.8 4741.7 4675.4 4608.9 4537.6 4461 
 4384.5 4303.2 4220.5 4137.2 4057.4 3977.9 3917.5 3883.9 3874.6 3890.3 
 3930.9 3992 4042.1 4042.6 3934.6 3672.2 3294 2851.8 2439.1 2096.5 
 1799.1 1543.4 1302.1 1072.7 851.4 598.32 417.45 265.44 86.259 14.147 
 14.089 14.032 13.974 13.917 13.859 13.802 14.155 14.395 14.859 15.312 
 15.433 15.899 16.355 16.469 16.588 16.707 17.062 17.526 18.093 18.324 
 18.439 18.554 18.669 18.784 18.898 19.013 19.128 19.243 18.899 18.67 
 18.578 18.486 18.393 18.239 18.084 17.93 17.775 17.621 17.466 17.312 
 17.158 16.695 16.469 16.468 16.353 16.355 16.464 16.235 16.002 15.535 
 15.298 14.842 14.729 14.728 14.494 14.378 14.265 14.147 13.917 13.787 
 13.221 12.868 12.29 12.06 11.83 11.595 11.249 11.132 11.018 11.076 
 11.134 11.192 11.25 11.308 11.366 11.424 11.481 12.411 12.532 13.004 
 13.583 14.382 14.501 14.728 15.315 16.237 16.237 16.242 16.468 16.35 
 18.279 
4653.4 4682.6 4712.4 4742.2 4771 4797.6 4826 4852.4 4876.8 4901.4 
 4925.8 4950.6 4973.4 4996.9 5019.8 5040.4 5060.6 5077.7 5094.3 5109.1 
 5123.4 5136.3 5148.3 5158.3 5165.7 5171.7 5175.7 5177.4 5177.2 5174.2 
 5167.2 5158.3 5145.8 5129.6 5112.5 5090.2 5066.7 5038 5005.5 4971.5 
 4934.5 4891.5 4845.7 4795.7 4741.5 4685.2 4624.5 4557.9 4487.2 4414.6 
 4337.8 4254.1 4167.4 4080.2 3988.3 3889.4 3783.7 3676.3 3570.8 3463.6 
 3361.7 3267.2 3174.9 3085.6 3002.6 2919 2829.2 2732.6 2621 2494.5 
 2345.5 2180.5 2012 1843.9 1693.3 1572.1 1487.5 1442.8 1421.9 1375.8 
 1288.1 1137.5 978.83 879.48 782.32 646.34 413.34 267.16 69.116 8.3157 
 7.2997 6.9425 6.5912 6.4768 6.4875 6.4983 6.5091 6.5199 6.5307 6.5414 
 6.5522 6.563 6.5738 6.5846 6.5953 7.1583 7.0549 7.169 7.4011 7.5181 
 7.7457 7.9841 8.5531 8.9055 9.0205 9.2494 9.4782 9.8265 9.8758 9.9252 
 9.9745 10.024 10.073 10.123 10.172 9.7136 9.486 9.4324 9.3788 9.3252 
 9.2716 9.218 9.1644 9.1108 9.0572 9.0036 8.95 8.8964 8.9377 8.979 
 9.0203 9.0616 9.1029 9.1443 9.9452 10.643 10.984 11.218 11.56 11.681 
 12.133 12.251 12.368 12.485 12.602 12.72 12.721 12.838 12.952 12.953 
 12.991 13.03 13.068 13.106 13.145 13.183 13.068 14.769 15.264 15.495 
 15.726 15.956 16.187 16.418 16.649 17.231 17.118 17.116 17.23 16.885 
 18.279 
4653.4 4689 4723.5 4758.1 4790.1 4820.3 4847.4 4872.8 4896 4918.5 
 4938.6 4956.1 4970.5 4982.7 4994.1 5002.8 5010.6 5017 5020 5020.6 
 5019.9 5015.4 5007.9 4998.2 4987.2 4969 4948 4925.5 4899 4868 
 4834.1 4794.8 4755.6 4712.7 4669.4 4625.1 4581.8 4537.5 4491.3 4443.6 
 4393.3 4337.1 4275.2 4210.6 4142.9 4074.8 4006.7 3934.4 3857.4 3777.2 
 3696.1 3607.4 3518.7 3426 3328.8 3227.5 3120.7 3008 2889.2 2766.7 
 2636.4 2500.2 2362.3 2217.6 2072.9 1936.6 1806.4 1687.4 1575.6 1469.7 
 1357.2 1240.9 1123.4 1005.7 891.66 781.69 683.03 594.41 513.74 440.85 
 370.21 310.83 261.63 211.56 165.16 119.55 79.329 37.78 6.4701 2.4293 
 2.0856 1.9659 1.95 1.9341 1.9182 1.9022 1.8863 1.9031 1.9199 1.9367 
 1.9535 1.9704 1.9735 2.0863 2.0959 2.4409 3.0188 3.2506 3.4779 3.5926 
 3.7089 3.7139 3.9511 4.2884 4.2883 4.0526 3.8248 3.8264 5.2393 6.147 
 6.7268 7.0755 7.419 7.6496 8.4612 8.6359 8.8106 8.9853 9.16 9.3347 
 9.5094 9.8609 10.204 10.277 10.351 10.424 10.497 10.571 10.644 10.718 
 10.791 10.865 10.938 11.011 11.024 11.037 11.05 11.063 11.075 11.088 
 11.101 11.117 11.133 11.148 11.164 11.18 11.195 11.211 11.241 11.27 
 11.3 11.329 11.359 11.358 11.35 11.011 11.279 13.568 15.092 16.22 
 16.25 16.28 16.31 16.339 16.369 16.399 16.428 16.458 16.458 16.458 
 18.279 
4653.4 4691 4726.4 4761 4794 4823.5 4850.8 4875.2 4896.8 4915.5 
 4931.9 4944.8 4956.3 4963.5 4968.1 4969.7 4970.4 4968.9 4964 4958 
 4948.9 4937.2 4920 4900.7 4879.8 4854.6 4825.8 4792.4 4757.5 4719.8 
 4680.6 4639.6 4594.8 4547.3 4497.6 4446.7 4396.9 4345.2 4291 4235.7 
 4178.3 4121 4061.2 3997.5 3933.2 3867.3 3801.4 3731.7 3657.6 3579.8 
 3499.2 3415.5 3321.1 3221.5 3119.2 3013.7 2900.9 2784.3 2661.5 2533.2 
 2405.4 2272.2 2143.1 2016.6 1899 1784 1670.4 1554.6 1429.4 1295.6 
 1162 1031.4 911.23 799.03 690.18 596.36 517.04 446.66 384.21 326.98 
 277.38 233.08 193.36 155.67 121.18 85.407 55.566 25.406 5.3115 1.2687 
 1.1769 1.0851 0.99327 0.98485 0.97644 0.96802 0.95961 0.95119 0.94278 0.93437 
 0.92595 1.0441 1.2711 1.5047 1.6194 1.6216 1.9711 2.203 2.4332 3.0165 
 3.3544 3.3593 3.5851 3.6994 3.5943 3.9314 3.8179 3.8175 3.9459 4.5104 
 5.4498 6.4922 7.2883 7.5215 7.6338 7.7531 7.9869 8.2167 8.681 8.9057 
 8.7942 8.8713 8.9483 9.0253 9.1023 9.1793 9.2563 9.3724 9.4104 9.4484 
 9.4864 9.5244 9.5624 9.6004 9.6143 10.658 10.702 10.746 10.79 10.834 
 10.878 10.922 10.967 11.011 11.055 11.099 11.143 11.187 11.231 11.275 
 11.319 11.363 11.407 11.451 11.438 10.873 11.002 12.029 13.784 14.955 
 16.318 17.129 17.585 18.041 17.929 18.046 18.159 18.162 18.275 18.276 
 18.279 
