IESNA:LM-63-2002
[TEST] JDE250402-A
[TESTLAB] BESTWAY COMPLIANCE CO., LTD.
[TESTDATE] 14 April 2025
[ISSUEDATE] 2025-04-28 
[NEARFIELD] 
[LAMPPOSITION] 0,0
[OTHER] EVERFINE GO-R5000_V2 SYSTEM
[MANUFAC] American Lighting Industry Corp
[LUMCAT] ALI-SBX-70/100/150W-5000/5700/6500K-H3-S1(0%,5000K)
[LUMINAIRE] Outdoor Pole/Arm-Mounted Area and Roadway Luminaires
[OTHER] Input Voltage=277.0 PF=0.9099 THD=9.53
[OTHER] Gamma(deg)    Fz(lm)      Ft(lm)     %Lum    %Lamp
[OTHER]   0- 10       439.68      439.68     2.37     2.37
[OTHER]  10- 20      1304.92     1744.60     9.40     9.40
[OTHER]  20- 30      2118.72     3863.32    20.81    20.81
[OTHER]  30- 40      2782.84     6646.16    35.81    35.81
[OTHER]  40- 50      3171.09     9817.24    52.89    52.89
[OTHER]  50- 60      3178.74    12995.98    70.02    70.02
[OTHER]  60- 70      2878.18    15874.16    85.53    85.53
[OTHER]  70- 80      2071.92    17946.08    96.69    96.69
[OTHER]  80- 90       533.27    18479.35    99.56    99.56
[OTHER]  90-100        12.10    18491.45    99.63    99.63
[OTHER] 100-110        11.17    18502.62    99.69    99.69
[OTHER] 110-120        13.15    18515.77    99.76    99.76
[OTHER] 120-130        12.96    18528.73    99.83    99.83
[OTHER] 130-140        11.41    18540.14    99.89    99.89
[OTHER] 140-150         9.15    18549.29    99.94    99.94
[OTHER] 150-160         6.31    18555.60    99.97    99.97
[OTHER] 160-170         3.63    18559.23    99.99    99.99
[OTHER] 170-180         1.58    18560.80   100.00   100.00
[OTHER] 
TILT=NONE
1 -1 1 181 17 1 2 0.210 0.210 0.000
1.000 1 138.9
0.0    1.0    2.0    3.0    4.0    5.0    6.0    7.0    8.0    9.0    
 10.0   11.0   12.0   13.0   14.0   15.0   16.0   17.0   18.0   19.0   
 20.0   21.0   22.0   23.0   24.0   25.0   26.0   27.0   28.0   29.0   
 30.0   31.0   32.0   33.0   34.0   35.0   36.0   37.0   38.0   39.0   
 40.0   41.0   42.0   43.0   44.0   45.0   46.0   47.0   48.0   49.0   
 50.0   51.0   52.0   53.0   54.0   55.0   56.0   57.0   58.0   59.0   
 60.0   61.0   62.0   63.0   64.0   65.0   66.0   67.0   68.0   69.0   
 70.0   71.0   72.0   73.0   74.0   75.0   76.0   77.0   78.0   79.0   
 80.0   81.0   82.0   83.0   84.0   85.0   86.0   87.0   88.0   89.0   
 90.0   91.0   92.0   93.0   94.0   95.0   96.0   97.0   98.0   99.0   
 100.0  101.0  102.0  103.0  104.0  105.0  106.0  107.0  108.0  109.0  
 110.0  111.0  112.0  113.0  114.0  115.0  116.0  117.0  118.0  119.0  
 120.0  121.0  122.0  123.0  124.0  125.0  126.0  127.0  128.0  129.0  
 130.0  131.0  132.0  133.0  134.0  135.0  136.0  137.0  138.0  139.0  
 140.0  141.0  142.0  143.0  144.0  145.0  146.0  147.0  148.0  149.0  
 150.0  151.0  152.0  153.0  154.0  155.0  156.0  157.0  158.0  159.0  
 160.0  161.0  162.0  163.0  164.0  165.0  166.0  167.0  168.0  169.0  
 170.0  171.0  172.0  173.0  174.0  175.0  176.0  177.0  178.0  179.0  
 180.0  
0.0    22.5   45.0   67.5   90.0   112.5  135.0  157.5  180.0  202.5  
 225.0  247.5  270.0  292.5  315.0  337.5  360.0  
4604.6 4641.9 4677.3 4710.6 4743.1 4773 4799.8 4823.7 4845.2 4863.1 
 4880 4892.5 4903.3 4910.7 4915.4 4916.5 4917.1 4915.8 4911.1 4905 
 4896.1 4884.1 4867.8 4848.8 4827.7 4802.3 4773.5 4741.1 4707.3 4670.7 
 4631.4 4590.9 4546.7 4500 4450.3 4400.4 4350.7 4299 4245.9 4190.8 
 4135.7 4078.3 4019.2 3955.7 3891.4 3828 3761.6 3692.4 3619 3542.2 
 3463.1 3381 3288.1 3188.4 3088.3 2983.7 2872.5 2756.9 2633.8 2507.8 
 2382.2 2251.1 2121 1996.7 1880.2 1766.5 1654.4 1538.5 1414.3 1282.8 
 1150.8 1020.8 901.92 789.9 683.55 590.81 512.02 441.62 379.84 323.93 
 274.53 230.85 191.05 154.21 120.12 84.133 54.781 25.079 5.4247 1.1483 
 1.0333 1.0339 1.0345 1.0352 1.0358 1.0364 1.0371 1.0377 1.0383 1.039 
 1.0396 1.0402 1.3813 1.4937 1.3796 1.6127 1.8463 2.192 2.533 3.1016 
 3.2204 3.3354 3.4485 3.4529 3.6784 3.792 3.6807 3.7901 3.702 4.6048 
 5.3039 6.5596 7.1281 7.3602 7.4724 7.703 7.8211 8.0506 8.1532 8.2557 
 8.3583 8.4609 8.5634 8.666 8.7686 8.8711 8.9404 9.0098 9.0791 9.1484 
 9.2177 9.287 9.3564 9.4257 9.3347 10.589 10.6 10.611 10.622 10.632 
 10.643 10.654 10.665 10.676 10.686 10.697 10.708 10.719 10.73 10.74 
 10.751 10.762 10.773 10.784 10.794 10.805 10.819 11.839 13.585 14.857 
 15.987 16.798 17.473 17.593 17.818 18.045 17.932 17.939 18.274 18.162 
 18.052 
4604.6 4638.9 4670.8 4702.6 4731.2 4760.1 4788.1 4814.4 4838.9 4861.3 
 4881.3 4897.3 4912.2 4924.9 4935.7 4944.1 4950.8 4954.5 4956.9 4958.6 
 4959 4956.5 4950.3 4941.6 4930.3 4914.4 4898.1 4878.5 4857.2 4834.6 
 4806.6 4775.7 4742.9 4708.8 4671.5 4631.8 4587.7 4543.4 4494.9 4445.7 
 4393.3 4337.6 4280.5 4221.7 4159 4094.3 4026.1 3955.7 3882.5 3805.6 
 3726.9 3640.8 3551.3 3456.8 3359.9 3261 3158.3 3051.2 2941.8 2828.7 
 2711.5 2584.3 2454.5 2318.3 2179.9 2040.7 1901 1771.7 1649.5 1538.9 
 1426.8 1313 1200.9 1085.4 971.61 856.39 753.09 659.04 571.5 491.16 
 415.13 347.06 294.42 244.32 195.91 149.86 104.81 62.906 19.983 2.06 
 1.7232 1.6805 1.6378 1.5951 1.5524 1.5097 1.467 1.4243 1.3816 1.5013 
 1.7214 1.6101 1.6101 1.7328 2.0815 2.5306 2.9971 3.3352 3.3436 3.8006 
 4.0246 3.9127 4.0262 4.0885 4.1509 4.2132 4.2756 4.3379 4.4003 5.5499 
 6.5598 6.9156 7.4769 7.5961 7.8267 8.0615 8.6266 8.9705 8.9734 9.0858 
 9.3225 9.6621 10.012 10.358 10.4 10.443 10.485 10.528 10.57 10.613 
 10.655 10.698 10.938 11.511 11.852 12.313 12.311 12.309 12.306 12.304 
 12.302 12.191 12.169 12.148 12.126 12.104 12.083 12.061 12.04 12.018 
 11.997 11.975 11.954 12.149 12.345 12.541 12.737 12.932 14.496 14.843 
 15.067 15.19 15.527 15.647 15.872 15.986 15.986 15.983 15.869 15.522 
 18.052 
4604.6 4630.2 4657 4684.7 4712.7 4739.4 4765.8 4792.7 4819.3 4844.8 
 4870 4894 4917.9 4940.3 4962.1 4983.1 5005 5026.3 5047 5066.7 
 5085.6 5102.3 5117.9 5131.6 5142.5 5151.5 5157.8 5162.1 5164.6 5165.5 
 5163 5156 5147.4 5135 5117.7 5099.1 5076.8 5051.8 5022.8 4989.3 
 4955.2 4919.1 4877.6 4835.2 4790.7 4744.2 4692.8 4636.3 4572.2 4505 
 4435.8 4361.5 4287 4211 4130.6 4045.1 3950.8 3854.1 3751.9 3645.5 
 3541.9 3437.8 3339.4 3248.7 3163.8 3086.6 3012.2 2938 2856.3 2762.4 
 2646.6 2502.1 2341.3 2166.7 1996.1 1844.3 1734 1681.2 1664.4 1624.5 
 1562.8 1431 1254.7 1054.4 914.05 766.98 584.3 332.93 190.29 30.267 
 7.3752 6.6842 6.4524 6.3376 6.1121 6.1934 6.2746 6.3559 6.4371 6.5184 
 6.5996 6.6809 6.7621 6.8434 6.9246 7.2612 7.7329 8.3001 8.8774 8.9909 
 8.9916 9.3367 9.3392 9.8054 10.15 10.489 10.496 10.72 10.722 10.771 
 10.819 10.868 10.916 10.965 11.013 11.062 11.037 11.012 10.987 10.962 
 10.937 10.912 10.888 10.863 10.838 10.813 9.9084 9.0981 8.4145 8.4128 
 8.2993 8.3017 8.6535 9.1092 9.2276 9.6917 10.035 10.611 10.963 11.423 
 12.234 12.796 12.912 13.026 13.044 13.062 13.08 13.098 13.116 13.135 
 13.153 13.171 13.189 13.207 13.225 13.244 13.262 13.715 14.298 14.65 
 15.107 15.571 16.022 16.03 16.369 16.716 16.826 16.714 16.714 16.714 
 18.052 
4604.6 4618.1 4631.9 4649.3 4666.1 4686.2 4707.8 4729.4 4752.6 4777.1 
 4804.1 4832.5 4861.7 4891.4 4920.8 4951 4981.6 5012.3 5042.3 5073 
 5104.7 5134 5164.7 5194.5 5221.1 5245.7 5268.5 5290.3 5310.6 5328.8 
 5345.1 5359.1 5371.7 5383.6 5393.3 5400 5402.6 5402 5395 5384.4 
 5373.5 5360.1 5342.4 5320.7 5296.7 5269.1 5237.4 5203.8 5169.8 5137.7 
 5105.7 5072.7 5035.1 4992.1 4944 4888.3 4826.1 4763.1 4701 4640.3 
 4580.3 4519.8 4461.7 4402.4 4344.5 4285.3 4231.4 4185.9 4169.2 4177.2 
 4199.5 4229.7 4228.3 4180.6 4074 3879.8 3602.4 3266.7 2897.8 2526.7 
 2180.8 1881.1 1605.6 1355.1 1110.3 875.48 614.45 431.66 281.55 105.55 
 13.881 13.863 13.844 13.826 13.807 13.789 13.771 14.353 14.582 14.928 
 15.051 15.392 15.849 16.082 16.085 16.197 16.319 16.661 17.134 17.713 
 18.166 18.749 19.093 19.264 19.436 19.607 19.778 19.949 20.121 19.66 
 19.319 19.082 18.738 18.275 18.059 17.842 17.626 17.41 17.193 16.977 
 16.761 16.544 16.194 15.964 15.851 15.843 15.503 15.267 14.919 14.694 
 14.692 14.578 14.581 14.581 14.58 14.579 14.578 14.577 14.576 14.575 
 14.457 14.115 13.991 13.644 13.185 12.594 12.029 11.682 11.335 11.368 
 11.401 11.433 11.466 11.499 11.531 11.564 11.597 12.847 13.323 14.121 
 14.462 14.465 14.584 14.936 15.424 16.664 16.776 16.776 16.776 16.776 
 18.052 
4604.6 4605.3 4606 4608.4 4613.5 4619.6 4629 4640.4 4653.9 4667.8 
 4684.1 4700.1 4719.2 4742.7 4766.3 4793.4 4821.2 4852.7 4882.6 4912.8 
 4940.7 4967.8 4991.2 5016.3 5038.2 5059.7 5080.5 5096.8 5111.4 5124.5 
 5136.1 5147.6 5159.8 5173.2 5185.6 5201 5215.5 5229.4 5240.6 5249 
 5255.6 5257.7 5256.7 5248.3 5234.3 5213.8 5187 5160.3 5141.1 5119.9 
 5101.7 5080.5 5061.8 5045.1 5035.3 5037.2 5039.2 5046 5053 5058.4 
 5064.6 5076.5 5088.2 5112 5146.3 5187.6 5244.7 5324.3 5403.7 5453.6 
 5460.9 5393.4 5237 4970.8 4567.9 4081.3 3595.1 3131.6 2748.9 2436.4 
 2180.7 1946.4 1723.8 1528.7 1350.1 1189.6 1025.5 841.43 589.63 145.75 
 126.97 108.18 89.399 70.615 51.832 33.048 14.265 14.619 15.069 15.42 
 15.883 16.338 16.805 17.368 17.723 18.301 18.751 19.108 19.669 19.901 
 20.129 20.482 20.938 21.281 21.628 21.627 21.625 21.624 21.623 21.621 
 21.49 20.922 20.34 19.773 18.855 18.769 18.683 18.597 18.511 18.425 
 18.34 18.254 18.232 18.21 18.188 18.167 18.145 18.123 18.101 18.037 
 17.972 17.907 17.842 17.778 17.713 17.648 17.583 17.017 16.796 16.906 
 16.677 16.211 15.868 15.176 14.607 14.605 14.365 13.451 12.997 13.011 
 13.025 13.039 13.053 13.068 13.082 13.096 13.11 13.124 14.036 14.497 
 15.413 16.679 17.027 17.483 17.487 17.832 18.173 18.172 18.056 17.712 
 18.052 
4604.6 4588.8 4573.8 4561.7 4552 4542.3 4534.7 4527.5 4522 4517.9 
 4516.1 4516.4 4517.3 4519 4522.6 4530.3 4538.1 4549.1 4560.4 4569.8 
 4581.1 4593.1 4604.3 4615.6 4625.5 4633.3 4634.6 4634 4631.4 4625.6 
 4619.1 4610.6 4600.7 4593.1 4586.6 4578.5 4568.8 4558 4553 4544.7 
 4538 4535.5 4531.1 4520.4 4508.5 4493.2 4473 4453.5 4432.3 4410.3 
 4383.7 4357.5 4333.2 4309.2 4283.3 4256.1 4232.9 4210.6 4192.8 4177.6 
 4163.9 4148.7 4137.6 4133.5 4134.4 4146.5 4169.7 4206.1 4255.1 4323 
 4403.3 4462.3 4446.1 4317.7 4068.3 3702.6 3254.4 2809.2 2390.9 2032.2 
 1729.5 1490.3 1294.9 1134.7 994 867.06 739.53 596.24 422.26 75.379 
 12.115 11.668 11.688 11.709 11.73 11.75 11.771 12.118 12.342 12.687 
 12.925 13.265 13.728 14.423 14.77 15.558 16.03 16.612 17.298 17.882 
 18.35 18.918 19.269 19.953 20.192 20.08 20.08 20.08 19.967 19.964 
 19.851 19.621 19.159 19.136 19.112 19.088 19.065 19.041 18.814 18.239 
 17.783 17.738 17.693 17.648 17.603 17.558 17.513 17.468 17.422 18.003 
 18.344 18.349 18.464 18.122 18.005 17.665 17.316 16.973 16.852 16.735 
 16.507 16.389 15.71 15.132 14.892 14.437 14.425 14.199 14.194 13.402 
 13.386 13.044 13.04 12.926 12.81 12.81 12.924 13.149 14.053 14.304 
 15.215 16.359 16.952 17.425 17.655 17.771 18.109 18.117 17.888 17.318 
 18.052 
4604.6 4575.8 4546.8 4518.6 4489.3 4462 4432.2 4403.6 4376.9 4350.6 
 4325.5 4299.2 4275.8 4252.8 4229.9 4208.4 4187.7 4168.9 4150.3 4133.7 
 4116.4 4101.5 4085.6 4068.5 4051.5 4033 4013.8 3992.7 3970.3 3947.6 
 3923.2 3898 3871 3841.5 3807.9 3772.2 3735 3697.7 3660.2 3620 
 3583.9 3547 3507.3 3466.4 3426.6 3385.2 3339.8 3295.2 3251.1 3205.2 
 3155.8 3100.3 3041.4 2980.1 2916.6 2849.7 2781 2709.7 2635 2554 
 2471.9 2387.8 2304.3 2223.3 2140.8 2058.3 1978.5 1903.9 1832 1761 
 1693.5 1626.7 1561 1497.1 1439.6 1385 1339.3 1291.5 1213.7 1113.6 
 998.44 862.52 720.47 577.71 442.2 324.68 226.08 143.19 73.681 14.934 
 13.119 11.304 9.489 7.6741 5.8591 5.864 6.3098 7.0092 7.4587 7.6973 
 8.1597 8.7261 9.3025 9.7685 10.341 10.793 11.253 11.719 11.952 11.845 
 11.957 12.071 12.186 12.525 13.208 13.79 14.361 14.6 14.603 14.715 
 14.494 14.488 14.467 14.446 14.424 14.403 14.382 14.361 14.34 14.319 
 14.298 14.277 14.256 14.235 14.214 14.193 14.172 14.151 14.143 13.574 
 13.553 13.533 13.513 13.493 13.473 13.453 13.789 14.24 14.479 14.414 
 14.349 14.285 14.22 14.155 13.81 13.869 13.927 13.985 14.043 14.102 
 14.16 14.218 14.277 14.335 14.393 14.451 14.51 14.568 14.626 14.685 
 16.176 16.548 16.67 16.561 16.446 16.332 16.214 16.212 16.212 16.212 
 18.052 
4604.6 4569.5 4531.5 4495.1 4454.8 4414.5 4375.2 4334.6 4293.9 4252.2 
 4209.9 4165.7 4121.9 4076.9 4031.9 3987.2 3943.4 3899.6 3858 3817 
 3778 3740.5 3701.8 3665.1 3629.1 3595.6 3561.6 3527.7 3495 3462.8 
 3431.1 3396.6 3362.1 3326.7 3290 3253.8 3215 3174.3 3130.2 3081.6 
 3027.4 2974.4 2921.3 2867.7 2812.2 2754.2 2692.7 2629.8 2566.3 2497.4 
 2428.9 2353.8 2277.1 2196.8 2114.6 2033.1 1949.6 1869 1789.2 1707.8 
 1629.7 1551 1473.6 1398.2 1325.9 1255.1 1185.7 1118 1049.4 982.37 
 913.94 845.08 777.12 707.38 639.31 570.77 504 445.73 391.19 344.02 
 299.7 258.18 220.03 185.43 151.55 119.85 89.95 58.27 26.854 5.1978 
 1.4985 1.7235 1.843 1.8436 1.9576 2.534 2.9841 3.2278 3.5634 4.0249 
 4.4923 4.7204 5.1813 5.415 5.6442 5.8704 6.4405 7.1353 7.4817 7.5986 
 7.7156 7.8325 7.9495 8.0664 8.1834 8.1598 8.1363 8.1127 8.0892 8.0657 
 8.8539 10.704 12.783 13.579 13.938 14.392 14.63 14.977 15.32 15.554 
 16.117 16.357 16.474 16.566 16.658 16.75 16.842 16.934 16.911 16.889 
 16.867 16.845 16.823 16.485 16.253 16.134 16.017 16.016 16.131 15.905 
 15.451 15.327 14.988 15.094 14.911 14.729 14.547 14.365 14.183 13.48 
 13.145 13.021 12.79 12.675 12.332 11.985 12.097 11.987 13.674 15.859 
 16.924 16.878 16.832 16.786 16.74 16.694 16.647 16.601 16.592 16.592 
 18.052 
4604.6 4565.9 4524 4482.3 4439.2 4395.8 4350.3 4303.8 4255.9 4207.1 
 4155.6 4104.7 4053 4000.8 3948 3895.4 3842.5 3790 3738.7 3688.6 
 3639.6 3591.3 3545.2 3500.1 3455.5 3413.9 3372.1 3331.5 3291.7 3255.1 
 3217.7 3178.3 3137.9 3095.3 3053.1 3008 2962.2 2915.7 2863.9 2809.6 
 2754.9 2698.3 2639.4 2575.1 2512.4 2448.3 2382.6 2317.2 2250.2 2182.1 
 2115.4 2046.9 1975.9 1905.4 1833.2 1762.4 1689.1 1617.7 1545.6 1474 
 1404 1334.4 1266.3 1199.5 1135.7 1074.9 1014.1 954.68 891.48 827.86 
 763.81 699.06 632.61 566.3 505.7 449.39 397.86 352.14 308.91 269.51 
 233.31 199.43 167.83 138.07 111.52 85.354 56.27 34.047 11.996 2.4027 
 1.0349 1.1471 1.2635 1.3764 1.6063 1.7238 2.2844 2.5299 2.7531 3.2095 
 3.4478 3.9008 4.4784 4.7124 5.0533 5.1697 5.3978 5.8567 6.4241 7.0066 
 7.5709 8.2646 8.6174 9.0748 9.5359 10.111 10.229 10.345 10.683 10.69 
 10.803 10.691 11.492 12.957 14.699 16.18 16.434 16.406 16.378 16.35 
 16.322 16.294 16.266 16.238 16.183 16.129 16.075 16.02 15.966 15.912 
 15.857 15.803 15.749 15.411 15.068 14.272 14.026 15.514 16.773 16.783 
 16.67 16.327 16.098 16.093 15.863 14.709 13.682 12.548 12.182 11.38 
 11.265 11.15 11.035 11.443 11.85 12.258 12.666 13.073 13.481 13.888 
 15.156 16.648 17.12 17.24 17.019 16.667 16.441 16.325 16.437 16.21 
 18.052 
4604.6 4568.4 4532.2 4495 4456.3 4418.4 4379.7 4338.1 4296.8 4253.9 
 4211.9 4168.4 4125.4 4082.6 4039.1 3996.8 3953.7 3911.2 3868.6 3827.3 
 3788.2 3750.3 3713.2 3677 3641.9 3606.3 3571.6 3537 3502.6 3468.2 
 3433.1 3398.3 3362.4 3324.5 3288.8 3248.3 3207.2 3165.5 3121.9 3076.3 
 3028.9 2979.5 2926.7 2867.7 2806.8 2742.9 2678.7 2611.5 2542.8 2471.7 
 2398.8 2325 2249.3 2171.1 2091.7 2010 1927.9 1845.4 1762.9 1679 
 1597.7 1517.3 1437.7 1362.3 1290.8 1218.8 1149.9 1082.2 1016.5 951.3 
 886.61 818.18 749.63 679.64 611.27 543.42 481.49 425.36 373.62 328.07 
 284.29 244.42 206.03 171.86 138.45 106.58 74.181 44.315 16.073 3.8178 
 2.1854 2.2974 2.4142 2.4151 2.7557 3.1027 3.4405 3.7958 4.1308 4.3656 
 4.7132 5.1665 5.6303 5.6353 6.0881 6.207 6.7717 7.2384 7.8057 8.2749 
 8.6264 9.0767 9.4247 9.6567 9.547 9.5455 9.6584 9.317 9.2028 9.2005 
 9.8729 11.03 12.298 12.754 12.993 13.671 14.248 14.946 15.741 16.213 
 16.662 17.127 17.359 17.479 17.55 17.621 17.691 17.762 17.833 17.145 
 16.911 16.899 16.887 16.876 16.864 16.852 16.841 16.829 16.817 16.806 
 16.794 16.678 16.341 15.987 15.985 15.753 14.612 12.914 11.653 11.749 
 11.844 11.939 12.035 12.13 12.225 12.32 12.416 12.511 12.606 14.793 
 15.741 16.659 17.581 18.604 19.636 19.889 19.556 19.101 18.861 18.407 
 18.052 
4604.6 4578.3 4552.4 4526.6 4500.5 4474 4447.5 4420.9 4396.9 4371.7 
 4346 4319.9 4295 4269.4 4245.4 4222.1 4199.6 4177.5 4155 4134.2 
 4113.1 4093 4072.9 4053.1 4033.1 4013.2 3990.9 3967.6 3942.9 3917.6 
 3889 3862.2 3832.1 3800 3770.2 3738.1 3706.4 3674.4 3639.9 3606.6 
 3571.2 3535.6 3500.5 3463.3 3426.6 3387.1 3347.2 3306.3 3262.7 3215.6 
 3165.1 3108.8 3048.7 2987.7 2924.6 2860.2 2791 2720.4 2647.9 2574.2 
 2501.3 2425.1 2348.8 2269.6 2191.1 2113.9 2039.5 1963.9 1889.2 1816.1 
 1748.6 1681.1 1619.3 1563.2 1511.6 1465.3 1419.1 1347.4 1240.3 1106.5 
 956.99 799.5 645.87 500.63 369.71 260.04 170.69 96.45 39.062 32.794 
 26.525 20.257 13.988 7.7199 7.6092 7.7224 8.0608 8.6461 8.8699 9.1022 
 9.6807 10.136 10.714 11.064 11.523 11.864 12.211 12.674 13.131 13.369 
 13.602 13.715 13.717 13.944 14.061 14.406 14.862 15.1 15.061 15.023 
 14.985 14.946 14.908 14.87 14.755 14.754 14.867 14.945 15.023 15.1 
 15.178 15.256 15.334 15.331 15.235 15.138 15.042 14.946 14.857 14.768 
 14.679 14.589 14.5 14.411 14.521 14.636 15.207 16.135 16.106 16.077 
 16.049 16.02 15.991 15.962 15.934 15.905 15.449 14.879 14.645 14.527 
 13.181 12.569 12.449 11.65 12.165 12.68 13.195 13.71 14.225 16.215 
 17.16 17.175 17.288 17.065 16.724 16.368 16.254 16.14 15.561 15.561 
 18.052 
4604.6 4593.1 4582.1 4573.1 4563.4 4555.1 4548 4542.4 4537.4 4533.4 
 4531.4 4530 4529.2 4529.1 4530 4531.9 4534.7 4537.2 4540.5 4543.7 
 4548.9 4553.1 4556.9 4560.8 4565.9 4570 4575.5 4580.3 4584.9 4588.2 
 4588.7 4587.8 4583 4576.5 4572.3 4564.9 4555.1 4543.5 4534.1 4522.5 
 4508.1 4496 4484.9 4473.1 4459.3 4443.3 4428.6 4411.1 4387 4358.6 
 4329.1 4299.5 4269.6 4243.4 4220.1 4197.6 4176.1 4157.4 4141.8 4126.1 
 4116.9 4111.6 4106.3 4104.2 4110.4 4137.8 4174.3 4222.8 4286.3 4358.4 
 4430.3 4483 4463 4315.7 4009.9 3553.3 3002.4 2448.8 1977.1 1614.4 
 1359.3 1176.1 1038.1 932.47 835.83 728.16 602.1 437.44 176.1 16.028 
 13.883 13.907 13.93 13.953 13.976 13.999 14.339 14.464 14.801 14.922 
 15.385 15.502 15.963 16.542 17.119 17.574 18.49 19.083 19.655 20.242 
 20.472 21.047 21.4 21.383 21.365 21.347 21.33 21.312 21.294 20.722 
 20.258 20.017 19.869 19.721 19.573 19.425 19.277 19.129 18.981 18.398 
 18.421 18.443 18.465 18.487 18.509 18.737 19.206 19.884 19.956 20.029 
 20.101 20.174 20.246 20.247 20.134 20.018 19.673 19.207 18.744 18.629 
 18.627 18.513 18.399 18.396 17.946 17.466 16.55 15.521 14.378 13.444 
 12.972 12.384 11.689 11.342 11.108 11.107 11.221 11.223 12.911 15.341 
 16.298 17.338 17.811 18.269 18.168 18.165 18.165 17.824 17.354 17.011 
 18.052 
4604.6 4606 4611.6 4617.4 4626.3 4634.8 4646.6 4658.1 4671.8 4687.3 
 4705.7 4723.7 4743.8 4762.4 4780.4 4798.2 4818.1 4840 4864.2 4890.4 
 4916.3 4942.4 4967.2 4991.4 5014.6 5037.5 5062 5084.5 5107.3 5127.7 
 5143.8 5158.7 5172.1 5184.9 5197.3 5206 5207.5 5206.9 5203.1 5200.8 
 5192.4 5181.5 5170.4 5155.7 5141.2 5125.4 5107.9 5095.6 5082.2 5067.2 
 5058.4 5049.5 5037.9 5027 5015.7 4999.2 4982 4966.8 4958.6 4957.5 
 4962.1 4972 4984.4 5004 5025.6 5046.1 5075.4 5103.3 5135.3 5152.6 
 5133.2 5040.6 4843.5 4470.9 3982.4 3433.3 2897.3 2453.7 2104.3 1837.8 
 1603 1403 1240.1 1099.7 979.12 849.2 705.32 472.68 102.09 17.513 
 15.659 15.53 15.527 15.64 15.986 16.322 16.999 17.822 18.619 19.642 
 19.894 20.58 21.152 21.735 22.081 22.772 23.229 23.463 23.918 23.924 
 24.265 24.497 24.839 24.957 25.183 25.077 25.187 24.964 24.501 24.05 
 23.474 23.349 22.785 22.208 21.628 21.51 21.397 21.279 21.261 21.243 
 21.224 21.206 21.187 21.169 21.05 20.711 20.607 20.503 20.399 20.295 
 20.191 20.088 19.984 19.88 19.776 19.672 19.568 18.881 18.064 17.256 
 16.462 15.764 15.307 14.728 14.035 13.918 13.862 13.806 13.75 13.694 
 13.638 13.582 13.349 12.893 12.539 12.311 12.764 14.346 14.377 14.606 
 15.057 15.522 15.753 15.868 15.985 16.443 16.333 16.332 16.332 16.445 
 18.052 
4604.6 4622.5 4640.5 4660.7 4682.1 4703.7 4725.9 4749.2 4773.7 4799.3 
 4824.9 4852.1 4880.2 4908.8 4936.6 4964.9 4990.7 5018 5048.4 5079.7 
 5112.1 5142.2 5171.5 5199.1 5226.9 5254.2 5278.4 5301.3 5323.9 5343.1 
 5356.9 5368.5 5376.7 5377.9 5374.7 5368.1 5360.2 5349.9 5336.9 5317.9 
 5298.7 5275.9 5257.5 5236.9 5212 5185.3 5152.2 5114.6 5069.2 5022.7 
 4974 4921.7 4870.4 4817.9 4756.6 4694.9 4629.5 4563.6 4493.6 4417.2 
 4341.4 4260.6 4181.4 4097.5 4017.8 3940.2 3879.4 3846 3837.5 3852.9 
 3893 3953.7 4003.5 4005 3895.8 3640.4 3257.9 2826.7 2415.4 2073.3 
 1782.5 1527.4 1290.5 1062.6 841.91 592.55 412.34 263.46 87.811 77.196 
 66.581 55.965 45.35 34.734 24.119 13.504 13.967 14.316 14.657 15.001 
 15.352 15.696 15.933 16.271 16.273 16.618 16.739 17.209 17.891 18.117 
 18.218 18.319 18.42 18.521 18.621 18.722 18.823 18.924 18.696 18.464 
 18.118 18.116 18.004 18.111 17.947 17.782 17.618 17.454 17.289 17.125 
 16.961 16.499 16.452 16.404 16.357 16.31 16.263 15.923 15.81 15.346 
 15.111 14.927 14.743 14.559 14.376 14.192 14.079 14.073 13.847 13.612 
 13.148 12.685 12.107 11.771 11.768 11.533 11.191 11.166 11.142 11.117 
 11.092 11.068 11.043 11.018 10.994 10.969 11.203 11.892 12.589 12.928 
 13.51 13.97 14.31 14.438 15.014 16.271 16.272 16.384 16.271 16.271 
 18.052 
4604.6 4633.6 4662.8 4691.7 4719.2 4747.1 4774.3 4800.5 4824.5 4849.4 
 4872.9 4897.2 4920.3 4943.5 4965.1 4986.2 5005.3 5023.3 5038.6 5053.2 
 5067 5079.7 5091.7 5101.3 5109.3 5116 5119.4 5120.6 5120.7 5117.4 
 5110.8 5102.8 5090.7 5073.3 5056.2 5035.2 5011.4 4982.9 4951.5 4918.2 
 4880.5 4838.3 4791.8 4743 4689.1 4633.4 4573.8 4507.8 4437.7 4365.8 
 4290.3 4208.2 4121 4036.3 3945.7 3847.1 3743.2 3636.6 3532.1 3425.7 
 3325.2 3231.6 3140.2 3051 2968.3 2885.9 2796.6 2699.9 2589.5 2465.1 
 2316.2 2154.2 1984.9 1820.8 1671.5 1552.8 1469.3 1424.7 1403.3 1356.5 
 1269.9 1120.8 964.55 868.14 770.44 636.44 404.21 261.38 63.635 8.0265 
 7.126 6.7761 6.4308 6.209 6.2312 6.2533 6.2755 6.2977 6.3199 6.342 
 6.3642 6.3864 6.4085 6.4307 6.4529 6.9003 7.0139 7.0264 7.3588 7.3667 
 7.5909 7.7171 8.1656 8.515 8.7537 9.2031 9.4361 9.6613 9.9046 10.464 
 10.581 10.69 10.578 10.564 10.115 9.5376 9.4892 9.4407 9.3923 9.3439 
 9.2954 9.2972 9.2989 9.3007 9.3024 9.3042 9.306 9.0791 9.0807 9.0823 
 9.0839 9.0855 9.0871 9.0887 9.793 10.586 10.813 11.16 11.384 11.507 
 11.858 12.303 12.31 12.531 12.421 12.537 12.628 12.719 12.81 12.901 
 13.072 13.242 13.412 13.583 13.753 13.923 14.094 14.264 15.08 15.764 
 16.1 16.209 16.097 16.104 16.338 17.014 16.902 16.902 16.901 16.785 
 18.052 
4604.6 4640 4674.1 4707.8 4740.4 4769.5 4797 4820.8 4844.5 4865.9 
 4886.5 4903.3 4917.9 4930.4 4940.9 4950.5 4958.3 4964.2 4966.2 4967.5 
 4966.9 4962.8 4955.7 4945.5 4933.9 4916.9 4896.2 4873.8 4846.9 4816.9 
 4782.5 4745.3 4705.4 4663.9 4620.8 4577.2 4534.6 4490.9 4444.7 4398.4 
 4347.9 4291.9 4230.7 4167.2 4100.6 4032.9 3965.2 3894.5 3818.2 3738.6 
 3658.8 3572.4 3481.7 3391.2 3295.6 3195 3091.7 2978.9 2861.4 2740.7 
 2612.4 2475.3 2340.2 2196.3 2054.2 1917.4 1789.3 1670.6 1560.3 1455.6 
 1343.5 1228.8 1112.6 996.07 881.09 773.1 676.51 587.76 509.25 436.84 
 366.88 307.7 258.62 209.85 163 118.28 78.855 37.541 6.7627 2.2984 
 2.074 2.051 2.0279 2.0049 1.9819 1.9588 1.9358 1.9127 1.8897 1.904 
 1.9182 1.9325 1.9468 1.9611 2.0808 2.4191 2.8875 3.2263 3.2292 3.4609 
 3.6872 3.6927 3.9182 4.0351 4.2906 4.5461 4.8017 5.0572 5.3128 6.0048 
 6.4585 6.9225 7.2627 7.7222 7.8509 8.4152 8.6426 8.8744 9.1027 9.1031 
 9.4524 9.6786 9.9166 10.37 10.371 10.423 10.476 10.528 10.58 10.632 
 10.684 10.736 10.788 10.84 10.861 10.882 10.903 10.924 10.945 10.966 
 10.987 11.008 11.029 11.051 11.072 11.093 11.114 11.135 11.083 11.031 
 10.979 10.927 10.875 10.823 10.771 10.719 11.203 13.244 13.62 13.995 
 14.37 14.745 15.121 15.496 15.871 16.247 16.247 16.247 16.247 16.247 
 18.052 
4604.6 4641.9 4677.3 4710.6 4743.1 4773 4799.8 4823.7 4845.2 4863.1 
 4880 4892.5 4903.3 4910.7 4915.4 4916.5 4917.1 4915.8 4911.1 4905 
 4896.1 4884.1 4867.8 4848.8 4827.7 4802.3 4773.5 4741.1 4707.3 4670.7 
 4631.4 4590.9 4546.7 4500 4450.3 4400.4 4350.7 4299 4245.9 4190.8 
 4135.7 4078.3 4019.2 3955.7 3891.4 3828 3761.6 3692.4 3619 3542.2 
 3463.1 3381 3288.1 3188.4 3088.3 2983.7 2872.5 2756.9 2633.8 2507.8 
 2382.2 2251.1 2121 1996.7 1880.2 1766.5 1654.4 1538.5 1414.3 1282.8 
 1150.8 1020.8 901.92 789.9 683.55 590.81 512.02 441.62 379.84 323.93 
 274.53 230.85 191.05 154.21 120.12 84.133 54.781 25.079 5.4247 1.1483 
 1.0333 1.0339 1.0345 1.0352 1.0358 1.0364 1.0371 1.0377 1.0383 1.039 
 1.0396 1.0402 1.3813 1.4937 1.3796 1.6127 1.8463 2.192 2.533 3.1016 
 3.2204 3.3354 3.4485 3.4529 3.6784 3.792 3.6807 3.7901 3.702 4.6048 
 5.3039 6.5596 7.1281 7.3602 7.4724 7.703 7.8211 8.0506 8.1532 8.2557 
 8.3583 8.4609 8.5634 8.666 8.7686 8.8711 8.9404 9.0098 9.0791 9.1484 
 9.2177 9.287 9.3564 9.4257 9.3347 10.589 10.6 10.611 10.622 10.632 
 10.643 10.654 10.665 10.676 10.686 10.697 10.708 10.719 10.73 10.74 
 10.751 10.762 10.773 10.784 10.794 10.805 10.819 11.839 13.585 14.857 
 15.987 16.798 17.473 17.593 17.818 18.045 17.932 17.939 18.274 18.162 
 18.052 
