IESNA:LM-63-2002 
[TEST] 4791498147.3-9a
[TESTLAB] UL-CCIC Company Limited
[ISSUEDATE] 2024-11-18
[MANUFAC] Foshan MLS Technology Co., Ltd.
[LUMINAIRE] Low Bay Luminaires (Commercial and Industrial)
[LUMCAT] BPANEL-50S54-UNV-D-8SC61-14-G-WH-H
[BALLAST] 120VAC 60Hz 
TILT=NONE
1 -1 1 181 17 1 2 1.163 0.252 0
1 1 49.5
0 1 2 3 4 5 6 7 8 9 10 11 12 13 14 15 16 17 18 19 20 21 22 23 24 25 26 27 28 29 30 31 32 33 34 35 36 37 38 39 40 41 42 43 44 45 46 47 48 49 50 51 52 53 54 55 56 57 58 59 60 61 62 63 64 65 66 67 68 69 70 71 72 73 74 75 76 77 78 79 80 81 82 83 84 85 86 87 88 89 90 91 92 93 94 95 96 97 98 99 100 101 102 103 104 105 106 107 108 109 110 111 112 113 114 115 116 117 118 119 120 121 122 123 124 125 126 127 128 129 130 131 132 133 134 135 136 137 138 139 140 141 142 143 144 145 146 147 148 149 150 151 152 153 154 155 156 157 158 159 160 161 162 163 164 165 166 167 168 169 170 171 172 173 174 175 176 177 178 179 180 
0 22.5 45 67.5 90 112.5 135 157.5 180 202.5 225 247.5 270 292.5 315 337.5 360 
2123.656 2131.640 2129.320 2126.540 2126.740 2125.450 2123.010 2120.320 2112.020 2107.460 2107.170 2096.590 2089.220 2081.130 2068.660 2061.180 2049.620 2043.710 2034.970 2022.660 2015.190 1998.770 1984.770 1967.120 1950.390 1929.670 1914.770 1895.480 1880.570 1861.290 1842.940 1822.330 1806.920 1787.980 1767.730 1750.460 1727.930 1705.570 1683.790 1654.690 1622.190 1593.460 1567.720 1535.610 1505.450 1472.220 1443.940 1409.720 1379.250 1347.810 1315.150 1282.760 1250.290 1218.250 1183.010 1152.280 1120.060 1086.500 1051.710 1023.970 989.877 957.138 927.679 892.149 865.261 831.106 801.783 771.537 740.100 716.474 686.515 656.681 622.227 588.698 550.321 510.897 471.478 433.234 395.038 358.560 323.439 289.106 256.125 223.227 192.625 162.718 133.725 106.211 80.106 55.896 32.261 14.855 4.104 3.541 2.563 2.431 2.297 2.033 2.863 1.732 2.507 1.742 2.182 1.976 1.741 2.444 1.764 2.041 1.923 2.575 1.326 2.003 1.807 1.944 2.654 1.696 2.335 1.804 2.091 2.019 1.964 2.384 1.872 2.466 1.870 2.504 1.851 2.459 2.401 2.265 2.690 2.194 2.936 2.252 2.903 2.472 2.977 2.753 2.788 3.263 2.703 3.490 2.865 3.515 2.875 3.569 2.966 3.422 3.143 3.496 3.199 3.519 3.201 3.571 3.262 3.699 3.275 3.888 3.298 3.858 3.846 3.556 4.290 3.919 4.087 4.545 4.087 4.540 5.084 4.800 4.801 4.903 5.297 5.496 5.423 5.532 5.901 6.114 6.397 6.286 5.361
2123.656 2125.470 2125.630 2125.200 2122.200 2120.830 2113.880 2113.040 2108.670 2107.330 2097.320 2091.080 2079.440 2073.800 2059.740 2048.780 2041.840 2031.180 2018.530 2011.230 1998.720 1989.080 1974.920 1959.130 1937.750 1920.890 1905.160 1878.470 1865.990 1844.450 1827.790 1807.620 1786.270 1768.120 1748.720 1728.050 1712.740 1688.850 1661.210 1636.800 1610.000 1581.970 1551.190 1523.870 1487.890 1461.510 1430.070 1399.080 1362.900 1333.420 1303.200 1266.100 1234.420 1201.540 1166.730 1134.120 1102.530 1066.140 1035.090 1001.860 967.823 937.876 902.600 870.086 837.884 806.950 771.390 742.149 712.573 684.794 654.728 623.283 593.800 561.919 530.100 494.926 456.708 419.076 380.626 344.487 308.337 273.780 239.690 208.007 175.852 146.124 117.756 89.365 64.465 39.367 19.615 6.609 3.799 3.025 2.253 2.578 1.920 2.251 1.752 2.422 1.764 2.093 2.204 1.695 2.253 1.645 2.499 1.593 2.314 1.796 2.044 2.026 1.559 2.384 1.979 1.948 2.455 1.806 2.460 1.693 2.587 1.985 2.395 2.292 2.117 2.755 2.087 2.804 2.096 2.800 2.301 2.735 2.649 2.535 2.857 2.585 3.139 2.494 3.347 2.709 3.235 3.121 2.917 3.503 2.909 3.645 2.943 3.459 3.155 3.463 3.223 3.500 3.289 3.313 3.417 3.491 3.349 3.425 3.469 3.898 3.413 4.107 3.824 3.858 4.501 4.193 4.345 5.058 4.727 4.699 5.131 5.563 5.727 5.962 5.916 5.613 5.385 5.982 5.961 5.946 5.361
2123.656 2117.580 2117.130 2118.370 2112.990 2107.050 2107.720 2105.300 2102.040 2098.960 2090.170 2083.740 2069.560 2060.220 2049.080 2039.430 2025.830 2019.140 2008.770 1997.660 1987.210 1973.340 1962.060 1946.300 1924.070 1906.870 1888.890 1867.500 1849.880 1828.490 1809.510 1790.120 1769.970 1750.910 1732.870 1710.720 1692.200 1670.330 1646.320 1622.760 1596.020 1568.450 1538.630 1506.290 1477.860 1442.870 1411.420 1383.430 1347.410 1314.490 1284.190 1249.100 1218.850 1183.070 1150.790 1116.600 1081.140 1050.500 1014.320 981.006 949.962 915.876 882.374 850.278 815.219 784.506 752.641 718.620 693.876 661.009 631.115 598.893 569.184 538.412 508.217 472.432 436.779 399.528 360.924 324.523 288.544 254.438 220.495 189.029 157.310 127.611 99.549 71.772 47.535 23.957 9.102 3.890 3.170 3.286 2.476 3.002 2.065 2.969 1.218 2.441 1.863 1.970 2.093 1.745 2.284 1.648 2.571 1.796 2.133 1.687 2.115 2.170 1.993 2.403 1.858 2.650 1.940 2.249 2.473 1.903 2.683 2.030 2.657 2.375 2.215 2.643 2.075 2.871 2.192 3.005 2.347 2.899 2.750 2.512 3.006 2.547 3.233 2.546 3.278 2.692 3.256 3.109 2.861 3.614 2.850 3.521 3.309 3.260 3.433 3.028 3.794 3.067 3.698 2.972 3.692 3.047 3.740 3.343 3.739 3.680 3.730 4.255 3.744 4.124 4.560 4.173 4.602 5.086 4.659 4.724 5.266 5.509 5.506 5.618 5.678 5.703 5.266 5.337 5.031 5.054 5.361
2123.656 2114.550 2112.440 2113.230 2110.950 2103.880 2100.380 2094.190 2097.110 2087.180 2083.980 2070.030 2062.080 2050.780 2040.910 2026.580 2020.570 2006.080 1997.330 1986.010 1975.920 1962.450 1946.910 1934.580 1912.860 1892.380 1871.760 1855.250 1834.050 1814.100 1796.060 1772.420 1753.900 1737.660 1714.290 1698.030 1677.790 1656.080 1632.010 1608.950 1575.440 1544.420 1517.070 1486.540 1454.160 1422.840 1392.350 1358.560 1327.460 1296.050 1262.270 1225.340 1195.350 1162.150 1126.950 1091.610 1060.220 1027.070 993.463 958.872 924.187 893.456 857.754 826.486 794.051 758.368 728.438 700.927 668.088 636.819 606.716 574.842 543.925 515.323 484.622 453.160 418.927 383.140 345.510 307.907 272.797 235.947 203.300 170.243 138.543 109.585 80.310 54.949 29.440 10.809 3.514 2.897 2.304 1.791 2.264 1.686 2.081 1.713 2.428 1.831 1.912 1.999 1.693 2.251 1.598 2.456 1.713 2.241 2.203 1.966 2.388 1.721 2.502 2.083 2.305 2.470 1.964 2.670 2.003 2.579 2.307 2.466 2.681 2.342 2.925 2.197 3.018 2.333 2.865 2.565 2.782 2.889 2.613 3.228 2.517 3.250 2.663 3.202 2.953 3.014 3.341 2.816 3.474 2.847 3.545 2.900 3.587 3.187 3.430 3.313 3.488 3.166 3.520 3.161 3.726 3.188 3.724 3.250 3.991 3.381 3.829 4.142 3.705 4.292 4.469 4.087 4.402 4.909 4.812 4.493 4.378 4.516 4.596 4.674 4.670 4.591 4.801 5.375 5.171 5.360 5.361
2123.656 2113.310 2109.340 2111.530 2107.480 2100.430 2100.550 2091.870 2091.040 2085.320 2074.820 2065.950 2054.080 2044.220 2033.810 2021.190 2012.110 2002.910 1989.910 1978.720 1969.000 1955.040 1938.950 1919.180 1900.850 1879.150 1863.100 1843.110 1825.730 1805.290 1788.700 1764.030 1747.440 1730.670 1713.230 1687.900 1667.180 1643.150 1615.760 1583.280 1558.070 1526.950 1496.090 1470.190 1436.930 1403.490 1372.960 1342.870 1309.190 1278.340 1246.050 1211.800 1174.010 1145.130 1111.900 1076.550 1045.280 1010.160 977.043 942.213 912.641 874.977 844.266 812.300 780.292 745.959 717.821 687.824 655.977 624.432 594.021 564.044 533.755 503.065 470.532 435.404 399.014 360.788 324.907 287.842 252.240 219.000 184.847 153.996 122.723 94.199 66.597 40.363 17.509 4.138 2.796 1.891 2.454 1.411 2.501 1.247 2.076 1.645 2.317 1.725 2.046 2.193 1.538 2.326 1.620 2.470 1.948 2.363 1.891 2.011 2.269 1.905 2.569 1.952 2.659 1.964 2.595 2.168 2.545 2.383 2.383 2.664 2.199 2.880 2.246 2.981 2.330 3.099 2.433 3.037 2.685 2.854 3.046 2.566 3.328 2.625 3.342 2.984 2.984 3.201 2.936 3.368 2.853 3.489 2.886 3.556 3.039 3.550 3.159 3.568 3.196 3.426 3.255 3.502 3.337 3.585 3.202 3.834 3.262 3.874 3.652 3.643 4.393 3.728 3.927 4.522 4.233 3.948 4.353 4.776 4.778 4.472 4.314 4.461 4.596 4.977 5.062 4.482 4.958 4.741 5.361
2123.656 2114.650 2115.040 2112.660 2106.810 2106.640 2099.110 2092.740 2088.670 2086.490 2078.720 2066.900 2055.830 2040.890 2036.990 2019.390 2009.670 1997.720 1989.400 1973.590 1965.190 1950.690 1935.340 1917.720 1898.870 1879.870 1860.070 1840.430 1823.150 1798.880 1781.650 1762.400 1738.230 1719.560 1702.220 1680.240 1663.430 1637.290 1611.810 1583.890 1553.030 1524.610 1493.030 1462.340 1433.150 1399.330 1366.810 1335.320 1302.150 1271.440 1234.500 1202.080 1169.190 1134.440 1101.390 1067.140 1033.500 997.949 965.344 930.839 898.823 865.167 831.675 797.875 764.675 730.320 704.447 673.685 640.765 610.177 579.279 548.749 518.074 488.991 459.127 425.999 392.147 354.486 317.416 281.490 245.826 211.511 178.891 146.675 116.296 87.614 59.804 35.327 12.124 3.918 2.098 2.439 2.218 1.969 2.190 1.547 1.511 1.229 2.048 1.272 2.317 1.543 2.031 1.926 1.612 2.366 1.805 2.124 1.494 1.919 2.076 2.031 2.361 1.913 2.650 2.103 2.614 2.281 2.393 2.373 2.351 2.698 2.227 2.970 2.195 2.952 2.248 3.004 2.450 2.939 2.758 2.747 2.966 2.673 3.215 2.527 3.328 2.700 3.233 2.966 3.147 3.134 3.176 3.545 2.873 3.533 3.228 3.459 3.208 3.352 3.220 3.509 3.213 3.452 3.307 3.628 3.165 3.777 3.130 4.007 3.403 3.786 3.924 3.586 4.219 4.337 3.892 4.032 4.692 4.365 4.136 4.162 4.270 4.283 4.399 4.521 5.068 4.906 5.339 5.090 5.361
2123.656 2120.740 2120.440 2117.570 2111.730 2111.040 2107.320 2103.860 2102.210 2094.630 2086.350 2071.670 2065.240 2048.220 2039.710 2023.350 2015.860 2005.300 1994.630 1985.120 1970.280 1953.760 1940.810 1920.420 1898.350 1883.660 1859.870 1845.150 1824.960 1802.280 1782.840 1767.430 1744.940 1724.720 1710.380 1685.630 1660.750 1637.340 1610.980 1578.850 1550.240 1520.390 1489.460 1460.230 1425.480 1395.220 1364.610 1329.230 1297.710 1265.600 1232.980 1197.810 1162.960 1132.700 1096.390 1064.660 1029.350 995.548 962.285 929.191 896.199 861.745 829.950 797.384 765.347 734.275 705.227 673.491 643.123 611.319 581.189 551.912 520.490 491.902 458.204 423.800 388.880 348.586 313.979 276.765 242.367 210.197 176.161 145.728 115.647 87.002 61.060 36.099 13.869 4.481 2.799 2.457 2.046 1.885 2.455 1.698 2.441 1.328 2.198 1.542 2.035 1.627 1.783 1.911 1.625 2.162 1.743 2.554 1.916 1.902 2.044 1.915 2.285 1.892 2.578 1.966 2.645 1.995 2.610 2.035 2.779 2.215 2.583 2.390 2.503 2.531 2.341 2.883 2.237 3.093 2.405 3.059 2.611 2.931 2.928 2.667 3.381 2.685 3.485 2.892 3.431 3.117 3.209 3.314 3.116 3.632 3.068 3.774 3.019 3.741 3.064 3.731 3.022 3.710 3.040 3.787 3.178 3.779 3.214 3.814 3.685 3.530 4.159 3.646 4.005 4.441 4.135 3.929 4.449 4.795 4.676 4.627 4.736 4.946 5.154 5.369 5.129 5.030 5.139 4.991 5.361
2123.656 2127.660 2127.290 2126.070 2119.300 2117.950 2112.450 2109.740 2102.690 2099.870 2092.090 2075.840 2071.390 2054.200 2045.070 2032.710 2023.510 2008.850 1998.600 1990.120 1975.710 1964.400 1943.120 1925.150 1904.760 1886.420 1868.690 1846.100 1827.170 1808.320 1786.050 1767.270 1751.670 1726.420 1709.700 1690.100 1668.010 1639.700 1614.720 1584.570 1555.750 1524.670 1495.650 1463.030 1431.900 1399.420 1368.700 1333.750 1302.730 1268.050 1233.770 1204.020 1168.170 1133.830 1104.670 1068.850 1035.140 1001.240 968.203 933.763 902.942 867.395 837.229 803.943 770.618 738.226 708.260 681.121 649.746 618.621 588.410 558.361 529.032 498.639 467.181 432.180 396.656 358.757 322.449 285.569 250.996 219.000 185.550 154.620 124.401 96.061 69.322 43.594 20.933 6.579 3.311 2.522 2.275 1.964 2.507 1.845 2.413 1.663 2.265 1.769 1.976 1.664 1.704 1.916 1.300 2.237 1.495 1.877 1.831 2.010 1.867 1.925 2.095 1.830 2.514 1.891 2.603 2.053 2.374 2.139 2.137 2.520 2.106 2.760 2.125 2.868 2.438 2.459 2.807 2.392 2.907 2.424 3.143 2.498 3.267 2.570 3.292 3.147 2.853 3.480 2.894 3.577 2.921 3.584 3.204 3.464 3.519 3.252 3.594 3.246 3.877 3.078 3.845 3.234 3.759 3.204 3.793 3.451 3.545 4.043 3.433 4.228 3.770 3.955 4.348 3.830 4.226 4.796 4.603 4.309 4.744 5.079 5.311 5.327 5.433 5.352 5.280 6.136 5.802 6.146 5.361
2123.656 2129.510 2127.330 2121.660 2118.480 2115.150 2107.690 2105.900 2100.820 2102.170 2092.880 2081.270 2073.460 2058.560 2048.030 2037.460 2026.280 2015.460 2005.190 1995.760 1981.520 1968.300 1955.140 1933.140 1915.020 1898.460 1877.540 1857.750 1835.940 1818.290 1794.550 1776.570 1760.190 1737.200 1717.150 1702.090 1677.600 1656.280 1629.550 1600.480 1572.690 1540.760 1512.030 1485.450 1447.820 1417.580 1383.940 1352.600 1319.370 1288.810 1253.420 1219.470 1188.460 1150.690 1120.190 1084.580 1053.230 1017.200 987.143 951.090 919.711 885.575 854.188 819.864 787.514 755.839 723.820 696.857 665.910 634.639 603.777 573.442 543.925 514.968 483.784 451.746 417.042 379.979 343.752 307.271 271.122 238.377 204.838 173.325 142.837 113.051 85.475 59.068 34.577 13.725 3.999 2.985 2.148 2.624 2.024 2.392 1.754 2.228 1.440 1.819 1.569 1.458 1.991 1.365 1.751 1.914 1.463 1.845 2.198 1.154 2.031 1.830 2.015 1.986 2.026 2.428 1.757 2.428 1.781 2.284 2.346 1.946 2.604 1.863 2.233 2.756 2.120 2.668 2.386 2.461 2.652 2.351 2.927 2.444 3.130 2.441 3.198 2.593 3.130 2.974 3.232 3.359 3.019 3.586 2.921 3.667 2.944 3.685 2.982 3.691 3.074 3.787 3.108 3.817 3.140 3.930 3.364 3.817 3.552 3.721 4.093 3.497 4.286 4.075 3.977 4.767 4.677 4.330 4.754 5.297 5.386 5.269 5.322 5.445 5.576 6.160 6.385 5.795 5.966 5.804 5.361
2123.656 2125.230 2125.800 2119.440 2120.690 2116.650 2115.870 2112.420 2108.590 2098.590 2092.400 2082.610 2078.250 2065.980 2058.210 2049.130 2043.110 2029.700 2018.790 2003.810 1988.420 1973.220 1957.110 1939.110 1924.800 1909.900 1894.700 1878.540 1864.750 1844.610 1827.620 1804.670 1781.190 1758.720 1735.850 1708.890 1689.420 1665.580 1638.290 1617.150 1590.920 1563.750 1539.560 1515.560 1488.840 1460.170 1435.050 1407.900 1373.710 1347.540 1317.000 1280.850 1248.650 1216.020 1183.780 1147.140 1117.040 1084.640 1049.080 1017.570 982.843 949.762 917.798 886.418 850.354 819.216 783.119 747.985 717.839 684.458 647.820 610.309 575.296 537.964 503.710 469.603 434.944 402.411 370.027 338.785 306.690 276.765 245.540 216.169 185.456 155.598 126.511 97.709 71.666 46.144 24.217 8.256 3.511 3.029 2.583 2.926 2.137 2.561 1.765 2.209 1.560 1.730 1.738 1.448 2.098 1.443 2.260 1.723 1.950 1.755 1.694 2.214 1.399 2.242 1.715 2.403 1.718 2.292 1.900 1.989 2.288 1.869 2.596 1.931 2.666 2.072 2.487 2.392 2.359 2.602 2.224 2.795 2.199 2.956 2.274 2.922 2.653 2.809 3.042 2.685 3.408 2.675 3.420 2.767 3.353 3.069 3.255 3.164 3.198 3.408 3.147 3.426 3.253 3.323 3.193 3.507 3.446 3.384 3.762 3.188 4.065 3.517 3.926 4.275 3.844 4.426 4.915 4.405 4.794 5.435 5.708 5.588 5.493 5.649 5.740 6.127 5.744 5.533 5.283 5.704 5.361
2123.656 2118.510 2116.950 2117.430 2120.450 2115.790 2110.470 2109.840 2110.010 2103.070 2096.180 2090.130 2078.580 2069.400 2058.230 2050.420 2042.930 2032.330 2020.210 2015.250 2000.630 1992.530 1972.100 1960.340 1945.060 1922.630 1905.710 1884.060 1873.670 1850.250 1831.020 1814.360 1796.830 1777.300 1763.870 1742.400 1718.480 1698.460 1669.160 1644.110 1617.740 1585.920 1556.720 1531.060 1498.360 1466.090 1437.200 1404.780 1376.670 1343.460 1310.910 1279.360 1246.440 1212.930 1179.800 1150.310 1115.810 1082.940 1049.000 1018.070 983.897 950.698 920.241 884.530 852.649 825.197 791.463 759.067 726.605 703.419 670.547 640.702 611.095 579.756 546.486 511.366 473.034 434.296 397.131 359.141 322.737 286.257 254.021 219.288 187.771 157.240 127.408 98.656 72.401 47.301 24.680 9.620 3.479 3.287 2.344 2.551 1.555 1.744 2.112 1.667 1.966 1.591 2.021 1.362 2.097 1.624 2.292 1.522 2.239 1.692 1.521 1.837 1.508 2.298 1.463 2.224 1.931 2.093 1.948 1.990 2.260 1.904 2.479 1.898 2.577 2.028 2.497 2.244 2.269 2.634 2.126 2.834 2.192 3.047 2.341 2.907 2.598 2.876 2.810 2.752 3.095 2.778 3.222 2.775 3.380 2.834 3.522 2.847 3.628 2.938 3.648 2.863 3.515 3.118 3.719 3.058 3.579 3.300 3.575 3.759 3.390 4.235 3.819 3.939 4.579 4.341 4.285 4.832 5.221 5.089 4.933 4.760 4.778 4.914 4.899 4.924 5.507 5.264 5.480 5.528 5.361
2123.656 2112.710 2114.050 2115.620 2114.500 2113.410 2113.700 2105.160 2109.020 2104.220 2095.370 2091.400 2079.190 2073.900 2066.380 2055.830 2044.170 2037.320 2028.500 2016.060 2007.240 1999.220 1983.220 1968.720 1950.430 1936.420 1921.880 1897.550 1884.000 1863.020 1851.570 1829.080 1810.490 1793.900 1776.630 1757.510 1738.120 1718.620 1694.920 1667.220 1643.910 1611.930 1582.070 1554.730 1523.280 1492.480 1462.850 1432.600 1399.610 1372.950 1337.070 1304.650 1272.750 1240.600 1204.070 1174.670 1144.770 1108.320 1076.810 1043.520 1012.210 981.958 948.939 916.553 885.385 853.445 821.120 791.557 757.665 726.402 703.836 672.834 641.917 610.433 576.666 538.770 500.659 460.412 421.692 384.046 347.389 310.229 275.757 241.862 208.594 177.564 146.171 117.897 88.655 63.327 38.371 17.169 5.383 2.551 3.071 1.582 2.676 1.271 2.106 1.674 2.141 1.567 1.599 2.149 1.439 2.368 1.484 2.500 1.480 1.948 1.597 2.018 1.658 2.046 2.030 1.706 2.383 1.849 2.250 1.666 2.419 1.850 2.377 2.342 2.331 2.374 2.298 2.480 2.095 2.793 2.142 2.985 2.451 2.659 2.829 2.595 3.011 2.509 3.184 2.536 3.418 2.758 3.135 3.040 2.952 3.166 2.858 3.365 2.876 3.567 2.903 3.525 2.922 3.464 2.986 3.690 3.112 3.539 3.621 3.238 4.095 3.710 3.754 4.461 3.875 4.160 4.686 4.552 4.212 4.569 5.025 4.970 5.046 5.091 5.180 5.235 4.912 4.906 4.579 5.222 5.361
2123.656 2110.040 2112.910 2113.310 2114.000 2113.330 2113.330 2105.030 2101.580 2106.500 2094.010 2096.390 2082.520 2077.370 2064.780 2060.520 2048.510 2043.800 2031.650 2025.030 2013.750 2007.890 1994.610 1979.660 1964.260 1944.880 1930.720 1913.800 1893.640 1876.260 1861.730 1840.470 1825.100 1806.220 1788.620 1771.890 1752.050 1732.920 1710.280 1683.310 1660.150 1630.480 1599.840 1574.000 1544.540 1515.330 1484.180 1455.360 1421.210 1389.970 1361.750 1327.160 1295.340 1265.520 1231.760 1198.570 1167.420 1136.130 1100.210 1071.070 1035.900 1002.740 969.712 936.562 902.415 870.398 839.917 805.736 775.716 743.174 718.342 685.902 654.828 624.944 592.749 560.367 524.031 484.914 445.889 406.734 369.457 332.618 296.446 260.809 227.714 193.950 163.240 132.095 103.551 75.879 49.568 26.610 8.060 3.043 1.809 2.400 1.409 2.053 1.706 2.064 1.965 1.602 1.936 1.489 2.163 1.445 2.431 1.677 2.204 1.957 1.780 2.142 1.725 2.453 1.628 2.409 1.777 2.214 2.042 1.966 2.276 2.038 2.545 2.029 2.701 1.948 2.609 2.230 2.543 2.580 2.387 2.937 2.309 3.033 2.318 2.939 2.603 2.638 3.145 2.478 3.037 2.864 2.930 3.288 2.709 3.469 2.816 3.614 2.846 3.559 2.841 3.653 2.859 3.561 2.864 3.712 3.020 3.603 3.395 3.387 3.837 3.371 4.111 3.877 3.746 4.472 4.104 3.895 4.472 4.849 4.595 4.361 4.351 4.458 4.458 4.671 5.169 4.517 5.106 4.647 5.361
2123.656 2117.660 2116.760 2119.260 2119.920 2117.580 2117.300 2113.800 2110.730 2109.440 2103.390 2099.640 2088.290 2081.330 2072.930 2067.340 2053.170 2048.620 2039.830 2032.160 2020.070 2010.510 2000.540 1984.750 1966.990 1951.340 1934.140 1921.460 1900.060 1880.330 1869.270 1846.900 1828.940 1812.060 1795.090 1776.390 1758.080 1737.330 1716.740 1692.120 1664.410 1637.940 1611.490 1581.290 1552.830 1522.030 1493.320 1463.930 1432.570 1397.720 1368.600 1337.640 1303.930 1273.500 1239.390 1206.240 1175.380 1142.180 1108.730 1076.250 1042.800 1009.590 978.778 941.162 913.090 876.755 846.673 816.093 781.672 747.831 717.405 692.541 660.723 631.491 599.502 565.377 530.075 490.089 452.309 412.941 375.740 337.789 301.889 267.161 232.469 199.426 168.338 137.654 108.279 81.241 54.621 31.474 10.612 3.390 2.257 1.874 2.398 1.762 2.110 1.682 1.945 1.491 1.749 1.808 1.407 2.315 1.369 2.058 1.517 1.973 1.548 1.701 1.927 1.722 2.213 1.638 2.425 1.725 2.261 1.823 2.154 2.226 1.988 2.495 1.938 2.652 1.859 2.630 2.036 2.571 2.464 2.614 2.726 2.390 2.962 2.322 3.095 2.444 3.128 2.816 2.889 3.075 2.769 3.342 2.721 3.526 2.785 3.514 2.816 3.442 2.891 3.470 3.047 3.577 3.004 3.569 2.968 3.688 3.273 3.585 3.730 3.346 4.071 3.769 3.807 4.409 3.879 3.931 4.497 4.634 4.251 4.088 4.208 4.251 4.294 4.321 4.611 5.188 4.881 5.323 5.361
2123.656 2123.590 2125.010 2125.360 2124.790 2126.230 2118.370 2119.740 2116.750 2119.370 2110.590 2106.400 2095.060 2090.450 2076.400 2071.800 2059.480 2053.350 2044.330 2039.440 2023.530 2013.990 2003.190 1985.480 1970.680 1952.220 1939.440 1917.580 1901.340 1884.050 1868.590 1851.650 1835.540 1814.550 1797.360 1780.500 1760.870 1736.060 1712.560 1685.670 1659.600 1629.970 1603.180 1573.050 1545.550 1514.110 1485.240 1451.540 1421.570 1391.370 1358.210 1325.870 1293.430 1261.420 1229.600 1196.450 1161.830 1130.530 1097.740 1064.840 1032.850 999.630 967.136 932.657 902.817 868.337 838.066 806.752 772.751 745.107 714.362 687.734 657.773 626.891 592.783 557.865 519.052 479.941 440.616 401.822 364.476 327.695 293.489 257.532 224.289 191.744 161.429 131.273 103.309 75.762 51.072 28.259 10.428 4.222 2.302 3.076 2.003 2.208 1.643 2.080 2.050 1.720 2.015 1.431 2.076 1.505 2.361 1.503 2.075 1.070 2.036 1.656 2.062 1.786 1.748 2.362 1.732 2.243 1.617 2.312 1.704 2.511 2.076 2.231 2.298 2.189 2.485 2.145 2.744 2.127 2.805 2.213 2.831 2.497 2.760 2.857 2.602 3.182 2.532 3.262 2.683 2.914 3.187 2.826 3.368 2.692 3.525 2.857 3.609 2.995 3.591 3.018 3.659 2.957 3.720 3.054 3.698 3.067 3.794 3.302 3.572 3.947 3.371 4.044 3.833 3.748 4.507 4.444 4.057 4.185 4.591 4.718 4.906 4.971 5.013 4.809 4.841 5.620 5.335 5.620 5.361
2123.656 2125.640 2126.990 2129.400 2124.420 2124.940 2125.720 2126.410 2120.870 2118.910 2104.860 2102.560 2091.460 2087.280 2079.480 2068.780 2066.230 2052.300 2045.620 2032.440 2019.310 2004.160 1991.130 1975.590 1955.980 1942.550 1931.030 1912.530 1895.360 1884.990 1865.000 1847.810 1828.760 1804.170 1782.300 1760.610 1735.550 1708.580 1689.360 1664.390 1639.380 1613.630 1587.420 1558.920 1533.900 1506.880 1478.770 1453.880 1425.940 1396.660 1369.110 1342.210 1311.630 1281.700 1253.150 1219.250 1183.470 1151.860 1116.660 1081.440 1049.500 1011.190 977.629 941.821 907.712 872.883 840.377 804.761 770.631 737.489 709.157 676.240 641.174 606.353 570.488 534.966 497.257 461.013 424.793 391.479 356.850 323.984 290.639 260.381 229.260 200.541 172.374 144.392 118.176 91.496 66.019 40.906 19.207 5.982 2.968 3.237 2.172 2.610 1.674 2.636 1.907 1.979 2.155 1.615 2.177 1.623 2.490 1.562 1.828 1.443 1.611 2.053 1.268 2.074 1.527 2.224 1.536 2.146 1.929 1.915 2.264 1.816 2.427 1.809 2.615 1.949 2.708 2.026 2.594 2.253 2.649 2.497 2.542 2.792 2.343 2.989 2.495 3.158 2.538 3.294 2.716 3.239 2.911 3.214 3.322 2.978 3.543 2.946 3.749 2.992 3.777 2.990 3.700 2.965 3.708 3.091 3.699 3.307 3.530 3.838 3.453 4.057 3.637 3.832 4.358 3.921 3.936 4.524 4.683 4.534 4.355 4.659 5.081 5.403 5.507 5.351 5.513 6.046 6.136 6.000 5.361
2123.656 2126.960 2124.660 2129.740 2126.860 2125.280 2115.390 2117.310 2114.590 2109.140 2106.060 2094.340 2090.180 2079.520 2069.400 2060.140 2051.640 2041.520 2029.730 2023.830 2009.070 1999.680 1984.000 1969.140 1950.780 1929.130 1913.340 1895.100 1875.860 1859.760 1840.690 1821.760 1803.490 1786.250 1768.310 1746.330 1729.520 1704.020 1677.410 1654.060 1621.610 1594.270 1566.660 1535.710 1503.790 1471.910 1444.260 1415.750 1379.920 1345.600 1317.100 1283.520 1249.130 1217.970 1183.340 1151.270 1119.180 1085.200 1052.070 1021.470 986.527 954.796 922.560 888.642 854.919 822.832 792.760 760.681 729.569 703.284 673.200 642.474 612.463 581.838 550.459 516.387 479.732 440.196 402.350 365.644 328.250 292.986 258.623 226.664 193.122 163.169 132.894 105.073 77.626 53.011 29.433 11.335 3.597 3.273 3.125 2.258 3.079 2.391 2.768 1.655 2.207 1.945 1.923 2.123 1.622 2.367 1.724 2.343 1.535 2.156 1.988 2.032 1.893 1.755 2.234 1.743 2.326 1.695 2.515 1.815 2.343 2.119 1.851 2.521 1.788 2.672 2.045 2.734 2.260 2.500 2.510 2.401 2.703 2.377 2.986 2.412 3.152 2.513 3.104 2.752 2.966 3.276 2.843 3.470 2.851 3.619 2.978 3.626 3.109 3.553 3.179 3.591 3.333 3.387 3.162 3.779 3.140 3.790 3.297 3.875 3.768 3.682 4.417 3.891 3.980 4.478 4.669 4.348 4.712 5.228 5.354 5.164 5.182 5.399 5.554 5.939 6.394 5.727 6.339 5.771 5.361
