IESNA:LM-63-2002
[TEST] 1
[TESTLAB] 
[TESTDATE] 2024-12-23
[ISSUEDATE] 2024-12-23 16:01:03
[LAMPPOSITION] 0,0
[OTHER] EVERFINE GO-2000A_V1 SYSTEM
[MANUFAC] 
[LUMINAIRE] 20W-5000K
[LAMP] CP08-10-80L-S2D5C3
TILT=NONE
1 3485.3 1 181 17 1 2 0.250 0.250 0.000
1.000 1 20.4219
0.0    1.0    2.0    3.0    4.0    5.0    6.0    7.0    8.0    9.0    
 10.0   11.0   12.0   13.0   14.0   15.0   16.0   17.0   18.0   19.0   
 20.0   21.0   22.0   23.0   24.0   25.0   26.0   27.0   28.0   29.0   
 30.0   31.0   32.0   33.0   34.0   35.0   36.0   37.0   38.0   39.0   
 40.0   41.0   42.0   43.0   44.0   45.0   46.0   47.0   48.0   49.0   
 50.0   51.0   52.0   53.0   54.0   55.0   56.0   57.0   58.0   59.0   
 60.0   61.0   62.0   63.0   64.0   65.0   66.0   67.0   68.0   69.0   
 70.0   71.0   72.0   73.0   74.0   75.0   76.0   77.0   78.0   79.0   
 80.0   81.0   82.0   83.0   84.0   85.0   86.0   87.0   88.0   89.0   
 90.0   91.0   92.0   93.0   94.0   95.0   96.0   97.0   98.0   99.0   
 100.0  101.0  102.0  103.0  104.0  105.0  106.0  107.0  108.0  109.0  
 110.0  111.0  112.0  113.0  114.0  115.0  116.0  117.0  118.0  119.0  
 120.0  121.0  122.0  123.0  124.0  125.0  126.0  127.0  128.0  129.0  
 130.0  131.0  132.0  133.0  134.0  135.0  136.0  137.0  138.0  139.0  
 140.0  141.0  142.0  143.0  144.0  145.0  146.0  147.0  148.0  149.0  
 150.0  151.0  152.0  153.0  154.0  155.0  156.0  157.0  158.0  159.0  
 160.0  161.0  162.0  163.0  164.0  165.0  166.0  167.0  168.0  169.0  
 170.0  171.0  172.0  173.0  174.0  175.0  176.0  177.0  178.0  179.0  
 180.0  
0.0    22.5   45.0   67.5   90.0   112.5  135.0  157.5  180.0  202.5  
 225.0  247.5  270.0  292.5  315.0  337.5  360.0  
1172.3 1173.7 1172 1169.5 1168.1 1167.7 1168.8 1169.2 1167.5 1162.1 
 1154 1143.8 1134.2 1127.2 1125.3 1127.6 1130.8 1131.4 1126.8 1116.2 
 1101.2 1086.2 1073.1 1062.7 1053.5 1040.8 1021.5 995.79 965.35 935.73 
 908.41 885.01 863.37 840.43 815.38 787.99 760.67 733.92 708.09 682.84 
 656.94 632.57 609.84 590.92 575.98 565.41 559.3 557.43 558.06 559.91 
 561.62 562.57 564.2 569.23 578.91 592.08 606.53 618.77 627.3 634.7 
 644.82 662.03 685.42 710.17 729.38 737.12 731.46 713.33 683.58 641.39 
 587.3 526.39 462.81 398.38 336.39 283.95 244.54 215.73 196.13 176.54 
 157.53 139.35 121.98 107.19 96.305 86.046 76.051 67.739 59.969 53.528 
 48.053 43.453 39.948 36.795 33.934 31.566 29.392 27.508 25.818 24.312 
 22.804 21.254 19.733 18.254 16.823 15.493 14.195 13.035 12.024 11.17 
 10.463 9.8517 9.3306 8.8859 8.5061 8.1677 7.8497 7.5448 7.273 7.0212 
 6.7668 6.545 6.3501 6.1896 6.0669 5.9694 5.9167 5.9102 5.9037 5.9425 
 6.0008 6.0529 6.1239 6.189 6.2603 6.3378 6.4103 6.5073 6.5852 6.6629 
 6.7399 6.819 6.8967 6.9545 7.0325 7.0974 7.1628 7.2201 7.2925 7.3637 
 7.4282 7.4803 7.5385 7.5904 7.6362 7.6685 7.7333 7.7724 7.8178 7.8567 
 7.9088 7.9665 8.0256 8.0838 8.1482 8.2131 8.2723 8.3498 8.402 8.4724 
 8.5372 8.5963 8.6608 8.7191 8.7846 8.8362 8.8815 8.9337 8.9727 9.0115 
 9.0437 
1172.3 1173.3 1172.2 1169.8 1166.8 1165.6 1165.7 1165.8 1165 1162 
 1155.3 1146.4 1136.1 1126.7 1121.3 1119.3 1121.3 1123.7 1123.5 1118.9 
 1108.7 1094.7 1078.9 1065.1 1053 1042.9 1031.9 1016.1 994 967.73 
 938.78 911.05 885.75 863.59 843.08 821.65 797.9 772.14 745.61 719.5 
 693.97 669.28 644.47 620.44 596.83 575.72 557.65 542.71 532.13 524.73 
 519.74 517.05 516.14 516.42 517.86 521.03 525.29 531.05 538.77 548.22 
 560.29 574.74 591.03 609.47 629.21 649.88 670.3 686.18 691.02 679.72 
 650.72 610.28 562.38 507 447.79 392.57 337.48 292.34 256.1 226.07 
 200.2 177.41 156.15 136.18 118.92 103.81 89.598 77.701 66.843 57.148 
 48.605 41.442 36.51 32.248 28.536 25.397 22.644 20.218 18.237 16.494 
 14.888 13.461 12.23 11.174 10.272 9.5635 8.9401 8.4178 7.9662 7.6199 
 7.324 7.0695 6.815 6.5563 6.3189 6.1367 5.9685 5.8178 5.6827 5.5792 
 5.5072 5.4431 5.4431 5.4431 5.4496 5.4561 5.5149 5.5926 5.6705 5.7549 
 5.8587 5.9439 6.0411 6.1505 6.2416 6.3395 6.4427 6.5266 6.6109 6.6955 
 6.7796 6.8579 6.9289 7.0004 7.0653 7.1241 7.1885 7.2281 7.2927 7.3509 
 7.4031 7.4545 7.5064 7.5585 7.5911 7.6366 7.6882 7.7399 7.7918 7.8435 
 7.9021 7.9672 8.0324 8.097 8.1685 8.2335 8.3043 8.3698 8.4281 8.4933 
 8.5705 8.635 8.6934 8.7583 8.8171 8.8755 8.9205 8.9465 8.979 9.0308 
 9.0437 
1172.3 1174.2 1172.4 1169.8 1167 1164.3 1163.8 1163.5 1163.4 1162.4 
 1158.8 1152.9 1144.6 1134.1 1123.3 1112.7 1103.8 1097.3 1092.3 1090 
 1087.7 1086.8 1085.3 1081.5 1075.3 1065 1050.4 1034.1 1014.6 995.73 
 977.36 959.41 941.18 920.16 896.53 869 839.07 807.87 776.33 744.96 
 714.28 684.15 654.25 625.28 596.37 568.36 541.59 515.05 489.72 465.81 
 442.95 421.38 401.02 382.91 367.38 355.77 347.94 342.93 339.55 338.21 
 338.76 343.51 354.05 369.99 390.07 411.77 434.62 459.58 488.47 519.2 
 547.5 570.43 586.13 594.36 592.17 579.19 558.59 533.25 501.48 466.07 
 428.22 389.63 349.51 308 264.77 222.2 185.32 148.48 118.6 93.588 
 71.606 59.349 49.814 41.285 33.515 26.636 21.727 18.285 16.019 14.52 
 13.278 12.359 11.619 10.958 10.423 9.944 9.531 9.1695 8.8802 8.5834 
 8.2986 8.0253 7.6897 7.3439 6.9991 6.6653 6.3722 6.0664 5.7938 5.605 
 5.5404 5.5404 5.5598 5.5857 5.6436 5.67 5.7215 5.7734 5.8391 5.9164 
 5.9747 6.0658 6.1506 6.2339 6.3192 6.41 6.4943 6.5718 6.6563 6.7277 
 6.7855 6.8569 6.9088 6.9673 7.0263 7.0646 7.1102 7.1553 7.1818 7.2272 
 7.2594 7.2982 7.3244 7.3567 7.4024 7.4217 7.467 7.5184 7.5775 7.6426 
 7.7134 7.7724 7.8499 7.9277 7.9862 8.0634 8.1352 8.2 8.2717 8.3423 
 8.4143 8.4858 8.5572 8.6344 8.6999 8.752 8.8038 8.8619 8.901 8.953 
 9.0437 
1172.3 1174.7 1172.5 1170.3 1167.4 1166 1165.7 1164.4 1161.8 1156.7 
 1148.4 1138.6 1128.8 1121.5 1117.8 1117.2 1119.1 1119.7 1117.8 1109.8 
 1098.8 1085 1070.5 1058.2 1046.7 1033.8 1018.5 998.32 974.95 948.07 
 921.98 897.16 873.49 851.13 829.08 805.21 781.51 756.89 732.06 707.16 
 682.42 657.24 632.87 609.86 588.51 570.55 555.76 544.32 536.66 531.13 
 527.58 524.95 523.19 522.99 524.65 528.74 535.15 542.81 551.58 560.53 
 571.03 584.59 601.51 622.81 644.99 664.62 678.19 681.55 673.59 651.41 
 615.94 569.79 516.63 460.86 408.68 356.57 313.34 277.54 247.56 220.89 
 196.74 174.1 151.9 132.87 115.99 101.73 89.951 79.33 69.495 60.813 
 53.106 48.1 43.741 39.631 35.836 32.105 28.339 24.745 21.312 18.161 
 16.2 14.635 13.315 12.096 11.048 10.204 9.4449 8.8212 8.3413 7.9328 
 7.6001 7.2713 7.0089 6.7524 6.5389 6.3314 6.1743 6.045 5.9215 5.8255 
 5.7414 5.6761 5.6052 5.5923 5.5925 5.6119 5.6574 5.7159 5.7744 5.8393 
 5.904 5.9694 6.0533 6.1312 6.2226 6.3131 6.3968 6.482 6.5787 6.6564 
 6.7476 6.8188 6.884 6.975 7.0394 7.1174 7.183 7.2471 7.3052 7.357 
 7.3962 7.4414 7.4807 7.5261 7.5586 7.5908 7.6364 7.6755 7.727 7.7788 
 7.8306 7.8897 7.9539 8.0262 8.0839 8.1556 8.227 8.2849 8.3629 8.4346 
 8.4991 8.558 8.6291 8.7134 8.772 8.8365 8.8946 8.94 8.9984 9.0178 
 9.0437 
1172.3 1168.7 1166.8 1163.9 1162.1 1161.2 1160.9 1159.6 1155.4 1149.3 
 1139.2 1128.5 1119.9 1115.2 1114.1 1116.2 1117.7 1115.4 1107.2 1094.6 
 1079.7 1065.2 1052.9 1042.7 1030.9 1014.7 992.58 965.53 937.1 910.13 
 884.95 862.85 840.02 816.18 790.63 764.31 737.7 711.6 686.13 660.16 
 634.48 611.11 590.39 573.91 561.64 553.66 549.71 548.44 548.73 549.37 
 549.94 551.55 556.54 565.38 577.79 591.64 603.39 612.03 619.34 630.59 
 648.22 672.07 698.25 719.91 729.65 725.47 708.69 681.17 640.19 588.55 
 529.07 466.07 406.29 346.59 297.18 259.89 231.59 207.6 185.06 163.67 
 143.46 125.11 110.45 98.865 87.315 77.623 69.49 62.021 55.674 50.073 
 45.517 42.234 39.119 36.286 33.896 31.684 29.637 27.718 25.76 23.939 
 22.275 20.773 19.35 18.032 16.766 15.579 14.471 13.47 12.591 11.809 
 11.133 10.538 10.005 9.4992 9.0729 8.6986 8.3308 8.0292 7.7701 7.5567 
 7.3631 7.201 7.0648 6.9671 6.9093 6.9094 6.9354 6.9681 7.0332 7.0973 
 7.1558 7.2277 7.299 7.3634 7.4419 7.5194 7.6033 7.6749 7.7652 7.8432 
 7.9348 8.0061 8.0903 8.1551 8.2327 8.3043 8.3759 8.4273 8.4798 8.5376 
 8.596 8.6286 8.6609 8.6998 8.7324 8.7715 8.7911 8.8295 8.862 8.888 
 8.9205 8.9399 8.9659 8.979 9.0116 9.0438 9.0696 9.0955 9.1151 9.1346 
 9.1346 9.1604 9.154 9.154 9.154 9.154 9.154 9.154 9.154 9.154 
 9.0437 
1172.3 1168.8 1166.6 1163.2 1160.9 1159.1 1158.4 1156.4 1153.1 1147.1 
 1138.7 1128.3 1118.9 1111.3 1107.5 1106.9 1107.9 1107.7 1104.2 1095.9 
 1082.9 1068.5 1053.9 1041.6 1029.7 1016.9 1001.5 981.77 957.27 931.03 
 904.49 879.58 856.32 833.96 811.14 787.39 762.93 737.69 712.23 687.05 
 662 636.75 613.29 590.81 570.76 553.32 539.71 528.68 520.78 515.06 
 511.88 510.02 509.5 511.2 514.26 519.18 526.11 534.89 544.8 557.05 
 571.62 588.99 608.55 630.54 650.88 667.3 675.3 671.65 653.16 621.26 
 577.99 527.28 472.68 418.09 367.55 321.89 283.58 249.65 219.95 196.03 
 172.12 150.31 131.44 114.7 100.35 88.48 77.421 67.17 58.795 51.413 
 46.768 42.845 38.732 34.848 30.972 27.189 23.504 20.519 17.994 16.215 
 14.752 13.418 12.219 11.219 10.527 9.932 9.4456 9.0604 8.7409 8.4688 
 8.22 7.9831 7.7739 7.5546 7.3606 7.2024 7.0732 6.9427 6.8705 6.8065 
 6.7472 6.7019 6.6695 6.6629 6.6564 6.6563 6.6949 6.7655 6.8308 6.9085 
 6.9673 7.0577 7.1426 7.2393 7.3233 7.4151 7.5114 7.6033 7.6939 7.7778 
 7.8747 7.9657 8.0381 8.1157 8.174 8.2448 8.3097 8.3622 8.4077 8.4465 
 8.4854 8.5244 8.5503 8.5762 8.6023 8.6347 8.6609 8.6934 8.7127 8.7385 
 8.7646 8.7841 8.8098 8.8294 8.836 8.862 8.8944 8.9009 8.9331 8.9464 
 8.9528 8.9723 8.9788 8.9917 8.9983 9.0111 9.0242 9.0243 9.0243 9.0243 
 9.0437 
1172.3 1169.9 1166.5 1163.7 1160.1 1157.6 1156.1 1154.9 1152.9 1150.3 
 1145.3 1137.3 1128.4 1118.1 1107.5 1097.9 1090.3 1084.5 1080.1 1077.7 
 1075.6 1073.4 1069.8 1063 1052.9 1039 1022.5 1003.8 985.34 967.16 
 948.41 929.09 906.54 881.43 853.45 824.37 794.57 764.37 734.07 703.75 
 673.29 643.66 614.79 586.68 559.36 532.82 507.5 482.4 458.95 436.19 
 414.69 394.39 376.92 362.92 352.37 344.97 339.7 335.84 333.94 335.95 
 343.46 356.93 373.98 392.57 411.93 434.4 461.88 491.32 519.13 542.35 
 561.28 573.64 576.5 569.91 555.66 535.84 509.74 477.85 442.23 405.81 
 369.37 330.01 288.17 245.97 204.36 166.77 134.46 107.22 83.202 67.245 
 58.664 51.095 44.061 37.5 31.856 26.341 21.635 18.375 15.994 14.514 
 13.397 12.522 11.796 11.204 10.715 10.279 9.9184 9.6125 9.2971 9.0043 
 8.7084 8.3654 8.0215 7.6838 7.3893 7.1089 6.8502 6.6366 6.585 6.6174 
 6.6571 6.7217 6.767 6.8188 6.8639 6.9092 6.968 7.0205 7.0851 7.1561 
 7.2283 7.3179 7.397 7.4869 7.5777 7.663 7.7471 7.8239 7.9084 7.9809 
 8.0577 8.1226 8.1816 8.2395 8.2718 8.3172 8.3629 8.4014 8.4211 8.4535 
 8.4923 8.5183 8.5445 8.5705 8.609 8.6416 8.6741 8.7066 8.7328 8.7777 
 8.8168 8.8555 8.8751 8.901 8.9205 8.9532 8.9922 9.0178 9.0245 9.0439 
 9.0697 9.0632 9.0632 9.0632 9.0632 9.0632 9.0632 9.0632 9.0501 9.0372 
 9.0437 
1172.3 1170.6 1167.3 1164 1161.6 1160.1 1158.7 1156.3 1152 1144.7 
 1136 1126.3 1118.2 1113.5 1111.7 1111.9 1112.7 1110.2 1103.1 1092.3 
 1078 1063 1050 1037.9 1026 1011.2 991.72 968.4 942.44 915.77 
 890.29 867.02 844.8 821.88 798.18 772.94 746.91 721.08 695.68 669.79 
 644.46 619.42 595.51 573.59 554.57 539.58 527.57 519.05 513.13 509.21 
 506.51 504.95 505.08 507.55 512 518.41 525.94 534.09 544.33 557.68 
 575.15 595.36 617.99 641.14 661.19 676.45 682.36 672.55 646.15 606.84 
 557.94 502.57 444.55 388.99 341.82 300.99 266.59 237.52 212.04 188.43 
 164.83 141.7 122.13 106.6 94.099 82.929 72.883 64.107 56.434 50.786 
 46.761 42.824 39.191 35.925 32.638 29.192 25.747 22.561 19.3 16.581 
 14.841 13.548 12.455 11.51 10.692 10.034 9.5376 9.1416 8.8214 8.529 
 8.2604 7.9871 7.7687 7.5615 7.3515 7.1712 7.0207 6.9098 6.8134 6.7407 
 6.6955 6.6759 6.6565 6.6369 6.6433 6.7141 6.7787 6.8498 6.934 7.0121 
 7.0836 7.1676 7.265 7.3559 7.4341 7.5318 7.622 7.6993 7.7971 7.8814 
 7.9657 8.0373 8.1155 8.2065 8.2911 8.3428 8.3881 8.44 8.4791 8.5177 
 8.5566 8.5831 8.6025 8.6346 8.6671 8.6867 8.7191 8.7385 8.7709 8.81 
 8.8423 8.8683 8.8877 8.9008 8.9334 8.9658 8.9979 9.0048 9.0303 9.0501 
 9.0696 9.0826 9.0827 9.0955 9.0956 9.1151 9.1087 9.1086 9.1086 9.1086 
 9.0437 
1172.3 1170.9 1168.1 1165 1163.2 1162.5 1161 1158.8 1153.4 1144.9 
 1134.9 1125.4 1118.3 1115.9 1116.6 1118.2 1117.8 1112.3 1100.8 1086.1 
 1070.1 1056 1045.3 1034.6 1019.6 998.91 972.7 943.79 914.34 888.09 
 864.79 841.78 817.82 791.2 763.83 736.79 710.46 684.64 658.6 632.65 
 608 586.33 568.49 555.12 546.12 541.59 541.02 542.66 543.87 543.88 
 543.88 546.71 554.6 568.08 584.29 598.01 607.1 611.97 619.77 636.51 
 663 694.93 722.13 736.5 735.27 720.33 693.25 652.09 596.22 532.19 
 465.36 401.73 338.1 290.37 258.43 235.29 213.01 189.71 167.03 143.08 
 120.31 104.9 93.453 82.949 74.542 66.398 59.413 53.882 49.095 45.312 
 42.161 39.098 36.433 34.155 32.085 30.162 28.259 26.367 24.49 22.636 
 20.802 19.088 17.663 16.397 15.158 14.046 13.029 12.157 11.404 10.741 
 10.179 9.7077 9.3033 8.9436 8.6034 8.2742 7.9919 7.748 7.5309 7.3517 
 7.2011 7.1035 7.0136 7.0001 7.0005 7.0456 7.0845 7.1295 7.1753 7.2268 
 7.2927 7.357 7.4094 7.4864 7.5643 7.6364 7.7271 7.7976 7.882 7.9664 
 8.0443 8.1161 8.201 8.2657 8.3371 8.4018 8.4602 8.5178 8.5573 8.5829 
 8.5895 8.6287 8.6868 8.7583 8.7842 8.8102 8.8295 8.862 8.8946 8.914 
 8.9269 8.9594 8.9659 8.9788 9.0115 9.0373 9.0568 9.0697 9.0762 9.0891 
 9.0956 9.0956 9.0956 9.0956 9.0956 9.0956 9.0956 9.0892 9.0827 9.0698 
 9.0437 
1172.3 1171.2 1168.2 1165.4 1162.7 1161.5 1159.9 1157.4 1153.6 1146.9 
 1137.8 1128.7 1120.5 1115.5 1113.8 1114.1 1114.4 1112.2 1105 1093.8 
 1079.2 1064.1 1050.5 1038.2 1026.5 1012.8 993.63 970.26 943.23 915.36 
 889.86 866.45 844.25 822.09 797.84 772.23 746.19 719.66 694.18 669.56 
 644.53 619.77 595.59 572.98 553.47 537.52 524.79 515.68 509.23 505.76 
 503.61 502.8 502.87 504.7 508.13 513.86 522.41 533.12 545.45 559.07 
 573.76 590.45 611.67 638.06 663.17 682.51 688.85 678.47 652.21 612.83 
 562.31 504.58 442.46 384.42 336.38 297.01 265.73 237.95 213.66 190.14 
 166.63 141.93 121.3 105.28 92.298 81.332 71.499 63.064 55.174 49.407 
 45.467 41.944 38.415 34.801 31.328 27.959 24.699 21.677 18.932 16.253 
 14.013 12.807 11.85 10.995 10.202 9.5113 9.0148 8.6891 8.4277 8.2012 
 7.9887 7.8057 7.6259 7.4487 7.2541 7.1119 6.9881 6.9034 6.8197 6.761 
 6.7026 6.6825 6.6434 6.6368 6.6432 6.6951 6.7533 6.8176 6.8763 6.9676 
 7.0325 7.1159 7.2009 7.3044 7.3829 7.4792 7.5579 7.6477 7.746 7.8299 
 7.9134 7.9989 8.0697 8.1484 8.2194 8.2843 8.3361 8.3881 8.4403 8.479 
 8.5116 8.5376 8.5701 8.5961 8.622 8.6476 8.6739 8.6998 8.7193 8.7321 
 8.7323 8.7582 8.8035 8.8229 8.8488 8.875 8.9009 8.9205 8.9334 8.9526 
 8.9529 8.9722 8.9788 8.9853 8.9918 9.0047 9.0113 9.0307 9.0243 9.0243 
 9.0437 
1172.3 1172.8 1169.5 1166.1 1164 1161.9 1161.3 1160.1 1158.9 1155.2 
 1149 1141.1 1130.4 1120.2 1109.8 1100.9 1093.9 1088.8 1085.1 1082.6 
 1079.9 1076.7 1072.5 1064.4 1053.5 1037.9 1020.1 1000.7 981.64 963.56 
 945.03 925.81 904.26 878.57 851.01 821.3 790.76 760.19 729.71 698.91 
 668.91 638.9 609.69 581.11 552.95 526.26 500.44 475.97 453.03 431.3 
 410.56 390.66 373.3 359.34 349.29 343.23 339.56 336.98 335.41 336.07 
 342.16 354.96 373.78 396.05 417.89 440.02 464.35 493.77 524.33 549.31 
 569.02 581.19 583.95 576.37 559.36 538.2 512.43 480.48 444.56 408.04 
 371.51 333.55 291.9 249.25 206.99 168.9 136.59 109.42 85.513 68.773 
 59.885 52.493 45.952 40.123 34.471 28.885 23.926 19.221 16.234 14.719 
 13.534 12.538 11.744 11.128 10.589 10.144 9.7803 9.4594 9.1543 8.8696 
 8.5414 8.1783 7.8491 7.5175 7.2246 6.9286 6.6756 6.5009 6.5135 6.5524 
 6.6309 6.7021 6.7536 6.8056 6.8379 6.9094 6.9548 7.0203 7.0975 7.175 
 7.2658 7.3316 7.4158 7.5059 7.5967 7.6816 7.7659 7.8431 7.9219 7.9861 
 8.0709 8.1426 8.2071 8.2587 8.3046 8.35 8.3887 8.421 8.4405 8.4727 
 8.4986 8.5181 8.5505 8.5769 8.6025 8.6351 8.6612 8.6936 8.7259 8.7522 
 8.7971 8.8233 8.8426 8.8751 8.8946 8.9207 8.9529 8.979 8.9919 9.0049 
 9.0306 9.0243 9.0243 9.0243 9.0243 9.0243 9.0243 9.0243 9.0243 9.0243 
 9.0437 
1172.3 1172.8 1170.8 1168.3 1166.8 1165.8 1165.5 1163.3 1158.4 1151.6 
 1141.9 1131.7 1122.9 1117.4 1115.7 1115.7 1116.1 1113.4 1106.4 1095.5 
 1081.8 1067.1 1053.6 1040.9 1029.1 1014.2 996.1 974.24 948.85 923.25 
 897.57 873.79 850.9 827.59 804.43 780.27 755.59 730.41 705.09 680.48 
 655.88 632.03 609.63 588.28 569.84 554.29 541.16 531.57 524.08 518.88 
 515.14 513.09 513.14 515.11 519.73 525.4 532.32 539.4 547.76 558.5 
 573.65 592.79 613.88 633.43 648.66 658.58 662.04 657.06 638.29 605.72 
 561.08 511.01 457.03 402.19 352.37 309.18 274.81 245.45 221.07 200.49 
 179.96 156.93 135.91 117.8 103.25 91.825 81.398 71.678 63.2 55.576 
 50.395 46.141 42.269 38.693 35.247 31.723 28.167 24.554 21.151 18.352 
 16.323 14.772 13.451 12.222 11.224 10.419 9.7908 9.3622 9.0007 8.6945 
 8.4362 8.1752 7.9279 7.6923 7.469 7.2623 7.0675 6.9241 6.7995 6.7285 
 6.663 6.6044 6.5851 6.5657 6.5655 6.5974 6.6743 6.7592 6.8378 6.9338 
 7.026 7.1158 7.2189 7.2981 7.4023 7.5048 7.5963 7.7006 7.7966 7.8885 
 7.9794 8.0567 8.1416 8.2125 8.2907 8.3487 8.4079 8.4399 8.4853 8.5307 
 8.5377 8.5441 8.5506 8.6082 8.6539 8.6995 8.7127 8.7451 8.7772 8.8096 
 8.8359 8.8812 8.888 8.9009 8.9203 8.9396 8.9657 8.9788 9.0046 9.0112 
 9.0305 9.0436 9.0502 9.0567 9.0695 9.0697 9.0825 9.0827 9.0827 9.0827 
 9.0437 
1172.3 1168 1166.8 1164.9 1164.6 1164.8 1164.3 1161.4 1156.5 1147.3 
 1137 1127.8 1121.5 1119.6 1119.7 1120.9 1119.3 1112.8 1101 1086.3 
 1071.6 1057.9 1046.2 1034.7 1020.3 1001.1 977.04 950.08 922.56 896.08 
 872.17 849.32 825.53 800.84 775.8 749.55 723.8 699.05 674.21 649.98 
 627.52 607.04 589.04 575.13 564.66 557.68 554.32 553.37 554.35 556.28 
 558.65 562.31 567.83 576.06 586.63 598.33 609.57 619.69 629.95 642.34 
 658.18 677.1 694.66 707.42 711.8 705.49 687.59 656.08 612.12 560.4 
 501.98 440.79 381.99 326.52 279.99 245.04 220.79 203.55 186.3 168.56 
 148.94 128.61 110.99 97.711 85.538 76.863 68.859 61.527 55.271 49.725 
 45.255 41.924 38.755 36.007 33.475 31.31 29.208 27.182 25.239 23.244 
 21.333 19.559 18.027 16.628 15.339 14.093 12.993 12.018 11.164 10.419 
 9.7696 9.2107 8.7064 8.2816 7.8995 7.5423 7.2175 6.9429 6.7139 6.5213 
 6.3515 6.2039 6.08 6.0013 5.9304 5.8913 5.8843 5.8843 5.923 5.9753 
 6.0335 6.0784 6.1441 6.2155 6.2923 6.3838 6.4615 6.558 6.6427 6.7142 
 6.7926 6.8703 6.9289 7.0063 7.0709 7.1295 7.2007 7.2724 7.3312 7.3896 
 7.4475 7.4994 7.5577 7.6036 7.6359 7.6939 7.7396 7.7786 7.8242 7.8821 
 7.9274 7.9929 8.0509 8.1159 8.1867 8.2714 8.3305 8.4079 8.473 8.5502 
 8.6017 8.6675 8.7261 8.7901 8.8424 8.9006 8.9402 8.9983 9.0309 9.0828 
 9.0437 
1172.3 1170.6 1168.6 1166.6 1165.4 1164.5 1163.6 1162.4 1158.8 1151.5 
 1142.8 1133 1124.4 1118.9 1116.6 1116.6 1117 1115.9 1110.5 1100.5 
 1088 1073.7 1059.5 1047.4 1035.3 1022.7 1006.5 986.54 962.34 936.66 
 910.76 885.85 863.06 840.88 818.69 795.01 771.16 746.54 721.58 697.4 
 673.3 649.84 626.62 604.97 584.98 567.76 553.9 542.8 534.12 528.18 
 524.26 522.05 521.2 522.29 524.84 528.7 534.14 540.79 549.09 558.75 
 571.27 586.31 603.31 620.54 636.45 650.41 661.32 664.94 658.44 637.76 
 604.23 560.52 511.19 457.15 404.71 352.28 309.48 274.15 245.89 222.24 
 201.58 181.3 158.95 136.9 117.52 101.44 88.839 77.57 67.822 59.659 
 52.412 47.449 43.172 39.403 35.903 32.602 29.267 25.753 22.137 18.855 
 15.732 13.174 12.04 11.034 10.176 9.4193 8.8134 8.3284 7.9208 7.5738 
 7.2844 7.0362 6.77 6.5433 6.3493 6.1672 5.9931 5.8712 5.7606 5.6696 
 5.5916 5.5469 5.5404 5.5405 5.5538 5.5866 5.6572 5.7351 5.8264 5.9111 
 6.0016 6.0796 6.1774 6.2682 6.3581 6.4489 6.5279 6.6244 6.7084 6.7796 
 6.8449 6.9228 6.9943 7.0595 7.1235 7.1819 7.2474 7.2998 7.3637 7.409 
 7.4612 7.5128 7.5451 7.5845 7.6361 7.6754 7.7268 7.7723 7.8181 7.8827 
 7.9347 8.0002 8.0839 8.1427 8.2079 8.2783 8.3439 8.4084 8.4674 8.5317 
 8.5963 8.6554 8.7194 8.7648 8.8234 8.8626 8.9077 8.9532 8.9921 9.0243 
 9.0437 
1172.3 1171.5 1169.5 1167.3 1165.3 1163.5 1162.9 1162.5 1162.4 1160.4 
 1157.1 1151 1141.9 1131.2 1121.2 1110.8 1102.1 1095.6 1091.4 1088.7 
 1086.8 1085.6 1082.7 1077.8 1070.3 1058.8 1043.7 1026 1006.7 987.23 
 968.66 949.84 929.66 907.79 882.98 855.54 827.01 796.97 766.15 735.31 
 704.85 674.19 644.95 616.8 588.45 561.57 535.1 509.13 484.73 461.39 
 439.15 418 398.62 381.21 366.91 356.74 349.91 345.89 343.28 341.98 
 343.25 349.13 360.86 378.14 398.57 419.43 440.96 464.64 491.89 519.98 
 544.69 563.36 576.41 582.47 578.8 565.8 546.29 522.04 492.18 458.99 
 422.79 385.44 346.82 307.41 266.59 225.34 188.69 152.04 121.88 96.084 
 73.236 59.497 50.104 42.127 35.706 29.899 24.805 20.532 17.142 15.082 
 13.725 12.603 11.784 11.096 10.508 10.005 9.5711 9.2054 8.8901 8.5858 
 8.2937 8.0001 7.6656 7.3198 6.987 6.6708 6.3666 6.0809 5.8354 5.6588 
 5.6185 5.6183 5.6248 5.6698 5.715 5.7605 5.8064 5.8583 5.903 5.9619 
 6.033 6.1168 6.1954 6.2795 6.3765 6.4617 6.546 6.6299 6.6944 6.7792 
 6.8445 6.8957 6.9543 7.0129 7.0579 7.1039 7.136 7.1814 7.2271 7.2466 
 7.2787 7.3116 7.3374 7.3759 7.4085 7.4475 7.4931 7.538 7.5965 7.6554 
 7.7199 7.785 7.8629 7.9399 8.0117 8.0833 8.1603 8.2326 8.3043 8.3749 
 8.4395 8.5118 8.5894 8.6608 8.7191 8.7838 8.8359 8.8811 8.9271 8.979 
 9.0437 
1172.3 1172.6 1171.3 1168.8 1166.6 1165.5 1165.3 1165.3 1164.7 1161 
 1155.2 1146.6 1136.5 1128.1 1122.7 1121.1 1122.1 1123.8 1123.4 1118.3 
 1108.3 1094.4 1078.7 1064.7 1052.6 1041.6 1029.3 1013.3 991.65 965.87 
 937.84 910.13 885.08 862.4 841.08 818.03 794.62 769.15 742.89 716.58 
 690.47 665.43 640.82 617.16 594.48 574.02 556.99 543.09 532.81 525.69 
 521.11 518.27 516.63 516.36 518 521.27 526.38 532.54 540.46 549.76 
 561.51 576.02 594.01 613.57 632.82 651.15 667.37 678.97 681.03 668.5 
 639.16 598.55 550.01 495 437.24 383.79 330.39 287.81 252.69 223.7 
 199.01 178.36 158.62 138.69 121.22 105.98 93.1 81.977 71.962 62.735 
 54.588 47.798 42.738 37.954 33.78 29.948 26.35 23.249 20.994 18.959 
 17.107 15.416 13.944 12.719 11.637 10.719 9.9133 9.2493 8.7499 8.321 
 7.9638 7.6776 7.3982 7.1428 6.9021 6.6807 6.5051 6.3382 6.2066 6.0914 
 5.9803 5.8833 5.8122 5.7285 5.7221 5.7286 5.7417 5.7806 5.8326 5.8849 
 5.9494 6.0144 6.0985 6.1767 6.2672 6.3528 6.4369 6.5212 6.6181 6.6958 
 6.7796 6.8577 6.9354 7.0134 7.0848 7.1562 7.2215 7.2793 7.3378 7.3895 
 7.4285 7.4806 7.5259 7.5588 7.6038 7.6297 7.6689 7.7075 7.7462 7.7988 
 7.8565 7.9154 7.9735 8.0454 8.0975 8.1619 8.2338 8.2916 8.3766 8.4411 
 8.5055 8.5767 8.6483 8.7069 8.7912 8.843 8.9013 8.9595 9.005 9.0502 
 9.0437 
1172.3 1173.7 1172 1169.5 1168.1 1167.7 1168.8 1169.2 1167.5 1162.1 
 1154 1143.8 1134.2 1127.2 1125.3 1127.6 1130.8 1131.4 1126.8 1116.2 
 1101.2 1086.2 1073.1 1062.7 1053.5 1040.8 1021.5 995.79 965.35 935.73 
 908.41 885.01 863.37 840.43 815.38 787.99 760.67 733.92 708.09 682.84 
 656.94 632.57 609.84 590.92 575.98 565.41 559.3 557.43 558.06 559.91 
 561.62 562.57 564.2 569.23 578.91 592.08 606.53 618.77 627.3 634.7 
 644.82 662.03 685.42 710.17 729.38 737.12 731.46 713.33 683.58 641.39 
 587.3 526.39 462.81 398.38 336.39 283.95 244.54 215.73 196.13 176.54 
 157.53 139.35 121.98 107.19 96.305 86.046 76.051 67.739 59.969 53.528 
 48.053 43.453 39.948 36.795 33.934 31.566 29.392 27.508 25.818 24.312 
 22.804 21.254 19.733 18.254 16.823 15.493 14.195 13.035 12.024 11.17 
 10.463 9.8517 9.3306 8.8859 8.5061 8.1677 7.8497 7.5448 7.273 7.0212 
 6.7668 6.545 6.3501 6.1896 6.0669 5.9694 5.9167 5.9102 5.9037 5.9425 
 6.0008 6.0529 6.1239 6.189 6.2603 6.3378 6.4103 6.5073 6.5852 6.6629 
 6.7399 6.819 6.8967 6.9545 7.0325 7.0974 7.1628 7.2201 7.2925 7.3637 
 7.4282 7.4803 7.5385 7.5904 7.6362 7.6685 7.7333 7.7724 7.8178 7.8567 
 7.9088 7.9665 8.0256 8.0838 8.1482 8.2131 8.2723 8.3498 8.402 8.4724 
 8.5372 8.5963 8.6608 8.7191 8.7846 8.8362 8.8815 8.9337 8.9727 9.0115 
 9.0437 
