IESNA:LM-63-2002
[TEST] 1
[TESTLAB] 
[TESTDATE] 2024-12-23
[ISSUEDATE] 2024-12-23 16:17:12
[LAMPPOSITION] 0,0
[OTHER] EVERFINE GO-2000A_V1 SYSTEM
[MANUFAC] 
[LUMINAIRE] 20W-4000K
[LAMP] CP08-10-80L-S2D5C3
TILT=NONE
1 3384.6 1 181 17 1 2 0.250 0.250 0.000
1.000 1 20.2178
0.0    1.0    2.0    3.0    4.0    5.0    6.0    7.0    8.0    9.0    
 10.0   11.0   12.0   13.0   14.0   15.0   16.0   17.0   18.0   19.0   
 20.0   21.0   22.0   23.0   24.0   25.0   26.0   27.0   28.0   29.0   
 30.0   31.0   32.0   33.0   34.0   35.0   36.0   37.0   38.0   39.0   
 40.0   41.0   42.0   43.0   44.0   45.0   46.0   47.0   48.0   49.0   
 50.0   51.0   52.0   53.0   54.0   55.0   56.0   57.0   58.0   59.0   
 60.0   61.0   62.0   63.0   64.0   65.0   66.0   67.0   68.0   69.0   
 70.0   71.0   72.0   73.0   74.0   75.0   76.0   77.0   78.0   79.0   
 80.0   81.0   82.0   83.0   84.0   85.0   86.0   87.0   88.0   89.0   
 90.0   91.0   92.0   93.0   94.0   95.0   96.0   97.0   98.0   99.0   
 100.0  101.0  102.0  103.0  104.0  105.0  106.0  107.0  108.0  109.0  
 110.0  111.0  112.0  113.0  114.0  115.0  116.0  117.0  118.0  119.0  
 120.0  121.0  122.0  123.0  124.0  125.0  126.0  127.0  128.0  129.0  
 130.0  131.0  132.0  133.0  134.0  135.0  136.0  137.0  138.0  139.0  
 140.0  141.0  142.0  143.0  144.0  145.0  146.0  147.0  148.0  149.0  
 150.0  151.0  152.0  153.0  154.0  155.0  156.0  157.0  158.0  159.0  
 160.0  161.0  162.0  163.0  164.0  165.0  166.0  167.0  168.0  169.0  
 170.0  171.0  172.0  173.0  174.0  175.0  176.0  177.0  178.0  179.0  
 180.0  
0.0    22.5   45.0   67.5   90.0   112.5  135.0  157.5  180.0  202.5  
 225.0  247.5  270.0  292.5  315.0  337.5  360.0  
1143 1143.7 1142.1 1140.3 1138.5 1138.5 1139 1139.7 1138 1133 
 1124.3 1113.9 1103.4 1097.2 1095.3 1097.9 1101.7 1102.6 1098 1087 
 1072.1 1056.6 1044.6 1035.6 1027.6 1014.6 994.86 968.41 937.7 907.46 
 881.24 859.49 839.27 817.64 792.97 765.75 738.85 712.39 687.91 663.5 
 639.24 615.13 592.7 573.63 559.02 548.99 542.89 540.39 541.44 543.58 
 544.85 544.94 546.07 550.26 559.43 572.65 587.22 599.19 607.17 612.83 
 621.72 637.9 661.09 686.06 705.12 712.4 705.16 685.84 656.94 617.93 
 566.45 506.29 444.81 383.64 325.35 274.69 236.44 209.47 189.86 171.79 
 154.52 138.09 122.15 107.27 95.087 83.874 73.501 65.274 58.01 51.601 
 45.987 41.426 38.134 35.327 32.693 30.617 28.596 26.763 25.069 23.542 
 22.039 20.539 19.07 17.63 16.252 14.95 13.701 12.61 11.648 10.825 
 10.127 9.5451 9.0506 8.6231 8.2541 7.9257 7.6268 7.3258 7.0654 6.8214 
 6.5806 6.3721 6.1768 6.027 5.9179 5.8268 5.7553 5.7545 5.7545 5.7931 
 5.8383 5.897 5.9614 6.0329 6.1048 6.1758 6.2603 6.3376 6.4285 6.5125 
 6.5782 6.6627 6.7276 6.786 6.8564 6.915 6.9864 7.064 7.1229 7.1813 
 7.253 7.3114 7.3697 7.4148 7.4669 7.4993 7.5382 7.5836 7.6226 7.6807 
 7.7325 7.7779 7.8368 7.9009 7.9597 8.0185 8.077 8.1547 8.2189 8.2772 
 8.3484 8.3944 8.4595 8.5175 8.5825 8.6349 8.6804 8.7319 8.7647 8.8099 
 8.8361 
1143 1143.8 1143 1139.7 1137.7 1136.5 1136.3 1136.1 1135.8 1132.3 
 1126.4 1116.6 1106.2 1097.3 1091.5 1090 1092.1 1095.2 1096.2 1091.5 
 1081.4 1067.2 1050.9 1037 1025.7 1016.6 1006.1 991.05 969.68 942.93 
 913.67 885.81 861.2 839.66 820.01 798.83 775.73 750.54 724.57 698.68 
 673.95 650.41 626.45 603.19 580.08 559.47 541.9 527.74 517.31 509.8 
 505.05 502.58 501.51 501.95 503.11 505.56 509.66 515.25 523.28 532.89 
 544.35 557.68 572.85 589.96 609.1 630.14 650.73 665.73 669.25 656.6 
 628.32 588.85 542.37 488.83 431.73 378.1 324.55 282.13 247.53 219.26 
 194.25 171.87 150.68 130.76 113.75 99.513 86.243 75.287 64.73 55.152 
 46.819 40.054 35.417 31.382 27.709 24.702 21.957 19.607 17.654 15.982 
 14.427 13.06 11.863 10.829 9.9756 9.2816 8.6928 8.1805 7.7309 7.4053 
 7.1293 6.8743 6.629 6.3761 6.1567 5.9676 5.812 5.6684 5.5462 5.4493 
 5.3713 5.3132 5.3004 5.3004 5.3134 5.327 5.3848 5.4564 5.5417 5.626 
 5.7102 5.8012 5.8977 5.9954 6.0999 6.1962 6.287 6.378 6.4562 6.5404 
 6.618 6.6894 6.7604 6.8325 6.8905 6.9554 7.0203 7.0718 7.1306 7.1824 
 7.2209 7.2856 7.3247 7.3704 7.4092 7.461 7.5069 7.5525 7.6105 7.6496 
 7.7146 7.7727 7.851 7.9153 7.974 8.0518 8.0971 8.1753 8.2402 8.2986 
 8.3694 8.4282 8.4991 8.5572 8.6156 8.6676 8.7131 8.7389 8.7909 8.8232 
 8.8361 
1143 1144.4 1142.5 1139.6 1136.9 1134.1 1132.9 1133 1133.9 1133.2 
 1130.1 1124.5 1116.1 1105.5 1095.2 1083.5 1074.6 1067.8 1063.6 1060.3 
 1059.5 1058 1056.9 1052.7 1046.9 1035.9 1022.3 1005.2 987.26 968.36 
 950.48 932.61 913.67 893.28 870.09 843.41 814.24 784.01 753.42 722.86 
 692.58 663.45 634.39 606.64 578.54 552.01 525.54 500.29 475.52 452.27 
 430.54 409.24 389.9 373.01 358.64 347.42 339.55 334.11 330.86 330 
 332.12 337.59 347.35 361.61 379.38 399.65 421.99 446.38 473.85 501.38 
 527.84 550.02 566.28 573.17 570.64 557.96 537.95 513.5 483.49 449.54 
 412.67 375.19 336.38 296.75 254.55 214.08 178.5 142.95 114.31 90.264 
 68.867 57.09 47.905 39.753 32.381 25.723 20.987 17.707 15.5 14.056 
 12.865 11.972 11.258 10.622 10.098 9.651 9.249 8.9024 8.6136 8.344 
 8.0692 7.7868 7.4719 7.1382 6.8045 6.4874 6.1889 5.9027 5.644 5.475 
 5.4046 5.4042 5.4044 5.4563 5.5012 5.5402 5.5861 5.6314 5.6891 5.7676 
 5.8323 5.9173 5.9941 6.0791 6.1697 6.2471 6.3323 6.4094 6.4877 6.5526 
 6.6304 6.6888 6.754 6.8122 6.8574 6.9095 6.9482 6.9933 7.0262 7.0587 
 7.1035 7.1299 7.1624 7.1882 7.2269 7.2599 7.3053 7.3503 7.4021 7.4537 
 7.5259 7.5972 7.6684 7.7337 7.8043 7.8692 7.9538 8.012 8.0898 8.1486 
 8.22 8.2912 8.362 8.4275 8.4794 8.5446 8.6088 8.6675 8.6999 8.7583 
 8.8361 
1143 1144.3 1142.4 1139.8 1137.2 1136.6 1135.7 1135 1132.6 1128 
 1119.7 1109.4 1100.1 1092.8 1089.1 1088.6 1090.9 1091.9 1089.9 1082.7 
 1069.9 1056.5 1041.8 1029.2 1017.8 1006.4 991.42 972.33 948.57 922.18 
 896.22 871.49 849.12 827.78 806.27 784.22 760.4 736.65 711.88 687.78 
 663.45 639.41 615.04 592.6 571.83 553.45 539.06 527.43 519.35 513.69 
 510.2 507.78 506.14 505.8 507.3 510.89 517.51 525.45 534.06 543.01 
 552.9 565.34 582 602.55 624.47 644.11 656.96 660.06 651.69 630.12 
 595.96 551.4 500.92 446.47 396.01 345.58 303.69 269.13 240.23 214.34 
 190.44 168.06 146.18 127.4 111.62 98.03 87.009 76.794 67.276 58.879 
 51.465 46.653 42.529 38.646 34.984 31.345 27.645 24.138 20.755 17.659 
 15.727 14.201 12.933 11.748 10.727 9.9024 9.1759 8.5695 8.1034 7.7068 
 7.3749 7.0644 6.7971 6.5561 6.3481 6.1562 6.007 5.8706 5.7658 5.6691 
 5.5848 5.5207 5.4689 5.4561 5.4563 5.4762 5.5217 5.5737 5.6248 5.6897 
 5.7494 5.8262 5.9047 5.9818 6.0673 6.1512 6.2416 6.3257 6.4101 6.4954 
 6.5854 6.6635 6.7415 6.8131 6.8714 6.9486 7.0201 7.0785 7.1234 7.1823 
 7.2282 7.2791 7.3186 7.3571 7.3898 7.4349 7.4676 7.5004 7.5389 7.597 
 7.6495 7.7009 7.7729 7.8379 7.8961 7.9614 8.0324 8.0909 8.1686 8.2333 
 8.2977 8.3634 8.4281 8.506 8.5702 8.6289 8.6809 8.7454 8.7972 8.8167 
 8.8361 
1143 1141.5 1139.2 1136.6 1135 1134 1134.5 1133.3 1130.4 1123.2 
 1114.3 1103 1094.4 1088.8 1088.3 1089.9 1091.4 1089.1 1080.9 1068.2 
 1052.8 1038.6 1027.1 1017.6 1006.4 990.41 967.98 940.52 911.84 884.88 
 861.31 839.84 818.03 794.85 769.03 742.92 717.38 691.98 666.88 642.13 
 616.79 593.71 573.37 557.11 545.1 537.27 532.99 531.62 531.89 532.25 
 532.69 534.03 538.08 546.68 558.63 572.22 584 592.4 599.54 609.5 
 625.48 648.6 674.28 694.59 703.82 698.94 682.38 655.28 616.79 567.24 
 509.2 448.17 390.06 331.95 285.1 249.67 223.21 201.16 180.21 161.11 
 142.73 125.16 110.14 97.725 85.74 75.711 67.469 60.016 53.585 47.909 
 43.402 40.276 37.484 34.982 32.847 30.802 28.827 26.922 25.008 23.214 
 21.546 20.096 18.723 17.464 16.205 15.064 13.999 13.044 12.18 11.431 
 10.767 10.189 9.6731 9.2036 8.7885 8.4162 8.0786 7.7993 7.5332 7.3233 
 7.1483 6.9995 6.8694 6.773 6.7342 6.7278 6.7474 6.7995 6.8704 6.9224 
 6.9806 7.0459 7.1296 7.1886 7.2533 7.3252 7.4032 7.4805 7.5583 7.6303 
 7.7205 7.7924 7.8762 7.9408 8.012 8.0777 8.1554 8.2136 8.2719 8.3305 
 8.3692 8.4208 8.4539 8.4926 8.5311 8.5446 8.5831 8.622 8.6483 8.6806 
 8.7129 8.7451 8.7518 8.7845 8.8101 8.83 8.8686 8.8946 8.914 8.9204 
 8.9464 8.9464 8.9529 8.9529 8.9529 8.9529 8.9529 8.9529 8.9529 8.9529 
 8.8361 
1143 1141.4 1138.3 1134.9 1132.6 1131.2 1130.6 1129.3 1126.4 1120.6 
 1112.3 1101.6 1091.5 1084.1 1080.4 1080.2 1081.4 1081.7 1077.4 1069.3 
 1056.1 1041.3 1026.5 1014.6 1002.6 990.99 975.67 955.8 931.53 905.99 
 880.17 856.75 834.15 812.67 789.98 766.84 742.47 717.36 692.95 667.71 
 643.53 618.98 595.65 573.56 554.1 536.93 523.48 512.72 505.18 499.78 
 496.41 494.62 494.02 495.23 498.22 503.38 510.03 518.75 528.44 539.98 
 553.12 570.38 589.37 610.87 631.11 646.64 653.45 648.86 630.28 599.88 
 557.78 509.02 456.18 403.81 354.14 310.17 273.66 241.9 213.62 189.83 
 166.07 144.64 126.16 110.08 96.373 85.171 74.746 64.864 56.816 49.69 
 45.289 41.582 37.763 34.048 30.256 26.621 22.937 19.975 17.5 15.765 
 14.313 13.04 11.859 10.888 10.212 9.6334 9.1677 8.7922 8.4861 8.2165 
 7.9741 7.7546 7.5474 7.3345 7.1498 7.0013 6.8717 6.7615 6.6823 6.6113 
 6.5597 6.5141 6.4878 6.4876 6.4748 6.4811 6.5258 6.5978 6.6556 6.7338 
 6.8106 6.8831 6.9674 7.0631 7.142 7.2332 7.3238 7.3945 7.4927 7.5767 
 7.6617 7.7461 7.8295 7.9013 7.9789 8.0314 8.0956 8.1546 8.1938 8.2327 
 8.2714 8.2911 8.3296 8.369 8.3948 8.4206 8.453 8.4792 8.505 8.5244 
 8.5441 8.5763 8.5895 8.6154 8.6285 8.6479 8.68 8.6998 8.7257 8.7387 
 8.7516 8.7582 8.7583 8.7841 8.797 8.8101 8.8166 8.8167 8.8167 8.8167 
 8.8361 
1143 1141.4 1138.9 1134.9 1131.3 1128.9 1128.4 1127.1 1126.3 1124.2 
 1118.9 1111.8 1102.4 1091.4 1080.8 1070.7 1063 1057.3 1053.6 1051 
 1048.5 1046.2 1042.3 1035.8 1025.8 1012.1 995.9 978.07 960.33 942.33 
 924.11 904.88 883.21 858.82 831.85 803.4 773.92 744.07 714.74 685.06 
 655.8 627.21 598.8 571.55 544.67 519.27 494.45 470.41 447.42 425.22 
 404.42 385.46 368.77 355.67 344.86 337.22 331.83 328.09 326.8 329.22 
 336.09 347.34 362.38 379.5 398.46 419.83 444.95 471.48 498.09 521.43 
 541.14 554.11 558.06 552.59 539.28 519.29 494.96 464.49 429.5 393.65 
 357.8 319.77 279.39 238.25 197.86 161.58 130.42 104.04 80.774 65.125 
 56.837 49.46 42.631 36.344 30.881 25.582 20.991 17.779 15.488 14.07 
 12.995 12.134 11.433 10.855 10.373 9.9756 9.6143 9.3296 9.0319 8.7601 
 8.4591 8.1273 7.7963 7.4656 7.1752 6.9142 6.6615 6.4549 6.4164 6.4294 
 6.4746 6.5461 6.5914 6.6306 6.6821 6.7281 6.7799 6.8384 6.9096 6.9808 
 7.0586 7.1434 7.2151 7.2988 7.3896 7.4679 7.5449 7.6228 7.6879 7.7722 
 7.8369 7.915 7.9737 8.0192 8.0704 8.1094 8.1421 8.1811 8.2136 8.2393 
 8.2718 8.2911 8.3238 8.3559 8.3884 8.4273 8.4536 8.4859 8.5315 8.5635 
 8.6025 8.6349 8.6613 8.6933 8.713 8.7388 8.7713 8.7907 8.8232 8.8297 
 8.8426 8.8426 8.8426 8.8426 8.8426 8.8426 8.8426 8.8491 8.8362 8.8167 
 8.8361 
1143 1141.3 1137.7 1134.5 1132.1 1131.3 1130 1128.1 1123.9 1117 
 1107.4 1097 1089.2 1084.5 1082.6 1084.2 1084.8 1083.5 1076.7 1065.7 
 1051.1 1036.3 1022.1 1010.6 999 984.73 966.16 942.73 916.34 889.74 
 864.82 842.14 820.68 798.99 775.16 750.4 725.15 699.68 674.85 650.53 
 625.42 601.17 578.05 556.77 538.18 523.71 512.23 504.23 498.63 494.9 
 492.32 490.76 490.6 493.01 497.15 503.79 511.43 520.03 529.82 542.29 
 558.12 577.98 600.46 624.04 644.09 657.9 662.76 651.86 625.25 586.54 
 538.39 484.86 429.23 375.38 329.62 291.15 258.71 230.82 206.77 182.76 
 158.6 136.16 117.19 102.37 90.416 80 70.387 61.897 54.515 49.131 
 45.263 41.637 38.232 35.085 31.858 28.427 25.092 21.893 18.715 16.054 
 14.377 13.093 12.071 11.139 10.371 9.7314 9.2496 8.884 8.5593 8.2807 
 8.0153 7.7794 7.5483 7.3451 7.1444 6.9745 6.8321 6.7213 6.6317 6.572 
 6.5205 6.475 6.4746 6.4682 6.4681 6.5327 6.6035 6.681 6.7527 6.8241 
 6.9021 6.9864 7.0712 7.1549 7.2456 7.317 7.4138 7.4924 7.5828 7.6617 
 7.7458 7.8167 7.8949 7.9852 8.0566 8.1095 8.1742 8.2256 8.2581 8.2974 
 8.3298 8.3495 8.3816 8.4143 8.4401 8.4725 8.4857 8.5242 8.5633 8.5892 
 8.6153 8.6542 8.6736 8.6996 8.7192 8.7451 8.7774 8.7971 8.81 8.8294 
 8.8488 8.8619 8.8685 8.875 8.8815 8.9008 8.8946 8.8945 8.8945 8.8945 
 8.8361 
1143 1141.6 1138 1134.8 1133.3 1133 1132.2 1129.8 1125 1116.3 
 1106.2 1096.8 1090.2 1087.9 1089.1 1090.8 1089.7 1083.8 1072.3 1057.1 
 1041.9 1029.2 1019.3 1008.8 994.4 973.62 946.46 916.46 888.17 862.85 
 841 818.79 795.14 768.81 741.71 714.75 689.71 664.46 639.85 614.67 
 590.37 568.78 551.16 538.22 529.68 525.04 524.21 525.84 527.33 526.9 
 525.93 527.95 535.48 548.76 565.46 579.46 587.62 591.71 597.87 613.5 
 639.74 671.64 697.94 710.39 706.95 692.17 666.99 628.51 574.22 512.08 
 447.79 386.37 325.06 279.16 248.46 226.8 205.91 184.65 164.77 142.92 
 120.59 104.48 92.165 80.984 72.326 64.575 57.606 51.76 46.666 42.918 
 40.161 37.583 35.281 33.218 31.242 29.314 27.409 25.544 23.687 21.866 
 20.077 18.436 17.09 15.832 14.639 13.557 12.585 11.748 11.012 10.394 
 9.8395 9.3921 9.003 8.6712 8.3404 8.0292 7.7525 7.5059 7.3113 7.1407 
 6.9984 6.8897 6.8055 6.7992 6.8121 6.8515 6.8904 6.9357 7.0004 7.0464 
 7.1047 7.1562 7.2275 7.2928 7.3649 7.4427 7.5264 7.5915 7.6749 7.7398 
 7.8312 7.902 7.974 8.045 8.1165 8.1819 8.246 8.2914 8.3367 8.3626 
 8.3697 8.4147 8.4733 8.5443 8.5638 8.5834 8.6223 8.6549 8.6804 8.7064 
 8.7131 8.7389 8.752 8.7714 8.7843 8.8102 8.8428 8.8557 8.8687 8.8815 
 8.8815 8.8815 8.8815 8.8815 8.8815 8.8815 8.8816 8.8879 8.875 8.875 
 8.8361 
1143 1141.3 1138.1 1134.8 1132.4 1130.3 1129.7 1128.1 1123.9 1117.2 
 1108.5 1099.2 1091.2 1086.9 1084.8 1086.1 1086.6 1084.9 1077.8 1066.5 
 1052.4 1036.6 1023.2 1011.3 1000.1 986.58 969.23 945.57 918.84 891.88 
 866.19 843.1 821.96 800.13 776.79 751.89 726.01 700.39 675.43 651.16 
 626.77 602.51 579.02 556.92 537.51 521.94 509.03 500.48 494.18 490.65 
 488.55 487.96 487.82 488.8 492 497.49 506.08 516.75 529.13 541.64 
 555.08 570.79 591.73 617.8 642.99 660.99 666.13 654.06 628.59 590.6 
 542.95 487.01 426.84 371.38 325.31 288.03 258.41 231.8 208.05 184.3 
 159.67 135.89 116.46 101.16 89.114 78.564 68.875 60.548 53.041 47.784 
 44.352 41.051 37.597 33.935 30.462 27.111 23.941 20.955 18.307 15.717 
 13.57 12.391 11.485 10.647 9.8841 9.2136 8.7319 8.4093 8.165 7.9422 
 7.7538 7.5646 7.3968 7.2216 7.0424 6.8974 6.7869 6.6959 6.6239 6.5723 
 6.5138 6.4815 6.4553 6.4552 6.4616 6.5194 6.5842 6.6422 6.7142 6.7728 
 6.8508 6.9343 7.0258 7.1095 7.1749 7.271 7.35 7.4403 7.525 7.6228 
 7.6934 7.785 7.856 7.927 8.0052 8.0575 8.1214 8.1865 8.2258 8.2584 
 8.297 8.3233 8.3556 8.3819 8.4142 8.4338 8.4533 8.479 8.4921 8.5116 
 8.5117 8.5374 8.5697 8.6086 8.6284 8.6606 8.6738 8.7063 8.7128 8.7321 
 8.7452 8.7453 8.7645 8.7776 8.7842 8.8036 8.8037 8.8165 8.8102 8.8102 
 8.8361 
1143 1141.9 1139.1 1135.3 1132.4 1130.9 1130.3 1129.8 1128.7 1125.2 
 1119.5 1111.3 1101.5 1090.6 1080.2 1071.6 1065 1059.6 1056.7 1054.2 
 1052 1048.9 1044.2 1036.2 1025.1 1009.6 993 974.65 956.07 938.05 
 919.41 900.8 879.13 854.82 827.71 798.85 768.84 738.68 709.03 679.4 
 649.81 620.94 592.31 564.35 537.04 511.14 486.02 462.56 440.23 418.94 
 398.54 380.2 363.77 350.65 340.72 334.29 330.19 327.87 327.14 329.56 
 335.92 347.49 363.61 383.57 404.86 427.55 451.8 478.61 505.93 530.42 
 550.32 562.29 565.19 557.15 541.11 519.74 495.32 465.02 430.32 394.78 
 359.23 322.5 282.54 241.28 200.49 163.67 132.41 106.03 83.03 66.565 
 57.907 50.706 44.491 38.939 33.489 28.138 23.272 18.663 15.702 14.258 
 13.084 12.137 11.382 10.766 10.254 9.823 9.4772 9.1787 8.8706 8.5898 
 8.2663 7.9354 7.6053 7.2937 7.0073 6.7362 6.4801 6.3265 6.3256 6.3709 
 6.4419 6.5009 6.5653 6.5982 6.6497 6.7023 6.7735 6.8448 6.9032 6.994 
 7.0718 7.1424 7.2342 7.3053 7.3959 7.48 7.5512 7.629 7.7203 7.7787 
 7.8497 7.9215 7.986 8.0381 8.0772 8.1291 8.1614 8.1876 8.2328 8.2459 
 8.2784 8.304 8.3238 8.3495 8.3882 8.4208 8.4471 8.473 8.5054 8.5506 
 8.5635 8.6023 8.6285 8.6478 8.6738 8.7062 8.7452 8.7647 8.7779 8.7973 
 8.8101 8.8166 8.8167 8.8167 8.8167 8.8167 8.8166 8.8102 8.8102 8.8102 
 8.8361 
1143 1142.7 1140 1137 1136 1135 1134.6 1132.8 1128.8 1121.7 
 1111.8 1101.6 1092.7 1088 1085.8 1086.8 1086.9 1084.9 1078.4 1066.8 
 1053.1 1038.5 1025.1 1013 1001.7 987.87 970.51 948.49 923.54 897.58 
 872.31 849.55 826.71 804.59 782.09 758.1 733.69 708.8 684.42 660.35 
 637.09 613.83 591.72 571.24 552.97 537.94 526 516.21 509.52 504.4 
 501.2 499.67 499.31 501.21 505.04 510.89 517.83 525.39 533.59 543.97 
 558 576.06 596.23 615.51 630.72 640.08 642.12 635.65 616.76 584.14 
 540.95 492.59 439.98 387.41 338.46 297.15 264.04 236.52 213.59 193.33 
 173.09 150.9 130.48 113.89 100.07 89.278 79.437 69.925 61.549 54.124 
 49.144 45.057 41.253 37.858 34.437 30.957 27.415 23.856 20.502 17.766 
 15.813 14.298 13.016 11.817 10.874 10.077 9.4745 9.0629 8.7207 8.4212 
 8.1708 7.9178 7.6903 7.4644 7.2507 7.0401 6.8577 6.7168 6.6058 6.5266 
 6.4556 6.4037 6.3968 6.3773 6.3837 6.4162 6.4869 6.5773 6.6619 6.7465 
 6.8378 6.9153 7.0128 7.1031 7.1947 7.2841 7.3752 7.4722 7.57 7.6552 
 7.7451 7.8429 7.9144 7.985 8.0511 8.1029 8.1672 8.2191 8.2644 8.2843 
 8.3039 8.317 8.3171 8.3882 8.4332 8.4727 8.4922 8.5246 8.5694 8.5895 
 8.6154 8.6476 8.6671 8.6868 8.6998 8.7192 8.7451 8.7646 8.7904 8.8035 
 8.8101 8.8293 8.8232 8.8296 8.849 8.8621 8.8556 8.8556 8.8556 8.8556 
 8.8361 
1143 1140.8 1138.6 1137.5 1136.4 1136.3 1137.2 1133.8 1128.8 1119.8 
 1109.4 1100.2 1093.8 1092.1 1093 1094.6 1092.5 1086.4 1074.6 1060.2 
 1045.3 1033 1022.1 1011.7 997.57 977.98 953.35 925.2 898.08 872.68 
 849.42 827.55 805.4 781.16 755.83 729.58 704.19 680.55 656.65 633.56 
 611.13 590.84 573.39 559.87 549.64 542.69 539.14 537.9 538.88 540.53 
 542.57 545.52 550.41 558.23 568.82 580.51 591.26 600.57 610.25 621.62 
 636.96 655.53 672.87 685.54 688.92 681.07 662.25 631.63 589.99 540.2 
 483.89 424.36 367.44 314.24 270.02 236.97 214.74 198.87 183 167.33 
 149.3 129.85 111.82 97.392 84.332 74.794 66.642 59.4 53.141 47.544 
 43.154 40.066 37.237 34.703 32.48 30.411 28.412 26.43 24.504 22.547 
 20.673 18.936 17.455 16.097 14.817 13.642 12.575 11.641 10.807 10.102 
 9.4675 8.9222 8.4457 8.0251 7.6766 7.3217 7.0098 6.7433 6.5263 6.3312 
 6.1643 6.0268 5.9232 5.8329 5.7684 5.7224 5.7221 5.7286 5.7675 5.8127 
 5.8583 5.9296 5.988 6.0531 6.1377 6.2214 6.3057 6.3958 6.474 6.5519 
 6.6174 6.689 6.7604 6.8316 6.8959 6.9612 7.0196 7.0836 7.1427 7.2144 
 7.2593 7.3173 7.3701 7.4153 7.4603 7.4997 7.5517 7.5903 7.6294 7.6746 
 7.739 7.7983 7.8562 7.9342 7.9993 8.0572 8.1224 8.2071 8.265 8.3364 
 8.4078 8.4599 8.5305 8.5893 8.6414 8.7063 8.739 8.7905 8.8298 8.8684 
 8.8361 
1143 1142.1 1139.9 1138.2 1136.7 1135.7 1135.6 1134.1 1130.4 1124.2 
 1114.7 1105.4 1096.5 1091.7 1089.5 1090 1090.7 1090.3 1084.6 1075.5 
 1062.6 1047.6 1034.3 1021.8 1011.1 998.17 982.18 962.44 938.73 912.92 
 887.59 863.69 841.51 819.93 798.37 774.96 751.55 726.87 702.04 678.67 
 655.33 632.64 610.33 589.16 569.82 552.82 539.17 527.87 519.46 513.18 
 508.96 506.64 505.52 506.45 508.41 512.14 517.22 523.73 531.76 541.32 
 553.59 568.26 584.12 600.66 616.4 630.01 640.27 644.37 638.55 619.69 
 587.14 546.01 498.03 445.32 393.96 342.72 300.42 266.21 239.09 216.73 
 196.11 175.93 153.6 131.98 113.49 97.896 85.861 75.226 65.89 57.897 
 50.824 46.013 42.044 38.438 35.088 31.848 28.589 25.153 21.595 18.373 
 15.315 12.791 11.695 10.715 9.8765 9.1437 8.5527 8.0841 7.6891 7.3492 
 7.071 6.8211 6.5831 6.3619 6.1826 5.9863 5.838 5.7025 5.5922 5.5142 
 5.4623 5.4042 5.3977 5.3978 5.4112 5.4504 5.5218 5.5926 5.6709 5.7494 
 5.8394 5.9118 6.0142 6.0926 6.1841 6.2869 6.3589 6.4498 6.527 6.6045 
 6.6828 6.7472 6.8194 6.877 6.9484 7.0138 7.0653 7.1236 7.1884 7.2217 
 7.2793 7.3248 7.3638 7.4156 7.4482 7.4936 7.5452 7.5843 7.6425 7.6878 
 7.7527 7.818 7.8641 7.9539 8.0257 8.0778 8.1489 8.2072 8.2785 8.3431 
 8.395 8.4599 8.5121 8.5642 8.6094 8.6612 8.7001 8.7519 8.778 8.8297 
 8.8361 
1143 1142.5 1140.8 1138.1 1135.8 1134.2 1133.1 1133.7 1133.8 1132.6 
 1128.9 1122.8 1114.3 1104.3 1094.2 1084.3 1075.6 1069.5 1064.5 1062.7 
 1060.7 1059.2 1056.1 1051.3 1043.7 1032.9 1017.7 1001.1 982.64 963.89 
 944.8 926.89 907.15 885.64 861.65 834.85 805.96 776.31 745.86 715.95 
 685.6 656.08 627.11 599.1 571.55 545.02 518.91 493.79 469.6 446.75 
 425.28 405.3 387.28 371.31 358.28 347.67 340.39 335.92 333.77 333.98 
 337.39 343.76 354.38 368.53 386.27 406.79 429.62 454.16 480.12 504.81 
 528.13 546.73 559.87 565.42 561.65 548.7 529.63 505.51 477.13 444.85 
 408.93 372.08 334.84 296.64 257.59 217.15 181.91 146.74 117.74 92.929 
 70.754 57.566 48.511 40.74 34.454 28.885 23.978 19.829 16.557 14.584 
 13.24 12.195 11.407 10.738 10.167 9.6974 9.2715 8.9257 8.6272 8.3231 
 8.0399 7.7528 7.4374 7.0901 6.7794 6.4745 6.1768 5.8985 5.6595 5.5162 
 5.4691 5.4691 5.4756 5.5145 5.5662 5.6053 5.6441 5.6894 5.7603 5.8067 
 5.8781 5.9549 6.0397 6.1307 6.2146 6.2932 6.3826 6.4611 6.5321 6.5982 
 6.6695 6.7207 6.7788 6.831 6.8898 6.9222 6.9678 7.0063 7.0386 7.0712 
 7.1103 7.1363 7.1624 7.1882 7.2337 7.266 7.3114 7.3573 7.4146 7.4673 
 7.5322 7.6031 7.6686 7.7455 7.8106 7.8891 7.9597 8.031 8.1026 8.1675 
 8.2453 8.3037 8.375 8.4403 8.5055 8.5637 8.622 8.6676 8.7258 8.7778 
 8.8361 
1143 1143.2 1141.7 1139.4 1137 1135.5 1135.1 1135.2 1134.6 1131.8 
 1125.9 1116.8 1107.5 1099.1 1093.9 1092.7 1094.6 1096.1 1096 1090.3 
 1080.2 1066.6 1051.3 1037.2 1025.6 1014.5 1002.8 986.73 965.77 940.78 
 913.82 886.89 862.83 840.66 819.63 797.59 774.51 749.25 723.57 697.68 
 672.37 648.05 624.09 600.53 578.29 558.26 541.19 527.69 517.6 510.48 
 505.55 502.7 500.94 500.88 502.49 505.91 510.65 516.79 524.22 533.48 
 544.75 559.32 576.34 594.53 613.21 630.98 646.59 657.71 659.47 647.91 
 619.66 579.74 532.54 479.4 426.34 373.28 320.38 280.08 246.4 218.91 
 195.22 174.4 154.03 133.95 117.03 102.96 90.403 79.879 69.973 60.993 
 53.099 46.56 41.687 37.107 33.048 29.319 25.695 22.573 20.395 18.434 
 16.601 14.967 13.578 12.336 11.289 10.41 9.628 8.9847 8.4988 8.082 
 7.7504 7.4502 7.2006 6.9379 6.7052 6.494 6.3236 6.168 6.0268 5.9151 
 5.8116 5.7284 5.6502 5.5793 5.5729 5.573 5.5928 5.6379 5.6774 5.7353 
 5.8009 5.8658 5.9434 6.0212 6.1055 6.1829 6.274 6.3644 6.4554 6.5338 
 6.6174 6.6901 6.7667 6.8451 6.9104 6.9814 7.0522 7.1109 7.1625 7.2148 
 7.2667 7.3056 7.3447 7.3895 7.4157 7.4482 7.4934 7.5326 7.5775 7.6173 
 7.6755 7.734 7.7989 7.8443 7.9218 7.9799 8.0327 8.11 8.1754 8.2469 
 8.3173 8.3888 8.4479 8.5184 8.5769 8.6416 8.7001 8.7587 8.8104 8.8361 
 8.8361 
1143 1143.7 1142.1 1140.3 1138.5 1138.5 1139 1139.7 1138 1133 
 1124.3 1113.9 1103.4 1097.2 1095.3 1097.9 1101.7 1102.6 1098 1087 
 1072.1 1056.6 1044.6 1035.6 1027.6 1014.6 994.86 968.41 937.7 907.46 
 881.24 859.49 839.27 817.64 792.97 765.75 738.85 712.39 687.91 663.5 
 639.24 615.13 592.7 573.63 559.02 548.99 542.89 540.39 541.44 543.58 
 544.85 544.94 546.07 550.26 559.43 572.65 587.22 599.19 607.17 612.83 
 621.72 637.9 661.09 686.06 705.12 712.4 705.16 685.84 656.94 617.93 
 566.45 506.29 444.81 383.64 325.35 274.69 236.44 209.47 189.86 171.79 
 154.52 138.09 122.15 107.27 95.087 83.874 73.501 65.274 58.01 51.601 
 45.987 41.426 38.134 35.327 32.693 30.617 28.596 26.763 25.069 23.542 
 22.039 20.539 19.07 17.63 16.252 14.95 13.701 12.61 11.648 10.825 
 10.127 9.5451 9.0506 8.6231 8.2541 7.9257 7.6268 7.3258 7.0654 6.8214 
 6.5806 6.3721 6.1768 6.027 5.9179 5.8268 5.7553 5.7545 5.7545 5.7931 
 5.8383 5.897 5.9614 6.0329 6.1048 6.1758 6.2603 6.3376 6.4285 6.5125 
 6.5782 6.6627 6.7276 6.786 6.8564 6.915 6.9864 7.064 7.1229 7.1813 
 7.253 7.3114 7.3697 7.4148 7.4669 7.4993 7.5382 7.5836 7.6226 7.6807 
 7.7325 7.7779 7.8368 7.9009 7.9597 8.0185 8.077 8.1547 8.2189 8.2772 
 8.3484 8.3944 8.4595 8.5175 8.5825 8.6349 8.6804 8.7319 8.7647 8.8099 
 8.8361 
