IESNA:LM-63-2002
[TEST] 1
[TESTLAB] 
[TESTDATE] 2024-12-23
[ISSUEDATE] 2024-12-23 16:39:47
[LAMPPOSITION] 0,0
[OTHER] EVERFINE GO-2000A_V1 SYSTEM
[MANUFAC] 
[LUMINAIRE] 20W-3000K
[LAMP] CP08-10-80L-S2D5C3
TILT=NONE
1 3298.6 1 181 17 1 2 0.250 0.250 0.000
1.000 1 20.5374
0.0    1.0    2.0    3.0    4.0    5.0    6.0    7.0    8.0    9.0    
 10.0   11.0   12.0   13.0   14.0   15.0   16.0   17.0   18.0   19.0   
 20.0   21.0   22.0   23.0   24.0   25.0   26.0   27.0   28.0   29.0   
 30.0   31.0   32.0   33.0   34.0   35.0   36.0   37.0   38.0   39.0   
 40.0   41.0   42.0   43.0   44.0   45.0   46.0   47.0   48.0   49.0   
 50.0   51.0   52.0   53.0   54.0   55.0   56.0   57.0   58.0   59.0   
 60.0   61.0   62.0   63.0   64.0   65.0   66.0   67.0   68.0   69.0   
 70.0   71.0   72.0   73.0   74.0   75.0   76.0   77.0   78.0   79.0   
 80.0   81.0   82.0   83.0   84.0   85.0   86.0   87.0   88.0   89.0   
 90.0   91.0   92.0   93.0   94.0   95.0   96.0   97.0   98.0   99.0   
 100.0  101.0  102.0  103.0  104.0  105.0  106.0  107.0  108.0  109.0  
 110.0  111.0  112.0  113.0  114.0  115.0  116.0  117.0  118.0  119.0  
 120.0  121.0  122.0  123.0  124.0  125.0  126.0  127.0  128.0  129.0  
 130.0  131.0  132.0  133.0  134.0  135.0  136.0  137.0  138.0  139.0  
 140.0  141.0  142.0  143.0  144.0  145.0  146.0  147.0  148.0  149.0  
 150.0  151.0  152.0  153.0  154.0  155.0  156.0  157.0  158.0  159.0  
 160.0  161.0  162.0  163.0  164.0  165.0  166.0  167.0  168.0  169.0  
 170.0  171.0  172.0  173.0  174.0  175.0  176.0  177.0  178.0  179.0  
 180.0  
0.0    22.5   45.0   67.5   90.0   112.5  135.0  157.5  180.0  202.5  
 225.0  247.5  270.0  292.5  315.0  337.5  360.0  
1120.1 1120.1 1118.5 1116.8 1114.8 1115.1 1116.2 1116.8 1115.5 1110.1 
 1101 1090.2 1079.7 1073.1 1071.9 1074.5 1079 1080 1075.1 1063.4 
 1048.7 1033.4 1022 1013.7 1006.5 994.17 974.03 946.38 913.69 883.48 
 858.05 837.97 819.64 799.2 775.22 748.13 720.67 694.55 671.2 647.89 
 624.34 600.39 578.1 559.23 544.66 534.73 528.87 526.28 526.89 528.74 
 530.17 530.11 529.9 533.35 541.92 554.86 570.01 582.15 589.01 593.26 
 600.27 615.44 638.27 663.67 683.43 689.36 679.9 658.87 631.31 595.98 
 547.04 487.78 427.67 369.82 314.16 265.55 229.11 206.87 184.75 167.43 
 152.44 138.73 124.06 108.73 94.653 82.18 71.2 62.948 56.143 49.74 
 43.92 39.235 36.274 33.727 31.595 29.81 27.935 26.171 24.434 22.872 
 21.383 19.925 18.479 17.088 15.746 14.464 13.304 12.266 11.33 10.528 
 9.8605 9.2956 8.8193 8.396 8.0445 7.7308 7.4449 7.1635 6.9124 6.6695 
 6.4418 6.2428 6.0605 5.9167 5.807 5.7227 5.6771 5.6638 5.6766 5.7088 
 5.7671 5.8126 5.8844 5.9426 6.027 6.0982 6.1825 6.2657 6.3379 6.4278 
 6.5003 6.5781 6.6432 6.7211 6.779 6.8376 6.8962 6.974 7.0326 7.0908 
 7.1618 7.2201 7.2723 7.3175 7.3634 7.4154 7.4602 7.506 7.5385 7.5965 
 7.6419 7.7004 7.7583 7.8175 7.8754 7.9402 7.9985 8.0576 8.129 8.2 
 8.2583 8.3104 8.3617 8.4273 8.4792 8.5504 8.5897 8.6347 8.6673 8.7129 
 8.7388 
1120.1 1121.2 1119.4 1117.2 1114.1 1112.6 1113.3 1113.5 1113.3 1109.9 
 1103.3 1093.5 1083 1073.2 1067.8 1066.9 1069.6 1073.1 1075 1070.9 
 1060.8 1045.3 1028.7 1014.7 1003.9 995.6 986.2 971.38 950.07 923.08 
 893.78 865.55 840.6 819.93 801.22 781.09 757.96 732.49 706.39 681.14 
 656.84 633.44 610.48 587.76 565.44 545.33 528.49 514.39 504.18 497.04 
 492.6 490.24 489.32 489.26 490.13 492.11 495.87 501.99 510.25 520.43 
 531.62 543.94 557.53 573.22 592.53 614.14 634.77 649.52 650.6 637.07 
 607.79 568.98 523.71 471.96 416.16 360.43 311.71 271.27 238.83 212.68 
 188.74 166.42 145.12 124.93 108.15 94.803 82.813 72.821 62.629 53.159 
 45.123 38.647 34.353 30.551 27.007 24.095 21.38 19.053 17.162 15.524 
 14.032 12.709 11.533 10.552 9.7226 9.0514 8.4785 7.9887 7.5743 7.2446 
 6.9646 6.7316 6.4895 6.2511 6.0384 5.8625 5.7017 5.5595 5.4481 5.3522 
 5.274 5.229 5.229 5.2291 5.2356 5.2486 5.3011 5.3852 5.4627 5.5539 
 5.6249 5.7287 5.8204 5.9182 6.0147 6.0989 6.2022 6.2809 6.3843 6.4682 
 6.5466 6.612 6.6834 6.7473 6.8194 6.8706 6.923 6.9872 7.0391 7.0847 
 7.1499 7.1948 7.2342 7.2792 7.3313 7.3706 7.4225 7.4615 7.5064 7.5719 
 7.6303 7.708 7.7657 7.8313 7.8898 7.961 8.0131 8.0847 8.156 8.2205 
 8.2851 8.3501 8.4083 8.4669 8.5248 8.5769 8.6157 8.6416 8.687 8.7129 
 8.7388 
1120.1 1120.9 1119 1116.4 1113.1 1110.6 1109.9 1110.7 1111.1 1111.1 
 1108.9 1103.5 1095.5 1085.2 1073.3 1062.7 1052.3 1045.3 1040.3 1038.3 
 1036.7 1036.2 1035.2 1031.1 1024.2 1013.7 999.63 983.04 965.51 946.99 
 929.44 911.54 892.38 871.54 848.59 822.37 794.62 764.96 734.81 704.46 
 675.26 646.38 618.56 591.18 564.56 538.32 513.2 488.53 464.92 441.74 
 420.31 399.68 381.31 365.77 352.54 341.79 333.51 327.7 324.52 324.64 
 328.11 334.9 344.05 356.15 371.16 389.53 411.77 436.17 460.8 485.41 
 509.57 531.72 548.06 554.49 550.9 539.37 519.94 495.88 467.57 435.43 
 399.67 363.03 325.6 286.98 246.05 206.7 171.01 138.44 110.83 87.201 
 66.44 55.026 46.234 38.324 31.373 25.05 20.44 17.254 15.086 13.687 
 12.541 11.67 10.972 10.374 9.8493 9.4132 9.0304 8.7086 8.4263 8.1666 
 7.8899 7.6279 7.3262 6.9936 6.6739 6.3602 6.0771 5.7997 5.5551 5.3789 
 5.3069 5.3069 5.3328 5.3587 5.4173 5.456 5.4948 5.5602 5.6055 5.6638 
 5.7479 5.8198 5.9097 5.9943 6.0913 6.1637 6.2469 6.3322 6.41 6.4749 
 6.5455 6.6113 6.6695 6.7279 6.7794 6.8183 6.8578 6.9025 6.9414 6.9873 
 7.0198 7.0457 7.091 7.1104 7.143 7.1819 7.2273 7.2853 7.3249 7.3962 
 7.4477 7.5186 7.5845 7.6557 7.7335 7.805 7.8629 7.9404 7.9992 8.0706 
 8.1422 8.2134 8.284 8.33 8.408 8.4532 8.4986 8.5637 8.5962 8.6482 
 8.7388 
1120.1 1120.4 1119 1116.6 1114.6 1113.3 1113 1112.6 1110.3 1105.2 
 1097.4 1087.3 1077.3 1070 1066.4 1066.7 1069.1 1070.2 1068.7 1061.1 
 1048.4 1033.2 1018.4 1005.9 994.98 983.72 969.89 951.45 927.39 900.93 
 874.12 849.68 828.12 808.2 788.27 766.68 743.57 719.1 694.92 671.02 
 647.28 623.18 600.11 578.13 557.1 539.27 524.4 512.93 505.04 499.05 
 495.63 493.23 491.88 491.18 492.58 496.34 502.77 511 519.56 528.62 
 537.78 549.38 565.54 585.67 607.87 627.16 639.46 640.84 631.76 609.98 
 576.59 534.15 485.05 432.65 383.52 334.4 294.46 261.19 233.66 208.51 
 184.62 162.25 140.75 122.13 107.52 94.562 84.137 74.33 65.197 57.045 
 49.859 45.402 41.55 37.797 34.251 30.7 27.074 23.593 20.317 17.206 
 15.307 13.854 12.612 11.444 10.466 9.6601 8.9522 8.3699 7.9165 7.5344 
 7.2103 6.9123 6.655 6.42 6.2196 6.0464 5.8891 5.7532 5.6492 5.5663 
 5.5014 5.4356 5.3717 5.3653 5.372 5.4045 5.4371 5.4889 5.5537 5.5991 
 5.6703 5.7421 5.8262 5.8979 5.9887 6.0667 6.1639 6.2485 6.332 6.4165 
 6.4954 6.585 6.6629 6.7353 6.7998 6.8705 6.9362 6.9882 7.0522 7.1045 
 7.1564 7.2017 7.234 7.2791 7.3121 7.3509 7.3896 7.4357 7.4809 7.5386 
 7.5845 7.6427 7.7138 7.7733 7.8377 7.89 7.9482 8.0188 8.0841 8.1556 
 8.2203 8.2784 8.35 8.415 8.4795 8.5317 8.5962 8.6481 8.6935 8.7129 
 8.7388 
1120.1 1119.3 1117.7 1115.1 1113.7 1113.3 1113.4 1113 1110.6 1103.9 
 1094.4 1083.4 1074.1 1068.6 1067.6 1068.6 1069.3 1067.2 1058.8 1045.8 
 1030.1 1016.6 1006 997.16 986.26 969.31 946.52 918.34 888.74 862.25 
 839.57 819.2 798.6 775.53 750.06 723.67 698.27 673.53 649.61 625.23 
 600.76 578.13 558.02 542.14 530.31 522.21 518.04 516.49 516.49 516.92 
 517.21 518.23 521.82 529.16 541.16 554.52 566.81 575.02 581.32 589.81 
 604.43 626.34 651.13 671.05 679.14 673.11 655.85 629.46 592.74 544.36 
 488.3 428.58 372.6 316.72 272.26 239.06 214.68 194.31 176.13 159.51 
 143.37 126.69 111.15 97.332 84.534 73.972 65.622 58.198 51.613 45.701 
 41.168 38.282 35.837 33.705 31.873 30.002 28.111 26.186 24.266 22.448 
 20.802 19.359 18.045 16.789 15.57 14.475 13.444 12.522 11.683 10.954 
 10.329 9.7664 9.2684 8.8179 8.4438 8.089 7.7777 7.5176 7.2784 7.1079 
 6.9465 6.8115 6.7073 6.6239 6.6044 6.6044 6.6305 6.6829 6.7412 6.7989 
 6.8641 6.9226 6.9941 7.0585 7.1179 7.1889 7.2607 7.3373 7.4221 7.5136 
 7.5912 7.6682 7.74 7.8114 7.8828 7.9612 8.0256 8.0837 8.1356 8.1945 
 8.2396 8.2914 8.3171 8.3562 8.3825 8.4147 8.4471 8.4796 8.5117 8.5508 
 8.5702 8.6027 8.6287 8.661 8.6806 8.7002 8.7327 8.7647 8.8038 8.8232 
 8.8362 8.8491 8.862 8.8556 8.8556 8.8556 8.8491 8.8491 8.8491 8.8491 
 8.7388 
1120.1 1119.1 1115.9 1113.1 1110.5 1108.6 1108.7 1107.9 1105.4 1100.2 
 1091.9 1081.6 1071.1 1063.3 1059.1 1058.3 1059.9 1060.2 1056.8 1048 
 1034.6 1019.1 1004.6 991.93 981.23 968.92 954.3 934.37 910.19 884.87 
 859.62 836.56 815.5 794.71 772.8 749.24 724.86 700.18 675.62 651.96 
 627.63 603.88 580.68 558.78 539.21 522.74 509.04 498.84 491.09 486.41 
 483.48 481.69 480.98 481.82 484.57 489.5 496.67 505.55 514.64 524.98 
 537.12 552.92 572.75 594.17 614.16 628.16 633.53 627.55 609.57 579.3 
 538.51 491.18 439.83 389.61 341.23 299.24 264.31 234.65 207.84 183.28 
 159.91 138.99 120.82 105.49 92.232 81.821 72.16 62.729 54.979 48.213 
 44.012 40.604 36.985 33.431 29.805 26.251 22.547 19.594 17.072 15.365 
 13.949 12.659 11.524 10.564 9.904 9.3413 8.8848 8.5207 8.2145 7.954 
 7.7165 7.4957 7.2921 7.0856 6.8914 6.7362 6.6182 6.5267 6.4432 6.3842 
 6.3519 6.3126 6.2995 6.2995 6.2995 6.2995 6.3705 6.4356 6.5126 6.5714 
 6.6428 6.7331 6.8177 6.9021 6.9931 7.0713 7.1678 7.2465 7.343 7.4334 
 7.524 7.6032 7.6866 7.765 7.837 7.8948 7.9528 8.018 8.0574 8.0899 
 8.1285 8.1675 8.2001 8.2326 8.2585 8.2716 8.304 8.3364 8.3625 8.3944 
 8.4208 8.4533 8.479 8.4922 8.5115 8.531 8.5636 8.5831 8.6025 8.6282 
 8.6478 8.6739 8.6804 8.6804 8.7061 8.7128 8.7193 8.7258 8.7258 8.7258 
 8.7388 
1120.1 1118.3 1115.5 1111.5 1108.4 1106 1105.2 1105.2 1105.1 1103.4 
 1098.5 1091.4 1081.9 1070 1059.1 1049.4 1041.2 1035.5 1032 1029.3 
 1026.8 1023.9 1019.6 1012.8 1002.6 989.43 974.03 957.1 939.22 921.17 
 902.92 883.86 863.04 839.49 813.46 784.93 755.19 726.46 697.22 668.87 
 640.42 612.44 584.62 557.66 531.48 506.58 482.45 459.08 436.85 415.3 
 395.39 377.26 362.21 349.33 339.04 331.1 325.32 322.16 321.86 325.06 
 331.24 340.31 352.65 368.06 386.59 407.47 429.88 452.73 477.84 502.17 
 522.19 536.12 540.45 536.19 523.95 504.61 480.76 452.4 418.41 382.65 
 346.87 309.98 270.61 230.15 190.87 155.82 125.9 100.83 78.065 62.922 
 54.703 47.566 41.109 35.052 29.919 24.797 20.331 17.21 14.962 13.586 
 12.566 11.739 11.075 10.511 10.039 9.6574 9.3112 9.0206 8.7319 8.452 
 8.164 7.8325 7.511 7.2021 6.9157 6.6647 6.4316 6.2424 6.2218 6.2473 
 6.312 6.3639 6.4224 6.4681 6.5133 6.5649 6.6178 6.6882 6.7531 6.8383 
 6.9163 6.9869 7.0647 7.1424 7.2269 7.3046 7.3825 7.4604 7.5447 7.6095 
 7.6871 7.746 7.8178 7.8756 7.9278 7.9665 8.0059 8.0318 8.0575 8.0961 
 8.1355 8.1547 8.1939 8.2263 8.2522 8.2782 8.3105 8.3557 8.3945 8.44 
 8.4727 8.505 8.5377 8.5637 8.5833 8.622 8.6546 8.6738 8.7064 8.7258 
 8.7582 8.7518 8.7518 8.7518 8.7518 8.7518 8.7518 8.7453 8.7453 8.726 
 8.7388 
1120.1 1118 1114.3 1111.3 1109.5 1108 1107.9 1106.8 1102.7 1095.2 
 1086 1075.5 1065.6 1061 1060 1061.3 1063.8 1062.7 1056.3 1045.4 
 1030.3 1014.2 1000.3 988.57 977.66 964.33 946.01 922.39 895.3 868.56 
 843.57 821.37 800.69 779.55 756.21 731.86 706.47 681.28 657.38 632.97 
 608.92 585.11 562.49 541.73 523.84 509.35 498.62 490.73 485.29 482.21 
 480.12 478.63 478.41 480.1 484.64 491.01 499.56 508.5 518.06 529.3 
 544 563.21 586.22 610.03 631.02 643.93 646.85 635.39 608.01 569.96 
 522.45 469.6 416.11 363.24 318.75 282.27 252.03 225.45 200.99 176.54 
 152.33 130.49 112.25 97.851 86.814 77.235 67.984 59.769 52.721 47.575 
 43.983 40.636 37.405 34.384 31.201 27.8 24.472 21.341 18.226 15.553 
 13.91 12.661 11.673 10.778 10.003 9.4082 8.9536 8.6014 8.3013 8.0277 
 7.7751 7.5419 7.331 7.1374 6.9438 6.7799 6.6436 6.5332 6.4563 6.3843 
 6.3456 6.3256 6.3125 6.306 6.306 6.3832 6.4414 6.5254 6.6105 6.6873 
 6.7535 6.8241 6.9222 6.993 7.0715 7.168 7.2462 7.3297 7.4078 7.5049 
 7.589 7.6683 7.7391 7.837 7.9078 7.9664 8.0185 8.0697 8.1091 8.1477 
 8.1743 8.2064 8.2389 8.2649 8.2909 8.323 8.3493 8.3755 8.4138 8.4532 
 8.4855 8.5115 8.5441 8.5635 8.583 8.6087 8.6477 8.6802 8.6996 8.7257 
 8.7323 8.7581 8.7647 8.7712 8.7777 8.7907 8.7907 8.7907 8.7907 8.7907 
 8.7388 
1120.1 1117.3 1114.2 1111.6 1109.9 1109.8 1109.4 1108.1 1102.7 1094.4 
 1084.2 1074.4 1068.3 1065.6 1067.1 1069.2 1068.2 1061.7 1049.4 1033.8 
 1018.6 1007 998.98 989.54 975.57 953.07 924.72 893.86 865.79 841.66 
 821.03 800.32 776.45 749.68 722.03 695.57 671.69 647.43 623.24 598.92 
 574.91 553.76 536.4 523.65 515.03 510.42 509.79 511.07 512.21 511.77 
 509.57 510.58 517.73 531.52 548.86 562.9 570.67 573.75 578.31 592.6 
 618.29 650.74 676.1 685.93 679.85 665.29 642.32 605.86 553.02 491.81 
 429.36 371.01 312.67 268.06 239.21 219.62 199.85 181.06 164.34 145.09 
 122.89 104.99 91.596 79.354 70.281 62.9 55.901 49.459 43.92 40.282 
 37.937 35.875 34.084 32.286 30.408 28.5 26.605 24.759 22.908 21.122 
 19.388 17.81 16.527 15.291 14.134 13.094 12.159 11.354 10.671 10.048 
 9.5528 9.1049 8.7509 8.4247 8.1021 7.8088 7.5488 7.3163 7.1282 6.9535 
 6.8246 6.7335 6.6691 6.6563 6.6692 6.7082 6.7477 6.7997 6.8576 6.9027 
 6.9615 7.0265 7.0914 7.1558 7.2277 7.2923 7.3633 7.4348 7.5263 7.5977 
 7.6754 7.7663 7.8307 7.9093 7.9797 8.032 8.091 8.1483 8.1942 8.2198 
 8.2263 8.2593 8.3176 8.395 8.4147 8.4408 8.4794 8.499 8.5376 8.551 
 8.5897 8.6092 8.622 8.6351 8.6612 8.6806 8.7131 8.7389 8.7584 8.7713 
 8.7778 8.7907 8.7907 8.7907 8.7907 8.7907 8.7907 8.7777 8.7712 8.7712 
 8.7388 
1120.1 1117.7 1114 1110.5 1108.1 1107.2 1106 1104.7 1100.6 1093.4 
 1085.3 1075.8 1067.7 1063.4 1062.4 1063.6 1065.3 1063.5 1057 1046.2 
 1030.6 1014.9 1001.3 989.74 979.13 966.5 949.26 926.61 899.87 872.97 
 847.21 824.58 803.87 782.87 759.95 735.56 709.68 684.64 660.52 636.19 
 612.55 588.75 565.4 543.57 524.59 508.97 496.79 487.73 481.77 478.18 
 476.28 475.7 475.41 475.62 478.03 483.63 492.08 503.48 515.33 526.65 
 538.69 553.49 574.1 600.19 625.94 642.72 645.34 632.39 607.05 571.21 
 524.86 471.87 415.36 361.24 316.18 280.86 252.79 227.02 202.3 177.58 
 152.8 130.16 111.8 97.455 86.313 76.222 66.54 58.239 51.197 46.375 
 43.514 40.52 37.112 33.392 29.82 26.487 23.342 20.381 17.792 15.241 
 13.177 12.053 11.158 10.348 9.6117 8.9688 8.4931 8.1774 7.9443 7.7334 
 7.5339 7.3589 7.2017 7.0284 6.8454 6.715 6.6183 6.5334 6.462 6.4035 
 6.3579 6.3321 6.3062 6.2995 6.3122 6.3705 6.4356 6.5001 6.5646 6.6423 
 6.7074 6.7989 6.8758 6.9607 7.0318 7.1096 7.1998 7.2978 7.3754 7.4668 
 7.5512 7.6289 7.7066 7.7776 7.8627 7.9147 7.9794 8.0308 8.077 8.1092 
 8.1479 8.1743 8.2066 8.2325 8.2651 8.2844 8.2975 8.3298 8.3623 8.3755 
 8.3691 8.3948 8.4333 8.4789 8.5049 8.5247 8.5505 8.583 8.6023 8.609 
 8.6219 8.6477 8.648 8.6672 8.6739 8.6996 8.6999 8.6999 8.7128 8.7129 
 8.7388 
1120.1 1117.9 1114.7 1110.6 1107.9 1106.8 1106.1 1105.9 1105.6 1102.6 
 1097.3 1089.3 1079 1067.8 1057 1047.9 1041.6 1036.8 1033.8 1032.3 
 1030.5 1027.4 1022.1 1013.7 1002.4 988.29 971.55 954.46 936.41 917.85 
 899.79 880.14 858.87 835.14 809.09 780.08 751.12 721.04 691.75 663.08 
 634.04 605.45 577.47 549.74 523.42 498.25 473.92 451.1 429.25 408.25 
 388.56 371.07 356.5 344.12 334.28 327.37 322.71 320.66 321.53 325.69 
 332.92 342.93 355.88 373.31 394.25 418 442.67 466.22 489.74 513.63 
 534.08 546.57 548.22 540.32 524.72 503.47 479.35 451.13 417.24 382.59 
 347.94 312.34 273.87 233.54 194.17 158.54 128.37 102.87 80.263 64.365 
 56.008 49.116 43.142 37.837 32.65 27.508 22.7 18.141 15.237 13.827 
 12.703 11.775 11.042 10.462 9.9558 9.5463 9.2242 8.9201 8.6304 8.357 
 8.0457 7.7213 7.4041 7.0853 6.8241 6.5452 6.3194 6.17 6.1762 6.2216 
 6.2936 6.3575 6.4096 6.4621 6.5134 6.5723 6.6372 6.7021 6.7733 6.8383 
 6.9228 7.0001 7.0779 7.1618 7.2404 7.318 7.4024 7.4675 7.5385 7.6223 
 7.7005 7.7526 7.818 7.8764 7.9346 7.9797 8.0058 8.0446 8.0772 8.1029 
 8.1288 8.1486 8.1807 8.2133 8.233 8.2716 8.2976 8.3364 8.3688 8.395 
 8.4405 8.4728 8.486 8.518 8.5376 8.5636 8.6027 8.6352 8.6609 8.6804 
 8.6999 8.7064 8.7128 8.7129 8.7129 8.7129 8.7129 8.7129 8.7129 8.7129 
 8.7388 
1120.1 1118.1 1115.4 1113 1110.9 1110.6 1110.4 1108.9 1104.9 1097.4 
 1088.4 1077.9 1069.5 1063.8 1062.8 1063.8 1064.8 1062.9 1056.1 1044.8 
 1030.6 1016.1 1002.9 991.56 980.42 967.71 950.87 928.93 903.79 878.1 
 853.07 830.21 808.28 787.13 764.67 741.33 716.94 692.34 668.85 644.89 
 621.95 599.16 577.59 557.85 540.13 525.2 513.3 504.29 497.54 492.87 
 489.84 488.33 488.18 489.17 492.81 498.3 505.43 513.55 522.53 532.45 
 544.82 561.03 580.45 600.05 615.93 624.56 624.96 616.46 597.87 565.97 
 523.8 476.76 425.7 374.49 326.77 286.54 254.46 228.94 208.3 187.71 
 167.01 145.62 126.15 110.82 97.646 87.446 78.17 68.782 60.475 53.171 
 48.301 44.342 40.684 37.339 33.954 30.465 26.995 23.408 20.046 17.291 
 15.405 13.923 12.629 11.501 10.592 9.8128 9.2182 8.8247 8.4825 8.1972 
 7.9508 7.71 7.4744 7.2742 7.0538 6.8669 6.6905 6.5606 6.4427 6.3719 
 6.3067 6.2673 6.2413 6.2346 6.2346 6.2667 6.3507 6.4218 6.5055 6.6101 
 6.6949 6.7785 6.8636 6.9537 7.0386 7.1289 7.2126 7.3161 7.4017 7.4987 
 7.5839 7.6613 7.7326 7.811 7.8759 7.9408 7.9923 8.0444 8.0899 8.1286 
 8.1418 8.1484 8.1484 8.2262 8.271 8.2976 8.3299 8.3688 8.4072 8.4334 
 8.4658 8.4987 8.5244 8.5506 8.5635 8.5829 8.6087 8.6409 8.661 8.6674 
 8.6867 8.6997 8.7127 8.7256 8.7387 8.7517 8.7518 8.7518 8.7518 8.7518 
 8.7388 
1120.1 1118.1 1116 1113.7 1113.1 1114 1113.9 1111.6 1106.4 1097.2 
 1086.9 1077.5 1071.2 1069.5 1070.6 1072.8 1071.4 1065.3 1053.7 1038.8 
 1024.8 1013 1003.6 994.28 981.05 960.94 935.39 906.17 877.78 853.12 
 831.61 811.23 789.45 765.32 739.64 713.32 688.91 665.91 642.87 620.2 
 598.13 577.83 560.75 547.09 536.96 530.06 526 524.48 524.83 526.38 
 527.97 529.82 533.82 540.94 551.25 562.73 573.57 582.32 590.29 600.84 
 615.31 633.75 651.71 664.07 666.54 657.21 637.02 607.72 569.11 521.47 
 466.56 408.98 354.49 303.52 261.4 230.16 209.94 195.05 181.02 167.62 
 151.94 133.3 114.37 98.206 83.859 72.99 64.567 57.407 51.065 45.284 
 40.909 38.103 35.609 33.519 31.56 29.65 27.748 25.778 23.889 21.953 
 20.098 18.408 16.965 15.646 14.383 13.276 12.237 11.328 10.53 9.8331 
 9.2257 8.7135 8.2458 7.8596 7.5025 7.1722 6.8614 6.6076 6.3929 6.2103 
 6.0475 5.9165 5.8063 5.7414 5.6768 5.6378 5.6377 5.6571 5.6764 5.7416 
 5.7676 5.8319 5.897 5.9815 6.0525 6.1299 6.2147 6.306 6.3901 6.468 
 6.5386 6.611 6.6888 6.7472 6.8114 6.8704 6.9349 7.0119 7.078 7.1234 
 7.1948 7.2397 7.2921 7.3436 7.3825 7.428 7.4731 7.5188 7.5578 7.6032 
 7.6684 7.7203 7.7909 7.8493 7.9146 7.9927 8.0635 8.1286 8.2003 8.2515 
 8.3226 8.375 8.4465 8.4918 8.5633 8.6086 8.6671 8.6932 8.7388 8.7906 
 8.7388 
1120.1 1118.5 1116.8 1114.8 1113.6 1112.9 1113.1 1111.1 1107.3 1101.2 
 1092.2 1083.2 1074.4 1069.1 1067.9 1068.9 1070.8 1070.3 1065.3 1055.9 
 1042.3 1027.7 1013.6 1001.2 990.8 979.12 963.18 943.55 919.34 893.58 
 868.23 845.3 824.61 803.73 782.74 759.42 735.07 709.97 685.95 663.31 
 640.65 618.12 596.25 576.07 556.85 540.33 526.28 515.15 506.2 499.84 
 495.55 492.86 491.39 491.82 493.64 496.88 501.65 508.16 516.19 525.86 
 537.66 551.41 566.68 582.77 597.86 611.24 621.36 625.43 621.33 603.72 
 573.16 533.2 487.06 435.48 384.7 334.01 292.09 259.04 233.3 211.89 
 191.25 170.49 148.36 127.15 109.29 94.35 82.998 73.046 64.026 56.172 
 49.289 44.786 41.005 37.615 34.425 31.288 28.08 24.66 21.15 17.969 
 14.993 12.487 11.41 10.468 9.6447 8.9443 8.357 7.9046 7.5104 7.1919 
 6.9134 6.681 6.4352 6.2276 6.0454 5.8643 5.7205 5.5857 5.5 5.4169 
 5.3587 5.3134 5.3134 5.3135 5.3202 5.3661 5.4378 5.5219 5.5871 5.6707 
 5.749 5.8457 5.9234 6.0217 6.1116 6.2024 6.28 6.3658 6.4499 6.5213 
 6.6049 6.6758 6.7345 6.8066 6.8644 6.916 6.9879 7.0398 7.1046 7.1435 
 7.2018 7.2343 7.2863 7.3312 7.3835 7.4158 7.4614 7.5128 7.5647 7.611 
 7.6817 7.747 7.8182 7.8827 7.9482 8.0064 8.0778 8.1358 8.1942 8.2587 
 8.3178 8.3759 8.4341 8.4859 8.5442 8.5898 8.6157 8.661 8.7002 8.7259 
 8.7388 
1120.1 1119.6 1117.4 1114.9 1112.4 1110.1 1109.8 1109.9 1110.3 1109.5 
 1106.5 1100.7 1093.2 1083.3 1072.9 1063.3 1054.9 1048.6 1044.6 1041.8 
 1039.7 1038 1035.1 1030.2 1022.6 1011.3 997.25 981.61 963.65 945.32 
 926.94 908.52 889.68 868.44 845.4 818.22 789.83 760.06 729.93 699.83 
 671.05 641.82 612.92 584.96 557.51 530.9 505.43 480.6 456.84 434.23 
 413.38 394.63 378.13 364.06 351.58 341.03 332.89 327.55 326 328.16 
 333.73 341.39 350.05 360.45 374.66 394.58 419.35 445.73 469.96 491.84 
 512.81 532.21 545.33 551.18 546.39 533.97 515.11 490.89 464.05 433.13 
 397.6 360.92 324.33 287.77 249.1 210.33 174.47 142.54 114.57 90.432 
 68.863 56.132 47.304 39.683 33.508 28.163 23.39 19.383 16.083 14.185 
 12.867 11.881 11.114 10.474 9.9287 9.4598 9.0531 8.7254 8.4342 8.1414 
 7.8696 7.5954 7.2847 6.9586 6.6416 6.3496 6.0527 5.7926 5.5727 5.4231 
 5.3718 5.3718 5.3914 5.4371 5.4822 5.5082 5.5535 5.5987 5.6505 5.7158 
 5.7804 5.8707 5.9424 6.0332 6.1316 6.2089 6.2997 6.3705 6.4426 6.5136 
 6.5981 6.6499 6.7016 6.7602 6.8118 6.8449 6.8897 6.9224 6.9614 6.9875 
 7.0261 7.0587 7.0975 7.1105 7.1562 7.1948 7.2341 7.2854 7.338 7.402 
 7.4678 7.532 7.604 7.681 7.747 7.8308 7.883 7.9542 8.0324 8.1026 
 8.1611 8.2202 8.2914 8.3687 8.4215 8.4859 8.5314 8.5769 8.6353 8.6676 
 8.7388 
1120.1 1120.1 1118.3 1116 1113.4 1111.8 1111.5 1111.9 1111.5 1107.9 
 1102 1093 1083.5 1075.9 1071.5 1070.4 1072.3 1074.6 1074.1 1068.6 
 1058.8 1044.2 1028.8 1014.9 1003.1 992.68 980.77 964.93 944.73 920.11 
 893.44 867.86 844.45 823.06 802.43 781.1 757.68 732.93 707.46 682.28 
 657.52 633.51 609.95 586.9 564.68 544.93 528.22 514.79 504.87 497.52 
 492.66 489.23 487.68 487.55 489.35 492.71 497.32 503.48 510.55 519.33 
 530.85 544.7 560.79 578.69 596.78 613.66 628.44 638.47 640.16 628.88 
 601.62 562.2 516.5 464.7 411.2 357.81 311.49 273.29 241.35 215.55 
 192.79 171.63 149.99 129.6 112.99 100.03 88.016 77.754 68.204 59.391 
 51.745 45.484 40.785 36.404 32.566 28.87 25.191 22.004 19.88 17.965 
 16.202 14.608 13.251 12.047 11.029 10.162 9.4252 8.7887 8.3109 7.9078 
 7.5795 7.2953 7.0514 6.799 6.5568 6.3629 6.1951 6.0333 5.9166 5.8121 
 5.7024 5.6116 5.54 5.4884 5.4755 5.4758 5.5082 5.5344 5.5859 5.6448 
 5.71 5.7808 5.8527 5.9366 6.0142 6.0995 6.1835 6.2742 6.3514 6.4494 
 6.5268 6.6051 6.6824 6.7545 6.8253 6.8904 6.9617 7.0197 7.0718 7.1303 
 7.1756 7.2143 7.2664 7.2989 7.3314 7.3639 7.4025 7.4417 7.4867 7.5393 
 7.597 7.6556 7.7075 7.7722 7.8244 7.896 7.9546 8.0191 8.0967 8.1621 
 8.2267 8.2916 8.3433 8.4212 8.4859 8.5511 8.5964 8.661 8.7065 8.7258 
 8.7388 
1120.1 1120.1 1118.5 1116.8 1114.8 1115.1 1116.2 1116.8 1115.5 1110.1 
 1101 1090.2 1079.7 1073.1 1071.9 1074.5 1079 1080 1075.1 1063.4 
 1048.7 1033.4 1022 1013.7 1006.5 994.17 974.03 946.38 913.69 883.48 
 858.05 837.97 819.64 799.2 775.22 748.13 720.67 694.55 671.2 647.89 
 624.34 600.39 578.1 559.23 544.66 534.73 528.87 526.28 526.89 528.74 
 530.17 530.11 529.9 533.35 541.92 554.86 570.01 582.15 589.01 593.26 
 600.27 615.44 638.27 663.67 683.43 689.36 679.9 658.87 631.31 595.98 
 547.04 487.78 427.67 369.82 314.16 265.55 229.11 206.87 184.75 167.43 
 152.44 138.73 124.06 108.73 94.653 82.18 71.2 62.948 56.143 49.74 
 43.92 39.235 36.274 33.727 31.595 29.81 27.935 26.171 24.434 22.872 
 21.383 19.925 18.479 17.088 15.746 14.464 13.304 12.266 11.33 10.528 
 9.8605 9.2956 8.8193 8.396 8.0445 7.7308 7.4449 7.1635 6.9124 6.6695 
 6.4418 6.2428 6.0605 5.9167 5.807 5.7227 5.6771 5.6638 5.6766 5.7088 
 5.7671 5.8126 5.8844 5.9426 6.027 6.0982 6.1825 6.2657 6.3379 6.4278 
 6.5003 6.5781 6.6432 6.7211 6.779 6.8376 6.8962 6.974 7.0326 7.0908 
 7.1618 7.2201 7.2723 7.3175 7.3634 7.4154 7.4602 7.506 7.5385 7.5965 
 7.6419 7.7004 7.7583 7.8175 7.8754 7.9402 7.9985 8.0576 8.129 8.2 
 8.2583 8.3104 8.3617 8.4273 8.4792 8.5504 8.5897 8.6347 8.6673 8.7129 
 8.7388 
