IESNA:LM-63-2002 
[TEST] 4791498147.3-1a
[TESTLAB] UL-CCIC Company Limited
[ISSUEDATE] 2024-11-18
[MANUFAC] Foshan MLS Technology Co., Ltd.
[LUMINAIRE] 1x4 Luminaires for Ambient Lighting of Interior Commercial Spaces
[LUMCAT] BPANEL-50S54-UNV-D-8SC61-14-G-WH-P
[BALLAST] 120VAC 60Hz 
TILT=NONE
1 -1 1 181 17 1 2 1.163 0.252 0
1 1 49.1
0 1 2 3 4 5 6 7 8 9 10 11 12 13 14 15 16 17 18 19 20 21 22 23 24 25 26 27 28 29 30 31 32 33 34 35 36 37 38 39 40 41 42 43 44 45 46 47 48 49 50 51 52 53 54 55 56 57 58 59 60 61 62 63 64 65 66 67 68 69 70 71 72 73 74 75 76 77 78 79 80 81 82 83 84 85 86 87 88 89 90 91 92 93 94 95 96 97 98 99 100 101 102 103 104 105 106 107 108 109 110 111 112 113 114 115 116 117 118 119 120 121 122 123 124 125 126 127 128 129 130 131 132 133 134 135 136 137 138 139 140 141 142 143 144 145 146 147 148 149 150 151 152 153 154 155 156 157 158 159 160 161 162 163 164 165 166 167 168 169 170 171 172 173 174 175 176 177 178 179 180 
0 22.5 45 67.5 90 112.5 135 157.5 180 202.5 225 247.5 270 292.5 315 337.5 360 
2957.955 2967.950 2966.058 2965.490 2964.422 2965.176 2958.110 2959.257 2950.065 2943.273 2932.042 2930.670 2915.284 2907.797 2899.526 2889.354 2882.298 2864.256 2852.153 2833.102 2814.129 2793.794 2781.240 2756.828 2741.383 2718.638 2701.811 2678.105 2655.290 2630.849 2599.205 2563.729 2530.870 2493.355 2453.175 2414.994 2370.257 2331.214 2278.833 2223.708 2167.525 2102.649 2023.896 1931.658 1823.319 1702.133 1569.793 1438.993 1309.535 1186.976 1084.537 989.663 905.322 833.355 771.837 716.441 673.887 631.982 590.820 555.823 521.522 487.651 454.668 424.696 395.011 368.442 345.689 326.192 310.210 297.552 287.902 277.947 271.183 264.067 257.995 253.371 246.506 239.522 229.915 219.584 206.151 193.092 177.587 161.954 146.437 129.866 113.595 97.289 80.347 62.593 43.383 24.185 6.588 2.650 1.540 1.682 1.238 1.155 1.504 0.852 1.511 0.957 1.697 0.901 1.454 0.738 1.270 1.303 0.748 1.373 0.639 1.304 0.755 1.459 0.861 1.448 1.097 1.548 1.238 1.312 1.699 1.165 1.895 1.260 2.032 1.356 2.100 1.608 2.131 1.881 2.081 2.406 1.891 2.703 2.103 2.851 2.401 2.918 2.759 3.034 3.209 3.028 3.659 3.170 3.904 3.286 4.103 3.616 4.224 3.880 4.255 4.038 4.580 4.141 4.770 4.359 4.913 4.490 5.148 4.652 5.444 4.990 5.466 5.713 5.286 5.948 6.389 6.057 6.155 7.060 7.462 7.901 8.145 8.427 8.624 8.610 8.185 8.832 8.458 8.785 7.499
2957.955 2962.824 2961.756 2959.326 2959.757 2954.004 2954.974 2947.458 2944.145 2939.696 2929.994 2924.300 2907.307 2901.849 2884.571 2874.556 2859.797 2850.065 2834.826 2820.126 2808.974 2799.027 2773.959 2754.368 2729.947 2705.780 2679.722 2645.353 2623.979 2591.228 2562.141 2530.272 2494.071 2461.574 2421.345 2381.694 2337.369 2284.380 2224.492 2145.357 2044.966 1937.725 1826.240 1709.512 1595.215 1493.206 1392.511 1299.960 1215.063 1129.038 1047.306 966.698 893.992 827.080 769.547 719.314 682.895 646.521 616.739 591.428 568.046 551.478 536.006 522.616 510.173 497.508 484.105 470.027 455.092 437.931 421.130 401.182 381.737 360.047 335.625 311.039 285.945 264.719 245.631 230.437 214.654 200.242 184.562 168.553 151.487 133.499 113.510 90.880 68.250 44.667 24.085 6.867 3.325 2.252 2.573 2.017 1.698 1.840 0.701 1.719 0.877 1.600 1.336 1.041 1.511 0.813 1.399 0.969 1.643 0.970 1.394 0.948 1.131 1.376 1.195 1.616 1.088 1.805 1.026 1.775 1.156 1.870 1.491 1.743 1.938 1.653 2.134 1.721 2.378 1.852 2.597 2.083 2.693 2.188 2.629 2.650 2.655 3.087 2.573 3.385 2.747 3.556 2.978 3.773 3.446 3.770 3.864 3.740 4.310 3.714 4.428 3.783 4.674 4.029 4.916 4.131 4.883 4.556 4.953 4.928 5.046 5.439 5.058 5.835 5.939 5.752 6.549 6.887 6.875 6.774 7.054 7.456 7.634 7.800 7.728 7.585 8.195 7.821 8.267 8.016 7.499
2957.955 2955.768 2953.661 2954.739 2952.505 2947.321 2945.664 2940.774 2936.903 2928.054 2923.115 2914.814 2900.026 2885.728 2877.829 2859.503 2851.173 2832.504 2826.506 2808.396 2799.223 2782.024 2764.560 2744.755 2714.894 2691.296 2660.190 2634.436 2602.057 2570.305 2542.492 2501.675 2465.474 2428.342 2382.243 2335.624 2283.949 2218.671 2140.869 2049.690 1939.783 1822.388 1708.708 1595.616 1499.400 1410.338 1328.802 1255.537 1190.200 1126.422 1065.613 1008.185 949.755 891.117 834.213 777.753 718.518 671.299 617.536 569.727 524.689 486.756 454.546 427.201 407.093 392.399 381.720 372.953 366.440 356.640 346.803 334.165 321.266 308.916 297.627 287.872 278.683 271.695 262.757 251.385 236.486 223.247 208.394 193.010 172.283 145.629 115.413 83.770 56.322 31.073 12.665 3.392 2.936 1.967 1.866 1.540 1.529 1.674 1.360 1.952 1.199 1.650 0.912 1.644 0.891 1.642 1.094 1.578 1.017 1.425 1.306 1.091 1.569 1.109 1.727 1.249 1.933 1.180 1.932 1.549 1.674 1.911 1.525 2.257 1.599 2.300 1.749 2.261 2.092 2.202 2.493 2.145 2.866 2.287 3.055 2.526 2.920 3.305 2.754 2.965 3.605 3.247 3.321 4.005 3.797 3.345 4.026 3.705 4.277 3.937 4.430 4.007 4.684 4.113 4.849 4.321 5.059 4.422 5.201 4.692 5.490 5.045 5.728 6.002 5.626 6.291 6.736 6.407 6.518 6.980 7.433 7.575 7.362 7.455 7.408 7.607 7.475 7.151 7.235 7.085 7.499
2957.955 2950.104 2943.499 2944.096 2941.911 2937.726 2934.336 2933.022 2925.241 2920.194 2914.432 2903.740 2890.873 2879.299 2860.052 2851.398 2835.238 2826.300 2806.994 2799.154 2780.525 2767.981 2750.076 2728.291 2705.790 2674.048 2650.292 2624.773 2590.346 2561.514 2529.008 2494.286 2460.349 2425.108 2380.812 2337.124 2294.974 2234.018 2165.839 2077.698 1974.690 1863.989 1747.948 1627.633 1511.346 1403.762 1296.579 1199.804 1108.419 1023.022 943.258 873.895 814.553 763.447 720.501 691.753 662.649 635.896 613.781 590.803 571.828 553.836 536.171 518.641 500.737 482.159 463.376 444.007 422.553 402.901 381.230 360.414 340.400 319.640 300.430 280.047 261.595 242.321 226.908 211.035 195.606 180.231 163.705 147.143 129.049 110.770 88.517 65.780 41.572 20.629 5.686 2.700 1.795 1.752 1.485 1.507 1.845 1.142 1.883 0.948 1.773 0.844 1.602 0.973 1.405 1.183 1.069 1.299 1.067 1.494 1.310 1.914 1.057 1.562 0.953 1.916 1.324 2.122 1.540 1.562 2.036 1.443 2.195 1.525 2.252 1.837 2.216 2.074 2.175 2.480 2.142 2.835 2.220 2.952 2.665 2.904 3.096 2.949 3.353 3.134 3.498 3.112 3.905 3.288 4.127 3.574 4.018 4.014 4.053 4.151 4.118 4.467 4.266 4.496 4.592 4.573 5.072 4.468 5.291 4.728 5.558 5.299 5.366 6.029 5.601 5.823 6.514 6.130 6.160 6.542 6.798 7.001 6.962 6.949 6.981 7.167 6.833 6.952 6.690 7.138 7.499
2957.955 2945.145 2944.439 2943.234 2935.570 2930.474 2929.220 2926.799 2921.262 2909.816 2907.689 2893.675 2879.465 2871.782 2852.476 2842.304 2829.397 2813.041 2800.820 2785.454 2777.291 2753.810 2738.492 2715.884 2687.924 2664.424 2632.819 2607.917 2581.526 2545.393 2520.844 2483.104 2449.324 2416.121 2378.705 2334.615 2293.641 2247.120 2182.176 2108.401 2021.877 1913.950 1796.085 1672.968 1534.945 1401.870 1270.335 1150.716 1041.750 944.291 862.345 790.324 727.824 677.337 628.900 584.926 546.139 507.668 473.474 440.787 410.306 381.635 356.842 334.779 315.787 300.678 289.586 281.187 273.486 269.283 263.674 260.983 258.039 254.774 251.442 245.018 237.374 225.666 212.785 196.304 180.035 161.985 144.063 124.874 106.396 88.006 68.544 49.423 28.640 11.250 1.892 2.172 1.118 1.451 1.119 0.829 1.142 0.521 1.445 0.523 1.397 0.830 1.565 0.827 1.346 1.254 1.066 1.650 1.054 1.638 0.888 1.857 1.322 1.650 1.507 1.414 1.933 1.295 2.114 1.448 2.140 1.754 2.050 1.923 1.962 2.302 1.794 2.553 1.944 2.719 2.094 2.827 2.347 2.954 2.651 3.017 2.970 2.954 3.280 3.047 3.611 3.131 3.914 3.327 4.005 3.639 4.006 3.931 4.209 4.168 4.268 4.301 4.399 4.591 4.740 4.484 4.967 4.681 5.084 4.811 5.491 5.088 5.410 5.836 5.354 5.759 6.377 5.955 5.810 5.964 6.266 6.593 6.758 6.804 6.954 6.827 6.465 6.962 6.475 6.526 7.499
2957.955 2946.135 2951.270 2948.173 2944.841 2940.284 2933.150 2924.291 2925.800 2914.265 2909.493 2891.990 2881.935 2866.598 2856.073 2835.140 2826.232 2808.151 2795.421 2781.955 2766.207 2753.496 2730.623 2707.319 2684.945 2653.389 2626.233 2594.521 2566.385 2534.143 2499.176 2465.249 2428.077 2386.486 2343.935 2296.993 2245.004 2180.657 2108.166 2021.299 1915.537 1797.918 1682.376 1569.333 1456.035 1351.263 1255.008 1164.701 1078.020 1000.188 927.251 862.106 804.142 755.971 713.087 682.204 651.012 621.996 599.683 577.767 558.886 542.238 525.208 508.668 493.112 475.565 455.776 438.319 417.975 397.013 374.863 354.078 331.512 311.192 292.821 276.537 260.216 245.268 230.910 214.634 199.344 180.762 163.210 144.230 123.912 99.746 74.303 49.919 26.038 8.061 2.328 2.286 1.375 2.158 1.349 2.135 1.448 1.636 1.270 1.217 1.549 0.863 1.597 0.870 1.481 1.158 1.427 1.500 1.070 1.377 0.931 1.824 1.230 1.528 1.569 1.654 2.017 1.350 2.118 1.362 2.095 1.572 2.105 2.012 1.954 2.301 1.954 2.617 1.996 2.835 2.211 2.932 2.450 3.058 2.759 2.930 3.270 2.791 3.601 2.966 3.596 3.353 3.693 3.602 3.614 4.074 3.668 4.309 3.801 4.639 3.975 4.680 4.072 4.791 4.439 4.833 4.649 4.660 5.222 4.580 5.513 5.135 5.202 5.906 5.484 5.494 6.206 6.123 5.755 5.928 6.295 6.638 6.825 6.948 6.890 6.756 6.534 7.358 6.804 7.402 7.499
2957.955 2956.699 2960.639 2960.286 2955.660 2950.104 2944.018 2935.423 2935.149 2927.926 2911.864 2902.544 2888.530 2874.017 2858.376 2845.048 2834.993 2820.812 2805.975 2793.510 2772.910 2749.606 2727.389 2697.626 2675.184 2649.185 2619.628 2586.298 2560.975 2528.959 2496.031 2463.681 2424.216 2386.908 2338.398 2278.814 2203.452 2107.196 2004.139 1894.487 1778.641 1669.528 1563.335 1467.589 1382.212 1309.496 1238.152 1174.971 1115.691 1055.940 999.012 943.793 886.679 829.700 774.452 718.662 670.168 618.364 568.400 522.773 484.830 452.249 424.178 404.310 389.653 379.155 369.412 360.877 350.074 337.316 322.977 306.570 295.239 285.720 280.557 276.400 269.928 261.805 248.075 234.220 220.851 210.247 195.081 174.626 148.809 119.444 90.460 62.771 38.196 16.086 4.524 2.440 1.997 1.603 1.612 1.482 1.675 1.308 1.031 1.721 0.985 1.624 1.101 1.260 1.399 1.046 1.575 0.885 1.385 1.300 0.995 1.787 0.821 1.696 1.319 1.603 1.494 1.691 1.739 1.573 2.027 1.646 2.269 1.885 2.186 2.227 1.903 2.619 2.020 2.730 2.304 2.667 2.584 2.640 2.963 2.883 3.297 2.851 3.625 2.982 3.690 3.356 3.673 3.727 3.815 4.032 3.830 4.499 3.967 4.649 4.007 4.618 4.392 4.634 4.584 4.661 4.878 4.536 5.175 4.558 5.369 5.122 5.072 5.830 5.461 5.404 6.022 6.188 5.833 5.973 6.489 6.863 7.081 7.213 7.500 7.477 7.061 7.867 7.235 7.793 7.499
2957.955 2961.687 2961.413 2957.963 2954.210 2949.320 2943.175 2944.459 2930.631 2932.238 2917.362 2906.876 2890.794 2872.478 2864.520 2844.097 2831.406 2811.483 2801.810 2782.240 2767.059 2754.623 2730.878 2703.830 2672.646 2649.469 2620.775 2586.543 2558.212 2523.990 2489.661 2460.535 2420.551 2380.116 2342.190 2298.296 2242.955 2181.206 2103.874 2002.316 1896.721 1778.014 1658.238 1544.872 1436.856 1332.153 1234.604 1138.388 1042.387 956.150 877.008 808.861 750.616 706.078 673.401 643.789 618.409 595.932 576.216 558.483 542.989 528.729 516.081 500.001 484.577 467.352 448.802 428.481 408.631 386.837 363.851 343.187 320.412 301.157 281.516 263.793 246.677 232.418 217.790 202.887 187.374 171.456 155.522 137.171 118.398 95.687 72.306 47.845 25.517 7.893 2.492 2.833 1.697 2.478 1.669 1.854 1.615 1.895 1.371 1.199 1.449 0.915 1.486 0.851 1.544 0.770 1.213 1.175 1.357 1.269 0.747 1.612 0.870 1.839 1.183 1.863 1.291 1.729 1.553 1.561 1.887 1.532 2.180 1.610 2.305 1.843 2.249 2.343 2.001 2.640 1.971 2.852 2.356 2.862 2.706 2.934 3.091 2.905 3.477 2.932 3.759 3.401 3.664 3.781 3.764 4.082 3.810 4.620 3.950 4.662 4.096 4.781 4.339 4.978 4.468 5.005 4.811 5.078 5.161 5.039 5.640 5.194 5.499 6.041 5.613 5.790 6.416 6.303 6.051 6.245 6.999 7.215 7.394 7.533 7.871 8.028 7.663 8.022 7.793 8.011 7.499
2957.955 2964.667 2963.540 2959.306 2950.956 2946.978 2939.618 2939.098 2933.993 2929.445 2913.971 2903.622 2890.383 2871.959 2861.110 2849.321 2830.073 2815.756 2800.605 2788.953 2770.695 2756.309 2730.476 2710.847 2678.026 2651.449 2623.940 2592.306 2567.865 2534.447 2507.820 2471.952 2435.584 2403.430 2368.925 2329.440 2286.673 2239.398 2175.894 2105.109 2020.838 1916.821 1789.941 1654.142 1513.247 1368.854 1242.405 1127.921 1024.071 932.482 854.692 780.996 719.575 668.463 619.807 577.378 537.939 502.602 468.719 437.383 407.258 380.234 353.682 331.614 313.195 297.867 286.711 277.478 271.066 264.395 261.200 257.689 254.879 252.375 247.921 242.783 234.534 224.286 209.780 195.574 177.569 160.193 142.171 122.932 105.118 85.816 67.709 47.229 27.712 9.951 2.112 2.181 1.391 2.029 1.165 1.885 1.641 1.225 1.582 0.687 1.616 0.870 1.466 1.086 0.946 1.492 0.972 1.559 0.833 1.203 1.007 1.271 1.165 1.043 1.533 1.101 1.724 1.144 1.752 1.433 1.678 1.664 1.570 2.036 1.534 2.259 1.586 2.298 1.975 2.108 2.447 2.082 2.821 2.155 2.903 2.464 2.963 3.038 2.907 3.552 3.046 3.812 3.192 3.890 3.665 3.913 3.992 4.028 4.183 4.142 4.500 4.188 4.833 4.368 5.018 4.410 5.108 4.875 5.111 5.490 4.999 5.552 5.737 5.387 6.103 6.221 5.912 6.312 6.964 7.274 7.187 7.187 7.391 7.572 7.816 8.122 8.819 8.284 8.788 8.624 7.499
2957.955 2960.717 2961.736 2955.631 2954.651 2948.987 2944.871 2942.754 2931.513 2929.044 2920.469 2903.740 2891.186 2881.808 2863.452 2853.838 2834.915 2822.498 2809.650 2797.420 2779.015 2766.099 2740.864 2719.520 2690.423 2662.180 2636.102 2605.232 2577.674 2546.746 2516.865 2485.545 2455.939 2415.886 2380.342 2341.818 2294.543 2238.800 2164.810 2077.786 1973.005 1856.208 1739.245 1616.667 1497.097 1386.847 1281.046 1180.381 1086.252 995.210 910.226 835.989 777.004 723.692 687.695 654.974 626.961 601.392 579.745 561.556 543.902 530.588 516.725 502.426 488.692 473.995 458.079 441.376 423.831 403.898 384.567 362.992 342.054 319.997 297.792 275.909 256.602 240.804 226.022 212.855 197.511 182.617 167.009 150.059 133.546 112.941 90.677 66.478 43.705 21.227 6.159 2.668 2.584 1.890 1.764 1.628 1.128 1.598 1.002 1.619 0.885 1.568 0.969 1.371 1.262 0.906 1.465 0.911 1.594 1.004 1.078 0.815 1.015 1.521 1.151 1.703 1.100 1.860 1.174 1.818 1.204 2.105 1.450 2.066 1.690 1.769 2.101 1.704 2.425 1.878 2.393 2.297 2.170 2.824 2.265 3.181 2.587 3.220 3.025 2.970 3.644 2.997 3.814 3.318 3.870 3.683 4.006 3.942 3.975 4.209 4.131 4.503 4.061 4.703 4.400 4.605 4.875 4.642 5.222 4.716 5.385 5.300 5.344 6.025 5.651 6.041 6.628 6.456 6.486 6.929 7.606 7.880 7.888 7.870 8.058 8.228 8.007 7.499 8.129 7.537 7.499
2957.955 2953.945 2951.976 2950.408 2946.047 2940.931 2939.196 2939.294 2933.307 2925.761 2912.315 2904.024 2891.216 2882.425 2865.589 2854.897 2845.802 2830.740 2817.912 2808.582 2786.287 2767.412 2747.087 2722.126 2699.675 2668.863 2648.342 2625.116 2593.903 2568.639 2539.572 2508.986 2483.820 2448.971 2405.194 2356.841 2293.984 2217.622 2131.088 2031.589 1918.477 1808.404 1695.782 1586.453 1486.297 1399.842 1317.777 1249.137 1185.565 1123.717 1065.172 1010.047 956.209 901.424 847.921 792.908 739.517 691.991 640.315 592.417 547.417 506.233 470.896 441.153 415.957 397.895 384.333 373.990 364.348 353.306 339.267 321.847 306.666 292.778 283.694 277.784 274.225 268.961 261.496 251.158 236.280 222.865 211.898 201.574 184.532 163.649 137.127 109.116 81.214 57.058 33.279 12.134 4.012 2.420 2.751 1.625 1.984 1.016 1.621 1.636 1.110 1.541 0.898 1.625 0.981 1.268 1.353 1.316 1.575 0.687 1.493 0.974 1.928 1.044 1.384 1.493 1.474 1.527 1.383 1.805 1.326 2.131 1.423 2.169 1.622 2.062 1.945 1.963 2.314 2.017 2.448 2.100 2.796 2.150 2.947 2.449 3.066 2.709 3.079 2.991 3.127 3.325 3.229 3.730 3.314 4.107 3.470 4.226 3.637 4.466 3.755 4.522 3.974 4.680 4.173 4.997 4.216 5.056 4.552 4.986 5.293 5.033 5.808 5.746 5.649 6.357 6.695 6.342 6.773 7.199 7.415 7.457 7.446 7.528 7.629 7.341 6.953 7.579 7.028 7.695 7.499
2957.955 2941.911 2945.194 2943.283 2939.236 2936.688 2940.049 2931.347 2929.053 2926.741 2916.147 2904.073 2895.008 2880.083 2871.145 2857.592 2842.813 2832.445 2815.746 2810.993 2792.696 2783.533 2762.659 2740.501 2720.676 2689.502 2670.353 2637.160 2615.414 2587.778 2554.615 2528.380 2497.736 2462.074 2432.576 2391.122 2353.793 2308.998 2251.981 2174.316 2084.685 1983.814 1870.056 1753.514 1635.228 1523.763 1410.093 1308.741 1215.180 1126.814 1041.828 968.774 896.827 833.892 780.818 733.846 694.275 662.736 633.642 607.977 585.095 564.914 549.942 533.132 517.355 501.861 486.562 468.351 451.997 433.831 414.005 395.630 374.776 354.204 331.353 309.447 285.488 265.099 248.067 232.898 216.901 201.811 186.133 168.148 151.303 133.789 114.537 91.419 67.961 44.141 22.406 6.668 2.354 2.386 1.579 2.139 1.186 1.323 1.470 1.459 1.265 1.070 1.491 0.771 1.446 1.098 1.356 1.366 1.073 1.508 0.535 1.474 0.959 1.779 1.131 1.508 1.456 1.450 1.599 1.143 1.875 1.368 1.778 1.659 1.702 2.113 1.678 2.479 1.766 2.477 1.954 2.729 2.192 2.811 2.450 2.818 2.930 2.652 3.219 2.702 3.518 2.912 3.624 3.193 3.670 3.602 3.750 3.965 3.737 4.330 3.901 4.461 3.986 4.620 4.146 4.796 4.280 5.060 4.606 5.205 5.213 4.990 5.849 5.618 5.429 6.138 6.411 5.853 6.361 6.832 6.622 6.349 6.317 6.377 6.561 6.926 7.140 6.622 6.909 6.612 7.499
2957.955 2945.615 2945.733 2947.105 2945.596 2942.479 2939.530 2932.150 2930.514 2930.425 2916.960 2909.238 2901.800 2887.011 2872.948 2867.911 2853.456 2843.950 2831.269 2818.000 2808.817 2791.256 2776.742 2749.272 2731.603 2709.220 2680.653 2661.582 2634.338 2605.712 2578.899 2555.252 2524.549 2493.022 2467.415 2434.193 2396.002 2350.079 2301.305 2241.946 2172.699 2094.848 2006.354 1899.779 1787.961 1662.648 1534.974 1399.146 1270.913 1149.550 1038.584 945.284 859.195 788.795 726.496 676.464 628.492 585.830 545.119 508.816 475.561 442.528 412.958 384.650 359.693 335.994 318.258 301.599 288.703 279.365 270.346 264.594 259.843 254.596 252.780 248.686 244.956 238.460 229.149 217.455 204.372 188.957 171.841 155.533 137.249 120.121 101.932 83.748 65.706 47.481 28.167 10.524 2.751 1.057 1.466 0.700 1.593 1.283 1.110 1.481 0.888 1.512 0.782 1.416 0.872 1.336 1.216 1.334 1.427 0.960 1.685 0.892 1.650 1.067 1.686 1.397 1.342 1.695 1.315 1.889 1.344 1.953 1.380 2.106 1.596 2.206 1.594 2.260 1.777 2.343 2.322 2.131 2.768 2.228 2.909 2.266 3.160 2.536 3.187 2.973 3.082 3.369 3.146 3.682 3.150 3.939 3.414 4.210 3.559 4.254 3.855 4.436 3.864 4.604 4.094 4.799 4.298 4.913 4.717 4.870 5.307 4.799 5.662 5.365 5.311 6.107 5.703 5.539 6.128 6.496 6.425 6.265 6.247 6.427 6.697 6.900 6.763 6.624 6.440 6.835 7.499
2957.955 2951.005 2947.605 2952.083 2951.868 2944.831 2944.851 2942.901 2938.412 2932.199 2925.329 2921.086 2903.916 2892.607 2886.002 2872.135 2863.384 2848.831 2841.089 2825.399 2817.245 2800.644 2785.395 2763.071 2737.130 2719.108 2693.363 2666.992 2646.510 2617.952 2589.640 2564.846 2532.790 2499.892 2472.922 2437.133 2396.365 2355.734 2294.572 2223.610 2144.642 2050.640 1944.006 1839.019 1722.771 1606.102 1500.204 1394.922 1293.708 1200.539 1115.201 1029.235 951.931 884.426 824.660 767.743 725.375 691.402 660.112 632.419 609.812 589.346 571.116 556.633 541.599 526.637 511.509 496.893 478.770 461.787 443.302 422.558 402.867 379.518 356.179 329.516 301.335 276.423 254.273 236.059 219.506 205.304 189.460 173.784 156.530 140.131 122.039 102.857 80.460 58.117 36.383 16.348 4.703 2.090 2.442 1.651 2.287 1.413 1.563 0.952 1.193 1.171 0.977 1.423 0.814 1.634 0.965 1.493 0.874 1.436 1.260 1.132 1.396 1.002 1.692 1.060 1.711 1.268 1.757 1.466 1.698 1.819 1.489 1.993 1.439 2.240 1.706 2.299 1.962 2.294 2.277 2.317 2.617 2.362 2.842 2.484 3.144 2.507 3.393 2.798 3.372 3.149 3.326 3.501 3.270 3.836 3.286 4.133 3.500 4.336 3.694 4.404 3.812 4.607 4.070 4.860 4.166 4.754 4.921 4.535 5.279 5.116 4.959 5.607 5.620 5.270 5.762 6.046 5.775 5.655 5.904 6.238 6.472 6.657 6.569 6.378 6.678 6.997 7.217 7.330 7.499
2957.955 2957.718 2961.785 2965.343 2960.639 2956.915 2956.699 2956.621 2948.144 2949.006 2939.667 2935.727 2917.048 2911.129 2897.262 2886.610 2870.557 2861.306 2848.801 2836.130 2828.790 2811.718 2795.920 2775.879 2747.528 2726.644 2705.349 2674.900 2646.598 2621.098 2592.296 2563.014 2528.782 2499.392 2462.769 2423.873 2383.076 2330.842 2269.200 2190.300 2100.287 1992.399 1881.453 1768.929 1655.279 1551.644 1461.366 1377.370 1300.842 1235.574 1173.344 1112.996 1051.354 995.445 937.474 877.822 820.781 763.704 708.468 656.150 606.745 557.455 515.115 477.545 445.721 418.788 400.228 386.407 375.284 367.657 359.980 351.958 341.209 329.926 315.087 301.452 288.381 277.285 268.476 259.414 248.822 234.421 220.548 205.568 192.127 174.608 152.164 125.810 95.427 67.171 41.862 21.926 5.579 3.454 1.775 2.185 1.371 1.667 1.605 1.694 1.594 1.121 1.590 0.899 1.607 0.846 1.515 0.893 1.594 0.956 1.337 1.193 1.195 1.675 1.061 1.759 1.044 1.838 1.326 1.706 1.700 1.409 1.928 1.473 2.137 1.484 2.286 1.736 2.230 2.086 2.178 2.583 2.124 2.852 2.239 3.080 2.538 3.215 2.873 3.184 3.054 3.221 3.490 3.292 3.829 3.374 4.119 3.571 4.198 3.931 4.364 4.025 4.508 4.164 4.630 4.293 4.922 4.406 4.995 4.713 5.120 5.179 4.952 5.734 5.445 5.282 6.032 5.967 5.632 5.813 6.268 6.605 6.792 6.925 7.077 6.700 6.934 7.503 7.267 7.681 7.499
2957.955 2962.834 2960.923 2967.009 2965.039 2962.393 2956.082 2957.385 2957.072 2948.575 2945.145 2931.425 2922.968 2909.914 2895.733 2884.405 2875.928 2860.542 2852.976 2835.307 2826.487 2808.219 2789.893 2770.548 2746.293 2720.990 2697.685 2669.108 2644.677 2619.050 2588.082 2562.171 2533.839 2503.096 2470.502 2432.370 2394.542 2350.187 2286.977 2217.377 2136.821 2039.321 1936.157 1826.769 1706.944 1593.950 1484.092 1379.879 1280.429 1191.670 1099.021 1016.015 939.584 867.306 807.546 757.516 714.959 686.219 654.462 625.822 603.706 581.361 561.951 545.098 528.115 510.514 493.883 477.501 458.303 441.218 422.266 402.775 382.895 362.543 340.028 315.679 291.614 270.273 250.664 232.784 217.270 201.543 186.859 170.455 154.238 137.737 119.949 101.067 80.525 59.897 37.564 18.888 5.198 3.554 2.116 2.536 1.104 1.896 1.508 1.598 1.530 1.259 1.517 0.995 1.586 0.867 1.266 1.738 0.716 1.170 0.882 0.926 1.151 1.079 1.320 1.049 1.677 0.907 1.817 1.041 1.856 1.188 1.791 1.595 1.665 1.825 1.818 2.071 1.702 2.431 1.792 2.510 2.037 2.519 2.496 2.597 2.858 2.645 3.254 2.708 3.495 2.956 3.692 3.341 3.668 3.865 3.738 4.190 3.716 4.477 3.894 4.570 4.255 4.588 4.526 4.584 4.949 4.458 5.290 4.740 5.339 5.339 5.037 5.809 5.535 5.509 6.224 6.373 6.097 6.079 6.801 7.199 7.340 7.552 7.744 7.926 7.527 8.352 8.103 8.509 7.499
2957.955 2962.609 2963.687 2966.235 2966.852 2960.884 2956.954 2948.516 2947.811 2946.654 2935.580 2925.908 2920.371 2904.054 2896.674 2880.896 2872.380 2860.757 2847.919 2833.699 2822.870 2801.379 2784.396 2764.257 2734.318 2715.982 2686.788 2666.031 2641.296 2610.054 2587.445 2558.241 2530.252 2499.098 2464.377 2431.145 2384.311 2343.523 2288.329 2222.473 2153.873 2071.152 1977.826 1872.702 1748.202 1613.590 1479.330 1344.903 1220.894 1108.272 1006.764 921.926 845.234 780.442 722.400 678.192 632.126 593.283 557.135 522.929 490.988 461.541 433.886 405.943 382.469 360.134 340.893 323.873 310.911 299.167 289.558 280.712 271.124 264.941 257.591 252.009 244.248 236.898 226.111 214.132 200.964 185.501 170.774 153.850 137.689 120.340 104.189 87.332 70.451 53.214 34.586 18.055 4.543 2.653 1.552 2.448 1.216 1.605 1.115 1.540 1.514 1.124 1.582 0.901 1.607 0.904 1.387 0.986 1.231 1.531 0.614 1.525 0.870 1.331 0.958 1.203 1.447 1.107 1.713 0.989 1.949 1.285 1.837 1.693 1.711 1.949 1.508 2.211 1.870 2.083 2.278 2.094 2.591 2.091 2.863 2.199 2.995 2.483 3.031 3.048 2.964 3.464 3.144 3.748 3.308 4.001 3.399 4.195 3.552 4.421 3.755 4.593 3.945 4.722 4.304 4.543 4.777 4.494 5.052 4.573 5.472 4.916 5.301 5.738 5.269 5.704 6.200 6.123 6.037 6.586 7.163 7.656 7.913 8.213 8.463 8.337 8.120 8.809 8.550 8.684 7.499
