IESNA:LM-63-2002
[TEST] 1
[TESTLAB] 
[TESTDATE] 2024-12-23
[ISSUEDATE] 2024-12-23 15:11:09
[LAMPPOSITION] 0,0
[OTHER] EVERFINE GO-2000A_V1 SYSTEM
[MANUFAC] 
[LUMINAIRE] 40W-5000K
[LAMP] CP08-10-80L-S2D5C3
TILT=NONE
1 6455.2 1 181 17 1 2 0.250 0.250 0.000
1.000 1 38.0744
0.0    1.0    2.0    3.0    4.0    5.0    6.0    7.0    8.0    9.0    
 10.0   11.0   12.0   13.0   14.0   15.0   16.0   17.0   18.0   19.0   
 20.0   21.0   22.0   23.0   24.0   25.0   26.0   27.0   28.0   29.0   
 30.0   31.0   32.0   33.0   34.0   35.0   36.0   37.0   38.0   39.0   
 40.0   41.0   42.0   43.0   44.0   45.0   46.0   47.0   48.0   49.0   
 50.0   51.0   52.0   53.0   54.0   55.0   56.0   57.0   58.0   59.0   
 60.0   61.0   62.0   63.0   64.0   65.0   66.0   67.0   68.0   69.0   
 70.0   71.0   72.0   73.0   74.0   75.0   76.0   77.0   78.0   79.0   
 80.0   81.0   82.0   83.0   84.0   85.0   86.0   87.0   88.0   89.0   
 90.0   91.0   92.0   93.0   94.0   95.0   96.0   97.0   98.0   99.0   
 100.0  101.0  102.0  103.0  104.0  105.0  106.0  107.0  108.0  109.0  
 110.0  111.0  112.0  113.0  114.0  115.0  116.0  117.0  118.0  119.0  
 120.0  121.0  122.0  123.0  124.0  125.0  126.0  127.0  128.0  129.0  
 130.0  131.0  132.0  133.0  134.0  135.0  136.0  137.0  138.0  139.0  
 140.0  141.0  142.0  143.0  144.0  145.0  146.0  147.0  148.0  149.0  
 150.0  151.0  152.0  153.0  154.0  155.0  156.0  157.0  158.0  159.0  
 160.0  161.0  162.0  163.0  164.0  165.0  166.0  167.0  168.0  169.0  
 170.0  171.0  172.0  173.0  174.0  175.0  176.0  177.0  178.0  179.0  
 180.0  
0.0    22.5   45.0   67.5   90.0   112.5  135.0  157.5  180.0  202.5  
 225.0  247.5  270.0  292.5  315.0  337.5  360.0  
2170.9 2173.1 2170.2 2166 2163.5 2162.6 2163.6 2164.4 2161.4 2152.1 
 2136.4 2117.5 2099.6 2087.2 2083.9 2087.6 2093 2094.7 2086.7 2066.2 
 2039.6 2010.7 1986.7 1968.3 1951.5 1927.8 1891.9 1844.3 1788.9 1733.8 
 1683.4 1639.7 1598.2 1556.2 1510.3 1459.7 1408.5 1359 1310.8 1264.3 
 1217.5 1172 1130 1095 1067.6 1048 1036.9 1032.8 1034.1 1037.7 
 1040.7 1042.4 1045.8 1055.5 1073.1 1097.4 1124.3 1146.4 1162.3 1176 
 1194.7 1226.6 1269.5 1316.2 1351.5 1366.3 1355 1321.4 1265.9 1188.1 
 1088 974.62 856.91 738.07 624.04 526.62 453.04 399.79 360.95 325.71 
 290.38 256.63 224.54 201.4 178.33 159.18 140.78 125.37 111.13 99.154 
 88.965 80.419 73.988 68.174 62.804 58.544 54.472 50.992 47.829 45.027 
 42.201 39.355 36.547 33.783 31.127 28.605 26.291 24.22 22.343 20.79 
 19.436 18.279 17.332 16.491 15.786 15.165 14.59 14.019 13.512 13.029 
 12.586 12.182 11.804 11.511 11.291 11.122 11.003 10.99 11.016 11.107 
 11.198 11.3 11.418 11.554 11.684 11.826 11.981 12.13 12.299 12.449 
 12.591 12.721 12.858 12.98 13.118 13.241 13.351 13.486 13.597 13.734 
 13.845 13.968 14.059 14.155 14.239 14.311 14.402 14.486 14.564 14.655 
 14.739 14.856 14.96 15.064 15.173 15.31 15.421 15.55 15.655 15.789 
 15.894 16.011 16.121 16.239 16.355 16.452 16.55 16.634 16.706 16.783 
 16.848 
2170.9 2174.6 2171.8 2166.5 2162 2159.7 2159.8 2159.2 2157.4 2151.3 
 2139.6 2123.3 2104 2087.9 2077.1 2074.1 2076.4 2080.5 2080.6 2072.2 
 2054.2 2027.2 1997.9 1971.7 1950 1931.6 1910.4 1881.5 1840.8 1792.4 
 1739.1 1686.6 1639.7 1599.3 1561 1521.4 1477.5 1429.8 1380.1 1331.9 
 1284.3 1238.8 1193.2 1149.1 1105.5 1065.9 1032.5 1005.5 985.86 972.37 
 963.28 958.37 956.38 957.2 960.24 966.12 974.13 984.32 999.16 1017.1 
 1039.4 1066.4 1096.7 1130.6 1167 1205.7 1243.6 1272.2 1281 1258.5 
 1205.3 1129.5 1040.4 937.48 827.14 719.36 622.35 539.06 472.35 420.35 
 368.38 326.63 288.15 251.36 219.74 191.94 165.44 143.61 123.65 105.57 
 89.84 76.641 67.545 59.631 52.821 47.037 41.892 37.392 33.8 30.583 
 27.596 24.952 22.653 20.685 19.046 17.788 16.654 15.679 14.857 14.217 
 13.694 13.209 12.735 12.26 11.822 11.479 11.177 10.904 10.663 10.458 
 10.307 10.191 10.121 10.114 10.127 10.154 10.238 10.387 10.537 10.693 
 10.876 11.05 11.226 11.4 11.594 11.782 11.964 12.128 12.303 12.458 
 12.606 12.748 12.878 12.996 13.12 13.229 13.34 13.443 13.541 13.644 
 13.741 13.833 13.917 14.007 14.092 14.176 14.268 14.372 14.462 14.558 
 14.663 14.772 14.909 15.027 15.157 15.279 15.397 15.52 15.642 15.767 
 15.902 16.018 16.129 16.239 16.356 16.447 16.518 16.602 16.673 16.745 
 16.848 
2170.9 2174.3 2171.1 2165.3 2159.4 2155.5 2154.1 2153.6 2153.3 2151.5 
 2145.4 2134.7 2118.3 2099.4 2080.2 2060.8 2044.4 2031.1 2022.8 2017.3 
 2014.5 2011.6 2008.9 2002.4 1990.6 1971.5 1945.1 1913.8 1879.1 1843 
 1809.2 1776.6 1742 1704.2 1659.7 1608.8 1553.7 1495.5 1436.9 1379.8 
 1322.2 1266.1 1210.9 1157.7 1104.5 1052.5 1002.1 953.14 906.75 862.18 
 820.47 780.64 743.04 709.42 680.82 659.35 644.62 635.52 629.65 626.91 
 628.37 637.68 656.93 687.08 724.03 763.9 806.01 852.54 906.31 962.25 
 1015.1 1057.6 1086.4 1101.4 1097.3 1073 1034.5 987.87 929.15 863.17 
 793.16 721.3 647.36 570.54 489.79 411.11 337.79 272.56 217.55 174.76 
 131.98 109.69 92.008 76.342 61.977 49.26 40.142 33.826 29.614 26.847 
 24.662 22.961 21.574 20.309 19.285 18.427 17.662 16.987 16.45 15.919 
 15.393 14.873 14.279 13.624 12.998 12.375 11.817 11.271 10.766 10.413 
 10.289 10.289 10.354 10.439 10.535 10.601 10.704 10.795 10.912 11.029 
 11.178 11.334 11.496 11.652 11.806 11.969 12.118 12.273 12.422 12.553 
 12.675 12.792 12.911 13.013 13.111 13.195 13.267 13.35 13.416 13.487 
 13.546 13.618 13.675 13.734 13.798 13.864 13.96 14.051 14.155 14.272 
 14.382 14.511 14.655 14.772 14.915 15.045 15.174 15.309 15.44 15.57 
 15.719 15.835 15.971 16.089 16.206 16.323 16.406 16.511 16.608 16.686 
 16.848 
2170.9 2175 2171.4 2167.3 2161.2 2159.5 2158.2 2156.2 2150.6 2141.3 
 2126.4 2108.3 2090 2076.1 2069.4 2068.4 2072.1 2073.3 2069.5 2055.5 
 2034.7 2009 1982.6 1959.8 1938 1914.2 1886.1 1849.4 1805.2 1756.6 
 1707.9 1660.8 1617.5 1576.2 1534.9 1491.1 1446.8 1401.2 1355.8 1310.1 
 1264.2 1218.4 1172.6 1130.4 1091 1057 1030.1 1009.2 994.76 984.57 
 978.19 972.85 970.14 969.6 972.43 980.02 991.84 1005.9 1022 1038.9 
 1058.1 1083.6 1115.2 1154.3 1195.1 1231.1 1255.8 1262.3 1246.8 1206.2 
 1140.3 1054.5 956.42 853.1 752.51 659.67 580.06 513.76 458.32 411.27 
 364.31 322.22 281.14 245.92 214.79 188.36 166.6 146.9 128.68 112.61 
 98.244 88.998 80.969 73.512 66.389 59.477 52.473 45.841 39.52 33.585 
 30.028 27.144 24.66 22.372 20.446 18.868 17.564 16.427 15.539 14.792 
 14.169 13.577 13.051 12.596 12.199 11.832 11.521 11.268 11.059 10.871 
 10.735 10.606 10.477 10.406 10.406 10.432 10.517 10.615 10.718 10.842 
 10.959 11.102 11.238 11.373 11.55 11.713 11.887 12.03 12.211 12.374 
 12.516 12.658 12.813 12.951 13.074 13.216 13.333 13.457 13.554 13.651 
 13.748 13.82 13.897 13.968 14.027 14.105 14.183 14.267 14.351 14.43 
 14.546 14.643 14.779 14.897 15.007 15.136 15.261 15.402 15.52 15.65 
 15.785 15.902 16.026 16.154 16.278 16.382 16.498 16.615 16.712 16.79 
 16.848 
2170.9 2164.5 2159.9 2155.2 2151.3 2149.7 2149.3 2146.6 2140.3 2127.1 
 2109.3 2089.8 2072.9 2063.8 2063 2066.2 2068.6 2063.6 2050.2 2026.4 
 1998.3 1971.6 1949.7 1930.4 1909 1878 1837.4 1787.6 1735 1684.7 
 1638.5 1597 1555 1510.6 1463.2 1414 1365.7 1317.2 1269.8 1222.1 
 1174.7 1131 1093.4 1062.5 1040.5 1025.9 1018.3 1016.4 1016.9 1018.1 
 1019.1 1022.6 1031.3 1047.8 1071.4 1096.4 1117.9 1133.9 1147.7 1167.6 
 1200.7 1245 1294.1 1333.7 1351.7 1343.4 1312.6 1260.4 1184.6 1089.3 
 978.3 862.19 747.52 639.68 548.91 480.53 428.19 385.21 342.28 302.71 
 265.33 231.34 204.38 182.87 161.6 143.75 128.74 114.86 103.08 92.72 
 84.286 78.228 72.467 67.199 62.737 58.713 54.916 51.376 47.796 44.393 
 41.285 38.534 35.952 33.436 31.049 28.838 26.811 24.991 23.343 21.967 
 20.733 19.643 18.664 17.72 16.941 16.23 15.552 15 14.51 14.098 
 13.737 13.446 13.196 12.988 12.872 12.833 12.872 12.969 13.079 13.189 
 13.306 13.436 13.566 13.715 13.846 13.988 14.13 14.274 14.424 14.56 
 14.708 14.852 15.019 15.156 15.299 15.436 15.552 15.668 15.785 15.881 
 15.967 16.051 16.109 16.18 16.239 16.284 16.33 16.381 16.434 16.485 
 16.524 16.57 16.609 16.647 16.712 16.751 16.804 16.855 16.9 16.926 
 16.965 16.972 16.985 17.023 17.03 17.03 17.036 17.023 17.004 17.004 
 16.848 
2170.9 2164.6 2159.5 2154 2148.6 2145.4 2143.5 2140.7 2134 2123.3 
 2107.4 2088.3 2071.4 2057.4 2050.1 2049.5 2051.5 2051.3 2044.8 2028.2 
 2004.9 1978.3 1952 1928 1906.1 1882.8 1854.5 1817 1771.7 1723.8 
 1674.6 1627.8 1584.9 1542.9 1501 1457.3 1412.2 1365.9 1318.9 1272.2 
 1225.3 1179.8 1135.5 1093.8 1056.9 1025.2 999.73 979.63 964.81 955.01 
 948.58 945.29 944.69 947.29 953.33 962.58 975.57 991.29 1010.1 1032.9 
 1060.3 1091.9 1128.5 1169 1206.5 1236.9 1251.2 1243.9 1209.5 1150.5 
 1070 976.78 875.38 773.99 680.23 595.8 524.66 462.23 407.18 360.2 
 316.93 276.68 241.86 211.03 187.28 163.56 143.2 124.27 108.76 95.167 
 86.55 79.291 71.759 64.573 57.46 50.566 43.694 38.083 33.486 30.088 
 27.375 24.888 22.774 20.93 19.603 18.462 17.588 16.866 16.252 15.751 
 15.276 14.853 14.458 14.06 13.69 13.406 13.146 12.943 12.77 12.645 
 12.541 12.451 12.404 12.372 12.359 12.398 12.494 12.618 12.74 12.864 
 13.018 13.17 13.338 13.513 13.682 13.836 14 14.16 14.323 14.484 
 14.642 14.797 14.967 15.108 15.246 15.375 15.485 15.583 15.673 15.758 
 15.823 15.881 15.946 16.004 16.05 16.095 16.134 16.186 16.225 16.264 
 16.309 16.355 16.388 16.439 16.485 16.524 16.556 16.601 16.647 16.673 
 16.705 16.719 16.712 16.738 16.776 16.796 16.809 16.809 16.809 16.809 
 16.848 
2170.9 2165.8 2160.3 2154.4 2147.7 2144 2140.6 2138.6 2135.4 2129.2 
 2120.5 2106.2 2089.3 2069.5 2051.2 2033 2018.6 2008 2000.7 1996 
 1992.2 1987.9 1980.7 1968.8 1949.7 1924.1 1893.1 1858.8 1824.7 1791.4 
 1757.2 1720.4 1679.7 1632.8 1581.1 1527.3 1471.7 1416 1360.3 1303.9 
 1247.6 1192.6 1139.1 1087.2 1036.6 987.25 939.66 893.72 850.5 808.18 
 768.38 731.28 698.55 672.66 653.04 639.7 630.03 622.6 619.21 623.17 
 636.89 662.08 693.9 728.34 763.88 805.57 856.38 910.66 962.16 1005.2 
 1040.1 1062.9 1068.8 1056.8 1029.9 993.03 945.14 885.84 819.78 753.42 
 683.5 611.17 533.97 455.86 382.41 308.98 248.8 198.49 153.88 124.42 
 108.49 94.554 81.724 69.611 59.048 49.017 40.153 34.164 29.749 26.925 
 24.883 23.254 21.997 20.883 19.971 19.192 18.518 17.95 17.368 16.831 
 16.274 15.638 15.003 14.391 13.836 13.317 12.829 12.436 12.288 12.314 
 12.417 12.52 12.599 12.684 12.754 12.84 12.95 13.06 13.17 13.299 
 13.442 13.605 13.768 13.936 14.098 14.252 14.388 14.532 14.68 14.812 
 14.941 15.07 15.181 15.278 15.376 15.454 15.525 15.589 15.641 15.7 
 15.752 15.817 15.875 15.927 15.979 16.037 16.096 16.161 16.232 16.291 
 16.355 16.4 16.453 16.504 16.575 16.621 16.673 16.719 16.771 16.816 
 16.835 16.842 16.855 16.887 16.881 16.881 16.881 16.855 16.835 16.803 
 16.848 
2170.9 2166.7 2160.7 2155.8 2150.4 2147.5 2145.7 2141.9 2132.4 2120.2 
 2102.9 2085.6 2071 2061.4 2058.1 2059.5 2060.4 2055.7 2042.5 2022.1 
 1995.5 1968.9 1944.2 1922.5 1899.3 1872.3 1836.4 1792.9 1744.4 1695.8 
 1648.9 1606.1 1564.3 1521.7 1478 1430.9 1383.3 1335.9 1288.6 1240.6 
 1193.2 1147.2 1102.7 1062.1 1027.4 998.76 977.08 961.2 950.57 943.17 
 938.12 934.86 935.27 940.26 948.82 960.49 974.28 989.96 1008.5 1033.9 
 1066 1104.1 1145.8 1188.6 1225.6 1254.3 1264.8 1246.6 1198.1 1125.3 
 1033.6 931.46 823.57 720.61 632.43 557.37 493.48 439.63 392.65 348.9 
 303.25 260.83 224.48 199.14 173.95 153.37 134.8 118.68 104.49 94.042 
 86.537 79.349 72.702 66.633 60.529 54.171 47.797 41.861 35.819 30.758 
 27.511 25.127 23.196 21.446 19.92 18.662 17.75 17.018 16.403 15.858 
 15.352 14.884 14.455 14.06 13.679 13.342 13.07 12.855 12.69 12.554 
 12.45 12.398 12.385 12.359 12.43 12.553 12.676 12.819 12.966 13.104 
 13.254 13.408 13.57 13.74 13.89 14.064 14.219 14.376 14.532 14.687 
 14.843 14.98 15.122 15.308 15.446 15.562 15.661 15.751 15.829 15.894 
 15.959 16.005 16.05 16.102 16.154 16.205 16.238 16.297 16.348 16.406 
 16.452 16.498 16.543 16.588 16.64 16.686 16.731 16.783 16.841 16.867 
 16.887 16.9 16.913 16.939 16.946 16.971 16.965 16.965 16.965 16.92 
 16.848 
2170.9 2168 2162.7 2156.9 2153.1 2152 2150.5 2145.6 2134.9 2118.9 
 2100.3 2082.9 2070.6 2065.5 2067.2 2070.5 2069.4 2059 2038.1 2010.3 
 1980.5 1955.8 1935.1 1915.1 1888 1849.4 1800.7 1745.9 1692.3 1644.8 
 1601.2 1559.5 1514.3 1465.3 1415.3 1365.2 1315.4 1267.7 1219.8 1171.9 
 1126 1085.7 1052.6 1027.7 1011.1 1003 1002.2 1005.3 1007.2 1007.3 
 1007.2 1012.2 1027.5 1053.1 1083.2 1108.3 1124.4 1133.9 1148.4 1179.6 
 1229.7 1288.9 1338.1 1364.7 1361.4 1333.9 1283.7 1208 1103.8 984.44 
 860.03 738.57 624.17 536.32 477.27 434.82 392.81 350.79 308.83 264.64 
 222.5 194.04 173 153.43 137.74 122.77 109.83 99.603 90.856 83.789 
 77.966 72.264 67.391 63.201 59.42 55.854 52.337 48.872 45.388 41.932 
 38.544 35.369 32.801 30.361 28.057 25.989 24.134 22.545 21.216 20.019 
 18.958 18.095 17.357 16.698 16.049 15.461 14.928 14.466 14.071 13.74 
 13.455 13.254 13.091 13.014 13.028 13.099 13.171 13.261 13.358 13.468 
 13.579 13.689 13.826 13.957 14.104 14.248 14.39 14.532 14.662 14.805 
 14.956 15.105 15.246 15.378 15.519 15.635 15.746 15.844 15.934 15.972 
 15.986 16.057 16.181 16.304 16.336 16.382 16.421 16.466 16.498 16.531 
 16.582 16.602 16.635 16.673 16.719 16.758 16.784 16.823 16.868 16.894 
 16.907 16.9 16.901 16.939 16.939 16.939 16.939 16.926 16.907 16.874 
 16.848 
2170.9 2169.1 2164.1 2158.8 2153.9 2150.5 2148.4 2144.5 2136.7 2124.3 
 2107.9 2090 2075.9 2066.7 2062.5 2063.7 2065.2 2060.7 2047.8 2026.2 
 1999.2 1970.4 1945.7 1922.8 1901.6 1875.6 1840.6 1796.4 1747.4 1696.6 
 1647.9 1605.4 1564.6 1523.4 1478.7 1430.9 1382.2 1333.5 1287.1 1240.9 
 1194.4 1148.8 1103.7 1062 1025.9 996.22 972.63 956.08 944.77 937.56 
 933.53 931.79 932.42 935.37 941.81 952.51 968.39 987.98 1011.1 1036.3 
 1063.2 1094.4 1133.8 1182.6 1229.5 1264.9 1276.7 1257.1 1208 1136.2 
 1042.8 934.81 821.06 713.64 623.71 551.05 492.86 441.41 395.92 353.94 
 307.35 261.48 223.3 197.11 170.94 150.41 132.22 116.6 102.23 91.443 
 84.217 77.679 71.261 64.583 58.172 51.895 45.937 40.276 35.13 30.237 
 26.038 23.865 22.122 20.53 19.043 17.737 16.773 16.16 15.688 15.27 
 14.876 14.528 14.195 13.861 13.513 13.242 13.024 12.848 12.703 12.593 
 12.483 12.424 12.372 12.365 12.416 12.514 12.63 12.747 12.863 13.013 
 13.157 13.317 13.474 13.643 13.804 13.96 14.122 14.298 14.454 14.603 
 14.757 14.926 15.057 15.2 15.336 15.471 15.582 15.68 15.763 15.848 
 15.901 15.959 16.011 16.063 16.096 16.128 16.167 16.212 16.251 16.264 
 16.258 16.303 16.342 16.426 16.491 16.53 16.55 16.588 16.634 16.66 
 16.686 16.686 16.693 16.718 16.751 16.777 16.771 16.783 16.79 16.79 
 16.848 
2170.9 2170.6 2165.9 2159.9 2154.4 2151.9 2149.1 2147.1 2144.5 2137.7 
 2126.4 2111.4 2093.7 2072.6 2055.3 2039.2 2026.1 2016.2 2009 2004.6 
 2000 1994 1985.8 1971 1950.1 1922.4 1888.5 1853 1817.1 1783.6 
 1750.1 1714.9 1674.3 1627 1575.4 1520.8 1464.7 1408.1 1352.1 1295.2 
 1238.8 1183.8 1130.1 1076.7 1024.8 975.43 927.26 881.74 840.38 799.66 
 761.18 724.72 692.38 666.01 647.62 636.22 629.58 624.86 621.62 623.32 
 634.25 658.45 693.4 734.34 774.98 815.5 860.82 915.15 971.23 1017.7 
 1053.9 1076 1081.4 1067.1 1035.7 996.62 949.11 889.54 823.66 755.33 
 687.08 617.09 540.17 460.71 386.58 312.59 252.53 202.56 158.56 127.45 
 111.02 97.246 85.247 74.422 63.954 53.682 44.421 35.762 30.165 27.341 
 25.115 23.287 21.912 20.754 19.76 18.941 18.278 17.691 17.108 16.565 
 15.96 15.302 14.67 14.064 13.534 13.002 12.516 12.183 12.132 12.206 
 12.347 12.47 12.56 12.645 12.743 12.833 12.95 13.081 13.21 13.352 
 13.501 13.656 13.82 13.99 14.145 14.306 14.442 14.598 14.735 14.87 
 14.993 15.116 15.247 15.343 15.441 15.519 15.596 15.661 15.72 15.779 
 15.824 15.869 15.921 15.973 16.018 16.07 16.109 16.161 16.232 16.291 
 16.343 16.381 16.42 16.466 16.531 16.582 16.635 16.68 16.712 16.751 
 16.777 16.783 16.79 16.816 16.816 16.816 16.816 16.809 16.796 16.777 
 16.848 
2170.9 2172.3 2168.2 2164.6 2160.3 2159.5 2157.8 2153.4 2145.9 2131.6 
 2114.2 2095.2 2079.8 2069.6 2065.7 2065.8 2066 2060.8 2048 2028.8 
 2002.5 1976.5 1950.7 1927.9 1905.5 1878.5 1845.5 1804.7 1758.4 1710.5 
 1662.6 1618.2 1576.1 1534 1490.7 1446.1 1399.5 1353.4 1307.3 1261 
 1215.8 1172.1 1129.6 1090.3 1055.8 1027.2 1002.8 984.52 970.78 960.57 
 953.93 950.41 950.39 954.31 962.3 973.03 985.42 998.53 1013.7 1034.3 
 1062.2 1097.9 1136.9 1172.8 1200.5 1218.6 1224.9 1216 1182.6 1121.8 
 1039.3 946.86 847.44 745.91 653.33 574.41 509.86 455.06 409.54 371.24 
 331.88 289.54 250.62 217.4 193.72 170.11 150.92 132.74 117.15 103.01 
 93.377 85.449 78.265 71.779 65.373 58.856 52.311 45.62 39.268 34.081 
 30.343 27.405 24.965 22.763 20.951 19.433 18.216 17.427 16.749 16.166 
 15.676 15.193 14.764 14.325 13.91 13.523 13.16 12.892 12.679 12.515 
 12.393 12.295 12.243 12.223 12.223 12.352 12.5 12.649 12.824 12.994 
 13.174 13.33 13.507 13.686 13.85 14.03 14.206 14.374 14.557 14.725 
 14.893 15.051 15.199 15.343 15.46 15.582 15.679 15.777 15.861 15.927 
 15.959 15.953 15.959 16.063 16.153 16.193 16.258 16.309 16.361 16.413 
 16.452 16.491 16.53 16.563 16.62 16.654 16.679 16.725 16.77 16.809 
 16.835 16.835 16.842 16.861 16.887 16.894 16.894 16.894 16.894 16.9 
 16.848 
2170.9 2163.5 2160.2 2156.6 2155.5 2155.6 2154.4 2149.5 2140.1 2123.8 
 2105.2 2088 2076 2072.4 2073.7 2075.4 2072.3 2059.4 2039.1 2011.4 
 1983.9 1959 1936.9 1915.6 1888.9 1853.8 1809.2 1759.7 1708.7 1660.1 
 1615 1572.2 1529.2 1483.3 1436.7 1388 1340.9 1294.1 1248.9 1204.6 
 1162.6 1124.5 1091.3 1065.5 1045.7 1033.2 1026.2 1024.4 1025.9 1029.5 
 1033.8 1040.3 1050.7 1065.6 1085.1 1106.8 1127.5 1146.4 1165.4 1188.4 
 1217.5 1251.7 1284.1 1307.6 1315.7 1304.5 1271.3 1214.1 1132.8 1036.8 
 929.8 818.31 708.79 606.2 519.72 454.57 409.55 375.38 343.31 310.63 
 274.79 237.21 209.14 181.09 158.24 142.08 127.33 113.72 102.26 91.899 
 83.759 77.505 71.671 66.548 62.007 57.975 54.079 50.293 46.639 42.96 
 39.448 36.186 33.321 30.746 28.33 26.122 24.099 22.329 20.77 19.377 
 18.111 17.068 16.15 15.38 14.669 13.995 13.395 12.893 12.472 12.102 
 11.781 11.504 11.284 11.147 11.023 10.951 10.951 10.983 11.061 11.139 
 11.242 11.353 11.476 11.6 11.748 11.903 12.08 12.242 12.408 12.54 
 12.675 12.812 12.935 13.052 13.177 13.311 13.41 13.54 13.669 13.779 
 13.888 13.994 14.077 14.169 14.253 14.331 14.416 14.499 14.584 14.681 
 14.785 14.889 15.005 15.128 15.264 15.388 15.525 15.654 15.776 15.9 
 16.023 16.14 16.271 16.374 16.466 16.575 16.654 16.75 16.822 16.907 
 16.848 
2170.9 2166.6 2162.6 2159.6 2156.7 2155.5 2154.7 2150.9 2144.3 2132.1 
 2115.1 2097 2081.8 2070.6 2066.5 2066.4 2067.4 2064.9 2054.7 2037.3 
 2014.5 1987.9 1962.4 1938.5 1917.5 1893.7 1864.4 1826.7 1782.3 1734.9 
 1687.2 1641.1 1598.4 1557.1 1515.9 1472.9 1428.6 1382.5 1336.2 1292 
 1247.2 1203.9 1161.3 1121 1084.3 1052.2 1026.2 1004.9 989.12 978.4 
 970.92 966.93 965.38 966.83 971.25 978.7 988.65 1001.1 1015.5 1034.1 
 1056.6 1084.9 1116.3 1148.2 1177.7 1203.6 1223.3 1230.2 1218.1 1180.7 
 1118.6 1038.1 946.69 846.64 745.7 652.61 573.01 507.17 454.53 413.32 
 372.11 335.68 294.21 253.67 217.9 187.88 164.16 143.28 125.39 110.35 
 97.004 87.76 79.995 72.905 66.5 60.397 54.188 47.711 41.043 34.989 
 29.26 24.427 22.308 20.468 18.859 17.558 16.437 15.541 14.783 14.171 
 13.631 13.149 12.66 12.244 11.887 11.527 11.223 10.975 10.767 10.612 
 10.476 10.366 10.302 10.296 10.309 10.393 10.525 10.672 10.821 10.971 
 11.12 11.283 11.459 11.621 11.791 11.964 12.108 12.281 12.438 12.587 
 12.716 12.852 12.969 13.094 13.21 13.339 13.443 13.546 13.663 13.76 
 13.845 13.936 14.008 14.091 14.169 14.26 14.339 14.43 14.526 14.631 
 14.734 14.857 14.982 15.117 15.241 15.364 15.493 15.605 15.715 15.824 
 15.954 16.064 16.168 16.278 16.375 16.459 16.531 16.608 16.68 16.745 
 16.848 
2170.9 2169.6 2166.4 2161.2 2157 2153.8 2152.8 2152 2152.5 2149.5 
 2142.7 2130.8 2114.7 2095.5 2075.1 2056.6 2041.1 2028.1 2020.6 2015.9 
 2012.3 2009.2 2004.4 1995.8 1981.1 1959.6 1932.6 1899.4 1864.2 1828 
 1792.8 1758.2 1720.9 1679.9 1634.8 1584.4 1531 1475.1 1418.3 1361.4 
 1304.9 1248.5 1194.2 1141.6 1090.2 1039.8 990.52 942.71 897.51 854.13 
 813.3 774.64 738.45 706.64 680.04 660.81 648.55 640.79 636.31 634.03 
 636.37 647.86 669.74 701.59 739.19 778.42 817.44 862.03 911.54 963.8 
 1009.7 1044 1067.9 1079.4 1071.9 1047.7 1011.5 966.54 911.34 850.02 
 782.88 713.52 641.46 568.73 493.28 417.05 344.31 279.5 223.47 179.26 
 135.09 110.05 92.806 78.023 66.064 55.308 45.879 38.01 31.727 27.89 
 25.374 23.419 21.901 20.591 19.461 18.545 17.741 17.073 16.497 15.92 
 15.377 14.839 14.239 13.594 12.961 12.388 11.825 11.288 10.827 10.535 
 10.451 10.446 10.516 10.614 10.691 10.763 10.841 10.938 11.03 11.152 
 11.288 11.426 11.58 11.749 11.904 12.059 12.23 12.378 12.514 12.657 
 12.774 12.877 12.981 13.086 13.176 13.267 13.325 13.404 13.468 13.527 
 13.592 13.644 13.696 13.754 13.818 13.903 13.975 14.065 14.169 14.272 
 14.39 14.538 14.662 14.798 14.935 15.064 15.214 15.343 15.467 15.596 
 15.738 15.855 15.986 16.121 16.226 16.33 16.44 16.538 16.615 16.706 
 16.848 
2170.9 2172.2 2168.8 2164.7 2160.6 2158.5 2157.7 2158.3 2156.3 2149.8 
 2138.9 2122.3 2104.8 2088.4 2078.6 2075.9 2078 2080.8 2079.3 2070.4 
 2052 2025.7 1997.2 1971.1 1948 1929.1 1905.5 1876.7 1836.1 1788.7 
 1736.9 1685.9 1639.2 1596.5 1556.8 1515.1 1471.6 1423.7 1375.1 1326.4 
 1278.4 1232.4 1186.6 1143.4 1101.1 1063.8 1031.9 1006.5 987.68 974.49 
 965.62 960.71 957.88 957.05 959.96 966.34 975.73 987.59 1001.3 1019.1 
 1040.6 1068 1101.6 1137.8 1173.2 1206.5 1236.6 1258.3 1261.9 1238.6 
 1184.1 1107.2 1018 915.73 808.37 703.2 610.02 531.18 466.83 417.62 
 368.42 329.74 293.24 256.53 224.22 195.99 172.04 151.6 133.09 115.91 
 100.98 88.502 79.12 70.356 62.682 55.566 48.87 43.071 38.956 35.185 
 31.749 28.639 25.917 23.546 21.54 19.858 18.436 17.225 16.281 15.507 
 14.857 14.299 13.802 13.318 12.867 12.465 12.131 11.832 11.579 11.358 
 11.164 10.995 10.84 10.724 10.633 10.64 10.68 10.744 10.822 10.939 
 11.056 11.185 11.315 11.459 11.621 11.776 11.944 12.108 12.282 12.432 
 12.594 12.735 12.872 13.022 13.139 13.269 13.399 13.516 13.631 13.728 
 13.806 13.891 13.962 14.033 14.091 14.163 14.228 14.312 14.396 14.481 
 14.578 14.69 14.8 14.916 15.039 15.15 15.281 15.402 15.526 15.655 
 15.798 15.914 16.032 16.162 16.285 16.401 16.518 16.615 16.712 16.803 
 16.848 
2170.9 2173.1 2170.2 2166 2163.5 2162.6 2163.6 2164.4 2161.4 2152.1 
 2136.4 2117.5 2099.6 2087.2 2083.9 2087.6 2093 2094.7 2086.7 2066.2 
 2039.6 2010.7 1986.7 1968.3 1951.5 1927.8 1891.9 1844.3 1788.9 1733.8 
 1683.4 1639.7 1598.2 1556.2 1510.3 1459.7 1408.5 1359 1310.8 1264.3 
 1217.5 1172 1130 1095 1067.6 1048 1036.9 1032.8 1034.1 1037.7 
 1040.7 1042.4 1045.8 1055.5 1073.1 1097.4 1124.3 1146.4 1162.3 1176 
 1194.7 1226.6 1269.5 1316.2 1351.5 1366.3 1355 1321.4 1265.9 1188.1 
 1088 974.62 856.91 738.07 624.04 526.62 453.04 399.79 360.95 325.71 
 290.38 256.63 224.54 201.4 178.33 159.18 140.78 125.37 111.13 99.154 
 88.965 80.419 73.988 68.174 62.804 58.544 54.472 50.992 47.829 45.027 
 42.201 39.355 36.547 33.783 31.127 28.605 26.291 24.22 22.343 20.79 
 19.436 18.279 17.332 16.491 15.786 15.165 14.59 14.019 13.512 13.029 
 12.586 12.182 11.804 11.511 11.291 11.122 11.003 10.99 11.016 11.107 
 11.198 11.3 11.418 11.554 11.684 11.826 11.981 12.13 12.299 12.449 
 12.591 12.721 12.858 12.98 13.118 13.241 13.351 13.486 13.597 13.734 
 13.845 13.968 14.059 14.155 14.239 14.311 14.402 14.486 14.564 14.655 
 14.739 14.856 14.96 15.064 15.173 15.31 15.421 15.55 15.655 15.789 
 15.894 16.011 16.121 16.239 16.355 16.452 16.55 16.634 16.706 16.783 
 16.848 
