IESNA:LM-63-2002
[TEST] 1
[TESTLAB] 
[TESTDATE] 2024-12-23
[ISSUEDATE] 2024-12-23 15:44:59
[LAMPPOSITION] 0,0
[OTHER] EVERFINE GO-2000A_V1 SYSTEM
[MANUFAC] 
[LUMINAIRE] 40W-3000K
[LAMP] CP08-10-80L-S2D5C3
TILT=NONE
1 6106.8 1 181 17 1 2 0.250 0.250 0.000
1.000 1 38.2033
0.0    1.0    2.0    3.0    4.0    5.0    6.0    7.0    8.0    9.0    
 10.0   11.0   12.0   13.0   14.0   15.0   16.0   17.0   18.0   19.0   
 20.0   21.0   22.0   23.0   24.0   25.0   26.0   27.0   28.0   29.0   
 30.0   31.0   32.0   33.0   34.0   35.0   36.0   37.0   38.0   39.0   
 40.0   41.0   42.0   43.0   44.0   45.0   46.0   47.0   48.0   49.0   
 50.0   51.0   52.0   53.0   54.0   55.0   56.0   57.0   58.0   59.0   
 60.0   61.0   62.0   63.0   64.0   65.0   66.0   67.0   68.0   69.0   
 70.0   71.0   72.0   73.0   74.0   75.0   76.0   77.0   78.0   79.0   
 80.0   81.0   82.0   83.0   84.0   85.0   86.0   87.0   88.0   89.0   
 90.0   91.0   92.0   93.0   94.0   95.0   96.0   97.0   98.0   99.0   
 100.0  101.0  102.0  103.0  104.0  105.0  106.0  107.0  108.0  109.0  
 110.0  111.0  112.0  113.0  114.0  115.0  116.0  117.0  118.0  119.0  
 120.0  121.0  122.0  123.0  124.0  125.0  126.0  127.0  128.0  129.0  
 130.0  131.0  132.0  133.0  134.0  135.0  136.0  137.0  138.0  139.0  
 140.0  141.0  142.0  143.0  144.0  145.0  146.0  147.0  148.0  149.0  
 150.0  151.0  152.0  153.0  154.0  155.0  156.0  157.0  158.0  159.0  
 160.0  161.0  162.0  163.0  164.0  165.0  166.0  167.0  168.0  169.0  
 170.0  171.0  172.0  173.0  174.0  175.0  176.0  177.0  178.0  179.0  
 180.0  
0.0    22.5   45.0   67.5   90.0   112.5  135.0  157.5  180.0  202.5  
 225.0  247.5  270.0  292.5  315.0  337.5  360.0  
2073.1 2073.5 2071.2 2066.4 2064.1 2064.2 2065.3 2067.1 2065.8 2055.8 
 2038.5 2018.2 1998.5 1985.9 1984.3 1990 1997 1999.6 1990.5 1969.1 
 1941.1 1913.8 1891.7 1877 1863.7 1841.3 1803.6 1751.7 1692.1 1635.6 
 1588.4 1551.7 1517.9 1480.2 1435.7 1385.2 1333.8 1286.2 1243 1199.5 
 1156.3 1111.6 1069.9 1035.3 1008.4 989.95 979.22 974.59 975.49 978.72 
 981.41 980.77 980.99 987.03 1002.9 1028.1 1055.9 1077.7 1090.9 1098.3 
 1111.5 1139.7 1182.7 1230 1265.8 1276.5 1258.2 1219.8 1168.7 1104 
 1013.1 902.87 792.43 684.32 580.73 490.93 423.48 376.87 340.16 308.32 
 280.64 255.37 227.92 201.38 174.86 151.77 131.46 116.38 103.69 91.86 
 81.028 72.463 67.007 62.375 58.341 55.04 51.611 48.322 45.098 42.213 
 39.43 36.763 34.091 31.47 28.96 26.668 24.578 22.665 20.937 19.486 
 18.17 17.151 16.261 15.484 14.825 14.253 13.713 13.198 12.723 12.278 
 11.852 11.488 11.15 10.882 10.672 10.523 10.413 10.387 10.432 10.517 
 10.607 10.718 10.822 10.945 11.068 11.211 11.354 11.503 11.665 11.8 
 11.95 12.08 12.204 12.326 12.443 12.561 12.676 12.805 12.929 13.033 
 13.143 13.255 13.345 13.442 13.532 13.611 13.683 13.76 13.839 13.928 
 14.007 14.104 14.214 14.317 14.435 14.559 14.663 14.792 14.903 15.025 
 15.129 15.239 15.357 15.466 15.577 15.674 15.758 15.843 15.914 15.973 
 16.037 
2073.1 2075.1 2071.9 2066.3 2062.2 2060.5 2059.8 2060.8 2060.2 2054.3 
 2041.8 2024.2 2004.3 1986.9 1976.5 1974.5 1979.8 1986.8 1990.3 1982.4 
 1962.7 1934.8 1904 1878.2 1858.4 1843 1824.8 1798 1759 1709.4 
 1654.7 1601.9 1556.9 1518.2 1483.5 1445.5 1403.5 1356.3 1307.9 1261 
 1215.7 1173.2 1130.5 1088.1 1047.4 1009.8 978.06 952.22 933.37 919.36 
 911.86 906.94 905.25 905.48 907.05 910.6 917.72 929 944.39 962.94 
 983.54 1006.5 1031.9 1061.4 1096.7 1136.4 1175.3 1201.9 1204.9 1179.2 
 1125.7 1053.5 969.18 872.94 769.15 665.68 575.92 500.62 441 394.92 
 348.85 307.33 268.02 230.81 199.9 175.2 152.99 134.46 115.75 98.168 
 83.217 71.401 63.574 56.376 49.941 44.593 39.557 35.171 31.712 28.667 
 25.937 23.441 21.277 19.452 17.976 16.757 15.716 14.81 14.037 13.441 
 12.946 12.492 12.045 11.607 11.187 10.864 10.578 10.32 10.086 9.8979 
 9.7559 9.6459 9.5822 9.5824 9.6019 9.6216 9.7067 9.8483 9.9993 10.161 
 10.318 10.493 10.653 10.824 10.985 11.167 11.342 11.504 11.665 11.808 
 11.952 12.088 12.217 12.328 12.457 12.574 12.665 12.775 12.866 12.969 
 13.066 13.157 13.235 13.319 13.392 13.482 13.579 13.657 13.755 13.839 
 13.956 14.065 14.183 14.293 14.423 14.527 14.656 14.767 14.903 15.02 
 15.143 15.24 15.364 15.474 15.578 15.668 15.739 15.804 15.869 15.947 
 16.037 
2073.1 2074.1 2070.2 2065.5 2060 2055.4 2053.8 2055.2 2055.8 2055.4 
 2051.1 2042 2027 2008.5 1987 1966.5 1948.1 1935.3 1925.2 1921 
 1919.8 1918.4 1915.5 1908.7 1895.8 1876 1850.2 1819.7 1786.9 1753.7 
 1720.5 1687 1651.9 1612.9 1570.7 1522.1 1470.1 1416.5 1360.3 1304 
 1250.3 1197 1145.4 1095.3 1045.6 997.31 950.36 904.41 860.92 818.55 
 778.61 740.97 706.5 677.85 653.21 633.34 617.96 607.06 601.36 601.43 
 608.1 620.66 637.52 659.68 687.83 721.78 763.17 807.75 853.6 898.47 
 943.19 984.31 1014.7 1026.4 1020.5 998.47 963.02 918.67 866.48 806.68 
 740.52 672.33 603.29 531.24 455.84 382.69 314.71 254.36 203.35 160.96 
 122.6 101.47 85.358 70.847 57.974 46.35 37.71 31.834 27.809 25.181 
 23.181 21.604 20.284 19.128 18.171 17.367 16.657 16.045 15.535 15.044 
 14.543 14.055 13.493 12.881 12.287 11.698 11.171 10.663 10.196 9.8689 
 9.7513 9.7513 9.8099 9.8865 9.9652 10.037 10.133 10.23 10.336 10.465 
 10.588 10.736 10.892 11.035 11.191 11.352 11.495 11.633 11.782 11.899 
 12.027 12.145 12.255 12.353 12.443 12.521 12.612 12.67 12.736 12.807 
 12.865 12.93 12.981 13.04 13.092 13.177 13.261 13.339 13.43 13.539 
 13.649 13.779 13.89 14.027 14.149 14.286 14.414 14.539 14.661 14.786 
 14.914 15.038 15.169 15.284 15.401 15.492 15.59 15.681 15.772 15.856 
 16.037 
2073.1 2074.1 2071 2065.9 2062.7 2060.5 2059.9 2058.7 2054.6 2045.2 
 2030.5 2012.1 1993.6 1979.6 1973.2 1973.2 1977.7 1981.1 1977.5 1963.2 
 1939.7 1911.8 1884.4 1861.4 1840.6 1820.3 1795.1 1760.5 1716.1 1666.5 
 1617.4 1572.2 1531.5 1495.2 1458.7 1418.3 1375.9 1331.2 1285.8 1241.5 
 1197.7 1154.1 1111 1069.8 1031.4 998.24 970.74 949.67 934.52 924.26 
 917.69 913.63 910.59 909.4 911.79 918.83 931.08 946.49 963 979.05 
 996.2 1017.5 1047.1 1084.5 1125.8 1161 1183.3 1186.6 1169 1129 
 1066.8 987.22 896.62 800.27 706.2 618.07 544.66 483.37 432.47 386.93 
 341.43 300.07 260.45 225.77 198.77 174.82 155.68 137.43 120.38 105.26 
 92.082 83.857 76.661 69.749 63.189 56.601 49.966 43.583 37.512 31.778 
 28.246 25.607 23.232 21.1 19.263 17.82 16.546 15.48 14.639 13.933 
 13.359 12.8 12.312 11.869 11.501 11.167 10.871 10.638 10.443 10.282 
 10.139 10.028 9.9061 9.8611 9.8547 9.8687 9.9585 10.056 10.147 10.27 
 10.395 10.512 10.647 10.79 10.945 11.096 11.251 11.419 11.564 11.725 
 11.866 12.002 12.153 12.289 12.412 12.541 12.659 12.782 12.878 12.963 
 13.054 13.132 13.196 13.274 13.346 13.411 13.483 13.553 13.625 13.716 
 13.82 13.924 14.039 14.157 14.28 14.383 14.514 14.637 14.76 14.884 
 15.006 15.123 15.246 15.37 15.48 15.59 15.694 15.811 15.895 15.973 
 16.037 
2073.1 2071.6 2068.4 2064 2060.8 2059.9 2062 2061.8 2055.1 2042.2 
 2025.3 2005.3 1987.5 1976.8 1976.1 1979 1981 1975.6 1959.9 1935.6 
 1907.3 1881.5 1862 1845.8 1825 1794.7 1750.8 1700 1645.1 1595.7 
 1553.1 1516 1478.1 1435 1387.7 1338.2 1291.8 1246.8 1202.1 1157 
 1111.6 1069.8 1032.5 1002.9 981.24 967.35 959.61 956.97 957.45 958.24 
 959.04 960.52 966.93 981.58 1003.6 1028.4 1050.5 1065.6 1077.8 1093.5 
 1120.6 1161.6 1207.2 1244.1 1258.2 1246.7 1213.9 1165.7 1097.1 1006.9 
 901.77 791.47 684.2 584.11 502.54 441.71 400.26 358.82 325.33 294.45 
 264.11 233.52 204.75 179.35 155.76 136.45 120.95 107.27 95.148 84.325 
 76.038 70.794 66.262 62.369 59.07 55.559 52.074 48.57 45.008 41.66 
 38.634 36.044 33.56 31.192 28.975 26.925 25.034 23.35 21.838 20.564 
 19.41 18.396 17.48 16.637 15.918 15.257 14.654 14.141 13.694 13.319 
 12.999 12.716 12.501 12.332 12.217 12.197 12.23 12.334 12.43 12.54 
 12.657 12.781 12.904 13.04 13.169 13.313 13.468 13.599 13.753 13.884 
 14.014 14.157 14.292 14.436 14.558 14.689 14.799 14.929 15.032 15.143 
 15.233 15.311 15.383 15.44 15.499 15.558 15.603 15.668 15.706 15.772 
 15.823 15.882 15.914 15.947 15.992 16.063 16.115 16.148 16.18 16.219 
 16.238 16.245 16.264 16.284 16.29 16.29 16.284 16.277 16.258 16.245 
 16.037 
2073.1 2070.7 2065.8 2060.4 2055.3 2053.1 2051.8 2050.4 2047.3 2037.9 
 2021.8 2002.6 1984.2 1969.2 1960.7 1959.6 1962.6 1963.6 1956.9 1939.9 
 1915.8 1887.5 1859.6 1836.4 1816.4 1794.5 1767.5 1730 1685.9 1638.5 
 1591.7 1549.4 1509.8 1471.7 1430.8 1388 1343.1 1297.4 1251.7 1206.9 
 1163 1119.2 1075.6 1035 999.05 967.81 942.96 923.67 910.17 901.34 
 895.21 892.01 890.78 892.33 897.56 906.57 919.79 936.12 952.85 971.41 
 994.24 1024.1 1060 1099.7 1136.7 1162.1 1172.9 1162.3 1130 1073.3 
 998.12 910.54 815.71 722.99 633.46 555.71 490.93 435.95 386.23 338.68 
 294.99 256.12 222.58 196.67 170.77 151.35 133.49 116.08 101.76 89.273 
 81.624 75.27 68.733 62.189 55.442 48.867 41.981 36.404 31.805 28.543 
 25.92 23.55 21.542 19.785 18.484 17.443 16.597 15.928 15.347 14.884 
 14.436 14.033 13.67 13.292 12.953 12.665 12.431 12.239 12.081 11.964 
 11.873 11.808 11.762 11.743 11.73 11.762 11.865 11.981 12.105 12.246 
 12.396 12.527 12.681 12.844 13.014 13.193 13.351 13.512 13.668 13.81 
 13.967 14.102 14.252 14.388 14.525 14.642 14.757 14.856 14.934 15.018 
 15.095 15.148 15.213 15.259 15.31 15.362 15.401 15.453 15.492 15.55 
 15.596 15.628 15.673 15.706 15.739 15.797 15.829 15.862 15.888 15.908 
 15.933 15.946 15.947 15.979 16.011 16.024 16.044 16.044 16.044 16.05 
 16.037 
2073.1 2070.6 2065.1 2057.8 2050.8 2047.1 2046.6 2046 2045.3 2041.9 
 2034.4 2020.2 2001.9 1981.4 1960.3 1942 1927.1 1917 1910.3 1904.9 
 1901.4 1895.7 1887.3 1874.3 1855.9 1831.8 1803.4 1771.4 1737.9 1705.1 
 1671.7 1636.1 1597.2 1553 1504.7 1451.9 1398 1343 1290.2 1237.2 
 1184.5 1133.4 1081.8 1031.2 982.62 936.5 892.42 849.03 807.9 768.3 
 731.53 698.72 670.11 647.06 628.02 613.36 602.26 597.01 596.65 602.88 
 614.62 631.83 654.41 683.38 717.65 756.64 798.26 840.44 886.76 931.82 
 968.66 993.64 1001.3 992.76 970.13 933.71 889.94 836.53 773.51 707.65 
 640.57 571.69 498.66 425.34 352.14 287.59 232.12 185.29 143.72 115.88 
 100.97 87.799 75.861 64.862 55.305 45.941 37.652 31.946 27.813 25.249 
 23.361 21.912 20.704 19.668 18.814 18.074 17.446 16.95 16.399 15.906 
 15.374 14.766 14.177 13.579 13.077 12.582 12.115 11.747 11.613 11.646 
 11.744 11.841 11.937 12.009 12.081 12.165 12.257 12.374 12.495 12.626 
 12.776 12.92 13.073 13.224 13.398 13.547 13.715 13.845 13.987 14.125 
 14.254 14.365 14.468 14.552 14.656 14.727 14.792 14.857 14.929 14.986 
 15.045 15.091 15.136 15.188 15.252 15.305 15.376 15.428 15.493 15.558 
 15.629 15.688 15.745 15.778 15.83 15.889 15.953 15.98 16.018 16.044 
 16.076 16.083 16.089 16.102 16.102 16.102 16.102 16.102 16.07 16.044 
 16.037 
2073.1 2069.6 2062.4 2056.7 2053.4 2052.7 2051.2 2048.7 2040.8 2027.7 
 2010 1990.3 1973.3 1964.4 1962 1965.7 1969.9 1968.3 1956.3 1933.8 
 1906.5 1877.6 1851.4 1830.4 1810.3 1785.2 1751.1 1707.5 1657.5 1607.8 
 1561.3 1520 1481.7 1442.1 1399.4 1354.3 1307.2 1261 1216.4 1171.7 
 1126.7 1083.1 1041.2 1002.9 969.34 943.05 922.88 908.76 899.24 893.08 
 889.24 886.58 886.7 890.26 898.19 910.42 925.99 943.05 961.14 982.1 
 1009 1045.7 1088.6 1132.5 1170 1194 1199.3 1178.1 1127 1055.2 
 966.39 868.7 769.19 671.9 589.34 522.17 466.4 416.85 369.87 324.55 
 279.97 239.67 210.1 180.74 160.44 142.76 125.66 110.64 97.6 88.059 
 81.488 75.302 69.395 63.798 57.899 51.631 45.458 39.702 33.902 28.921 
 25.882 23.646 21.848 20.196 18.787 17.6 16.738 16.047 15.464 14.965 
 14.495 14.046 13.654 13.276 12.92 12.597 12.361 12.146 11.989 11.86 
 11.776 11.73 11.704 11.697 11.748 11.872 11.993 12.137 12.287 12.422 
 12.571 12.709 12.863 13.032 13.202 13.356 13.524 13.68 13.837 13.987 
 14.129 14.259 14.389 14.558 14.694 14.79 14.901 14.999 15.064 15.141 
 15.193 15.245 15.291 15.33 15.382 15.428 15.466 15.512 15.576 15.635 
 15.693 15.758 15.797 15.829 15.868 15.926 15.985 16.005 16.044 16.07 
 16.083 16.096 16.102 16.115 16.134 16.161 16.154 16.154 16.161 16.115 
 16.037 
2073.1 2069.3 2062.8 2057 2054.6 2054.5 2054 2050.3 2041.8 2026.9 
 2007.5 1989.5 1977.7 1972.8 1976.2 1979.6 1977.9 1965.8 1942.9 1913.5 
 1885.6 1864.8 1849.1 1832.2 1805.7 1764.8 1712.3 1655.2 1602 1558.7 
 1519.8 1481.1 1437.3 1387.4 1336.9 1288.2 1242.4 1198.9 1154.8 1108.3 
 1064.2 1025.3 993.35 969.81 954.4 946.3 944.76 947.31 949.68 948.18 
 944.91 946.49 959.78 985.75 1016.7 1043.7 1057.5 1062.9 1071.7 1097.8 
 1146.4 1206.3 1252.7 1270.9 1260.3 1232 1189 1121.8 1022.9 910.41 
 793.81 682 577.66 496.09 442.32 406.14 370.08 335.02 304.5 268.41 
 227.7 194.53 169.55 146.93 129.99 116.33 103.29 91.373 81.206 74.48 
 70.197 66.45 63.144 59.83 56.348 52.84 49.33 45.859 42.454 39.167 
 35.938 33.024 30.582 28.306 26.146 24.253 22.539 21.093 19.854 18.734 
 17.782 16.977 16.292 15.689 15.105 14.551 14.049 13.622 13.259 12.954 
 12.695 12.514 12.373 12.301 12.307 12.372 12.456 12.554 12.638 12.747 
 12.858 12.956 13.073 13.202 13.364 13.501 13.643 13.8 13.936 14.066 
 14.208 14.325 14.467 14.603 14.721 14.838 14.953 15.051 15.142 15.194 
 15.207 15.273 15.395 15.505 15.544 15.59 15.641 15.687 15.726 15.778 
 15.817 15.862 15.895 15.914 15.96 15.992 16.031 16.057 16.083 16.109 
 16.102 16.115 16.122 16.141 16.141 16.141 16.135 16.128 16.102 16.083 
 16.037 
2073.1 2067.8 2061.4 2055.5 2051.4 2048.3 2047.8 2044.5 2037.2 2025 
 2008.4 1990.8 1977.1 1968.2 1966.3 1968.2 1971.4 1968.7 1956.6 1935.8 
 1908.2 1879.2 1853.6 1831.6 1812.2 1788.8 1756.9 1715 1666 1615.8 
 1567.7 1525.8 1487.5 1448.8 1406.3 1360.7 1313.7 1266.7 1221.5 1177.5 
 1133.8 1089.9 1046.4 1006.6 971.3 942.7 919.89 903.52 892.53 886.32 
 882.74 881.51 881.08 881.92 886.21 896.19 912.7 933.66 955.61 976.54 
 998.3 1026.2 1063.9 1112 1159.5 1190.6 1194.8 1171 1123.5 1056.9 
 970.62 872.26 768.91 668.08 585.43 519.8 468.59 420.48 371.98 326.88 
 281.23 239.51 209.96 180.43 159.7 141.12 123.19 107.68 94.693 85.912 
 80.6 75.144 68.822 61.963 55.384 49.131 43.267 37.824 32.962 28.411 
 24.475 22.437 20.801 19.32 17.932 16.683 15.787 15.222 14.774 14.36 
 14.017 13.686 13.384 13.054 12.725 12.472 12.284 12.113 11.976 11.873 
 11.769 11.724 11.678 11.678 11.716 11.826 11.93 12.041 12.171 12.312 
 12.449 12.592 12.747 12.897 13.064 13.233 13.394 13.558 13.714 13.864 
 13.999 14.149 14.283 14.414 14.556 14.673 14.778 14.876 14.972 15.038 
 15.102 15.173 15.207 15.272 15.31 15.336 15.388 15.414 15.459 15.485 
 15.486 15.537 15.602 15.673 15.712 15.778 15.804 15.83 15.849 15.875 
 15.894 15.895 15.901 15.914 15.946 15.966 15.972 15.985 15.985 15.985 
 16.037 
2073.1 2069.3 2062.2 2055.6 2050.7 2048.2 2047.4 2047.4 2045.5 2041.2 
 2031.1 2015.9 1997.4 1976.6 1956.7 1939 1927.3 1918 1912.9 1910.8 
 1906.8 1900.6 1891.2 1876.5 1855.5 1829 1799.2 1766.7 1732.5 1699.1 
 1665.3 1629.4 1589.9 1544.8 1497 1445 1390 1335.2 1280.3 1226.7 
 1173.3 1120.5 1068.8 1018.5 969.06 922.14 877.12 834.62 794.72 755.91 
 719.38 687.57 660.03 637.16 619.27 606.47 597.84 593.74 595.71 603.79 
 617.04 635.56 659.96 691.68 730.89 774.86 820.19 863.76 907.11 951.28 
 989.25 1012.3 1015 1000.2 971.13 931.79 887.74 835.31 772.47 707.3 
 643.31 577.1 506.39 432.22 358.08 293.15 237.27 190.03 148.46 119.07 
 103.64 90.832 79.881 70.113 60.558 50.926 42.179 33.718 28.313 25.628 
 23.561 21.856 20.573 19.501 18.598 17.814 17.2 16.658 16.103 15.597 
 15.022 14.411 13.808 13.252 12.738 12.241 11.787 11.47 11.432 11.516 
 11.639 11.756 11.841 11.924 12.008 12.113 12.217 12.353 12.489 12.618 
 12.754 12.905 13.066 13.214 13.384 13.546 13.689 13.845 13.98 14.105 
 14.234 14.357 14.46 14.551 14.643 14.727 14.798 14.863 14.915 14.98 
 15.032 15.077 15.116 15.168 15.221 15.278 15.33 15.376 15.434 15.493 
 15.551 15.609 15.654 15.693 15.719 15.797 15.849 15.888 15.901 15.934 
 15.959 15.966 15.972 15.992 15.992 15.992 15.992 15.985 15.973 15.966 
 16.037 
2073.1 2069.7 2063.8 2059.1 2055.6 2054.5 2054.6 2051.6 2044.9 2032.5 
 2013.9 1994.7 1979.1 1969.4 1967.3 1968.7 1970.4 1967.4 1954.2 1933.9 
 1907.6 1880.3 1856.2 1835.9 1815.8 1791.4 1759.5 1720 1673.8 1626 
 1579.5 1537.5 1497.3 1457.7 1415.5 1371.8 1327.5 1282.4 1238 1194.5 
 1151.5 1110 1069.6 1033 1000.3 972.87 950.25 933.46 920.89 912.2 
 906.59 903.56 902.97 905.52 911.81 922.26 935.55 950.4 966.77 984.99 
 1008 1037.8 1073.6 1109.6 1138.6 1154.7 1155.6 1139.9 1105.8 1046.9 
 970.17 881.92 788.96 694.32 605.31 531.14 471.75 423.92 383.13 345.91 
 308.12 268.54 232.36 206.5 180.66 161.95 144.61 127.22 111.96 98.464 
 89.375 82.042 75.41 69.176 62.927 56.507 50.128 43.492 37.2 32.158 
 28.544 25.814 23.471 21.434 19.713 18.304 17.136 16.386 15.769 15.217 
 14.761 14.315 13.905 13.499 13.096 12.736 12.396 12.141 11.94 11.783 
 11.666 11.581 11.542 11.516 11.522 11.631 11.775 11.93 12.086 12.253 
 12.422 12.572 12.739 12.902 13.084 13.271 13.448 13.634 13.799 13.961 
 14.115 14.259 14.401 14.545 14.667 14.765 14.869 14.953 15.037 15.102 
 15.141 15.148 15.155 15.245 15.343 15.394 15.459 15.492 15.55 15.621 
 15.674 15.732 15.758 15.784 15.816 15.869 15.907 15.933 15.959 15.992 
 16.018 16.037 16.037 16.044 16.069 16.07 16.076 16.076 16.076 16.07 
 16.037 
2073.1 2070.1 2065.8 2062.3 2061.4 2062.1 2063 2058.6 2048.4 2031.9 
 2013.1 1994.8 1983.1 1979.9 1982.8 1986.1 1983.2 1972.4 1951.1 1924.2 
 1898.1 1875.3 1859.1 1842 1815.9 1780.1 1733.4 1680.2 1627.2 1580.8 
 1540.7 1503 1463.7 1418.7 1370.7 1322.2 1277.2 1233.2 1190.9 1150.2 
 1109 1071.3 1039.1 1013.7 994.9 981.7 973.64 970.72 971.85 974.34 
 976.94 980.86 988.38 1001.1 1019.4 1041.4 1061.4 1078.1 1092.5 1111.3 
 1138.6 1172 1204.1 1227.3 1232.7 1216.8 1179.8 1125.8 1055.7 968.07 
 866.72 760.67 659.7 564.45 486.63 427.55 389.14 360.17 333.85 309.3 
 280.63 246.17 211.17 181.92 155.6 135.36 119.64 106.44 94.639 83.925 
 75.863 70.544 66.042 62.109 58.375 54.854 51.389 47.755 44.193 40.582 
 37.2 34.038 31.331 28.882 26.648 24.584 22.687 21.001 19.544 18.242 
 17.064 16.09 15.248 14.51 13.853 13.233 12.661 12.186 11.779 11.439 
 11.145 10.899 10.692 10.555 10.439 10.367 10.374 10.412 10.477 10.568 
 10.652 10.763 10.879 11.002 11.14 11.288 11.444 11.605 11.762 11.892 
 12.027 12.165 12.288 12.411 12.52 12.649 12.761 12.877 12.989 13.099 
 13.208 13.319 13.397 13.481 13.565 13.65 13.721 13.799 13.884 13.975 
 14.084 14.188 14.306 14.414 14.539 14.674 14.798 14.935 15.058 15.167 
 15.29 15.402 15.512 15.615 15.726 15.816 15.907 15.979 16.07 16.141 
 16.037 
2073.1 2070.8 2067.6 2063 2060.9 2059.1 2059.7 2056.8 2049.9 2038.3 
 2022.2 2004.4 1989.5 1980.3 1977.7 1979.8 1982.1 1981.1 1972.2 1954.5 
 1929.9 1902.4 1877.1 1854.2 1833.6 1812 1783.7 1747.5 1702.5 1654.7 
 1608.1 1564.6 1525.5 1487 1448.5 1406 1360.9 1314.3 1270.4 1227.4 
 1185.3 1144.7 1104.3 1066.2 1030.9 1000.3 974.47 953.23 937.02 925.14 
 917.21 912.3 909.53 910.44 913.89 920.01 928.42 940.52 955.56 973.13 
 994.35 1020.1 1049 1078.3 1106.2 1130.8 1149.5 1157.3 1149.5 1117.7 
 1060.7 987.06 901.58 805.93 709.68 617.4 539.74 478.32 430.52 391.95 
 353.38 315.28 274.49 235.49 202.36 174.41 153.39 134.92 118.33 103.83 
 91.144 82.768 75.76 69.603 63.624 57.858 51.901 45.513 39.06 33.221 
 27.691 23.059 21.081 19.328 17.853 16.591 15.524 14.655 13.954 13.364 
 12.851 12.41 11.947 11.566 11.222 10.891 10.597 10.373 10.191 10.029 
 9.9184 9.8024 9.7573 9.7509 9.7513 9.8353 9.9594 10.108 10.251 10.408 
 10.556 10.707 10.868 11.024 11.187 11.347 11.511 11.653 11.802 11.937 
 12.069 12.223 12.341 12.451 12.56 12.672 12.789 12.892 13.001 13.079 
 13.17 13.262 13.346 13.411 13.489 13.573 13.658 13.742 13.832 13.93 
 14.041 14.163 14.286 14.398 14.527 14.643 14.766 14.89 15 15.104 
 15.215 15.306 15.422 15.532 15.616 15.694 15.778 15.856 15.921 15.992 
 16.037 
2073.1 2072.4 2069.3 2063.7 2058.5 2056.3 2054.1 2055 2055.7 2053.9 
 2047.9 2038.4 2023.8 2005.8 1987.2 1968.6 1953.3 1941.7 1933.8 1928.3 
 1925.8 1922 1917 1906.9 1892.5 1872.9 1847.4 1818.1 1784.6 1750.6 
 1717.3 1683 1647.5 1608.5 1565.9 1516.1 1463.2 1408.2 1353.1 1297.6 
 1243.3 1189.7 1136.1 1084.9 1034.1 984.32 937.03 891.22 847.08 805.33 
 766.84 731.89 701.39 674.92 652.01 632.39 616.95 606.77 603.74 607.69 
 617.86 631.75 647.89 666.88 692.77 729.62 775.06 823.89 868.4 908.72 
 947.71 983.47 1008.6 1019.4 1011.8 988.96 954.32 909.59 860.53 803.59 
 737.75 669.8 602.05 533.76 462.76 391.68 323.77 263.4 211.48 169.67 
 128 104.03 87.665 73.604 62.152 52.082 43.286 35.892 29.783 26.222 
 23.836 22.03 20.612 19.34 18.324 17.465 16.715 16.09 15.562 15.016 
 14.511 14 13.428 12.823 12.237 11.696 11.169 10.661 10.24 9.9603 
 9.8809 9.8742 9.9511 10.029 10.107 10.185 10.25 10.34 10.438 10.554 
 10.69 10.825 10.969 11.132 11.281 11.429 11.585 11.722 11.857 11.993 
 12.111 12.228 12.319 12.416 12.508 12.612 12.657 12.722 12.787 12.845 
 12.91 12.968 13.02 13.072 13.144 13.214 13.299 13.377 13.474 13.577 
 13.715 13.812 13.947 14.069 14.22 14.356 14.479 14.617 14.738 14.862 
 14.979 15.109 15.246 15.367 15.472 15.577 15.673 15.758 15.849 15.947 
 16.037 
2073.1 2073.9 2070.6 2065.5 2061.3 2058.8 2058.3 2058.5 2057.2 2051.1 
 2039.7 2023.7 2006.4 1991.8 1983.5 1981.7 1985.9 1989.2 1988.6 1979.2 
 1960.1 1933.9 1904.9 1879.2 1857.7 1838.1 1816.9 1787.1 1748.7 1703.7 
 1655 1607.3 1563.9 1524.1 1486.3 1446.3 1403.5 1357.5 1310.3 1263.4 
 1218.5 1173.6 1130.2 1087.3 1046.3 1009.5 977.84 953.18 935.08 921.66 
 911.81 905.73 902.97 903.13 906.24 912.3 920.61 931.57 945.24 961.71 
 983 1008.5 1038.2 1070.9 1104.5 1136.2 1163.3 1182.1 1185.3 1164.2 
 1113.8 1041.8 955.92 860.37 760.23 661.67 576.09 505.31 446.16 401.31 
 356.48 317.35 277.67 239.74 209.02 184.96 162.66 143.71 126 109.85 
 95.643 84.049 75.439 67.381 60.245 53.437 46.591 40.639 36.787 33.222 
 29.967 27.007 24.497 22.212 20.335 18.744 17.441 16.283 15.397 14.646 
 14.033 13.524 13.045 12.602 12.155 11.778 11.469 11.184 10.943 10.741 
 10.554 10.391 10.25 10.14 10.056 10.056 10.101 10.167 10.257 10.355 
 10.467 10.595 10.719 10.868 11.017 11.173 11.328 11.484 11.635 11.801 
 11.945 12.088 12.218 12.353 12.484 12.619 12.736 12.847 12.949 13.047 
 13.12 13.216 13.287 13.352 13.417 13.482 13.541 13.625 13.69 13.781 
 13.878 13.982 14.086 14.202 14.312 14.422 14.54 14.664 14.793 14.915 
 15.04 15.156 15.286 15.402 15.519 15.63 15.727 15.83 15.934 16.005 
 16.037 
2073.1 2073.5 2071.2 2066.4 2064.1 2064.2 2065.3 2067.1 2065.8 2055.8 
 2038.5 2018.2 1998.5 1985.9 1984.3 1990 1997 1999.6 1990.5 1969.1 
 1941.1 1913.8 1891.7 1877 1863.7 1841.3 1803.6 1751.7 1692.1 1635.6 
 1588.4 1551.7 1517.9 1480.2 1435.7 1385.2 1333.8 1286.2 1243 1199.5 
 1156.3 1111.6 1069.9 1035.3 1008.4 989.95 979.22 974.59 975.49 978.72 
 981.41 980.77 980.99 987.03 1002.9 1028.1 1055.9 1077.7 1090.9 1098.3 
 1111.5 1139.7 1182.7 1230 1265.8 1276.5 1258.2 1219.8 1168.7 1104 
 1013.1 902.87 792.43 684.32 580.73 490.93 423.48 376.87 340.16 308.32 
 280.64 255.37 227.92 201.38 174.86 151.77 131.46 116.38 103.69 91.86 
 81.028 72.463 67.007 62.375 58.341 55.04 51.611 48.322 45.098 42.213 
 39.43 36.763 34.091 31.47 28.96 26.668 24.578 22.665 20.937 19.486 
 18.17 17.151 16.261 15.484 14.825 14.253 13.713 13.198 12.723 12.278 
 11.852 11.488 11.15 10.882 10.672 10.523 10.413 10.387 10.432 10.517 
 10.607 10.718 10.822 10.945 11.068 11.211 11.354 11.503 11.665 11.8 
 11.95 12.08 12.204 12.326 12.443 12.561 12.676 12.805 12.929 13.033 
 13.143 13.255 13.345 13.442 13.532 13.611 13.683 13.76 13.839 13.928 
 14.007 14.104 14.214 14.317 14.435 14.559 14.663 14.792 14.903 15.025 
 15.129 15.239 15.357 15.466 15.577 15.674 15.758 15.843 15.914 15.973 
 16.037 
