IESNA:LM-63-2002
[TEST] 1
[TESTLAB] 
[TESTDATE] 2024-12-23
[ISSUEDATE] 2024-12-23 15:28:51
[LAMPPOSITION] 0,0
[OTHER] EVERFINE GO-2000A_V1 SYSTEM
[MANUFAC] 
[LUMINAIRE] 40W-4000K
[LAMP] CP08-10-80L-S2D5C3
TILT=NONE
1 6411.3 1 181 17 1 2 0.250 0.250 0.000
1.000 1 37.3945
0.0    1.0    2.0    3.0    4.0    5.0    6.0    7.0    8.0    9.0    
 10.0   11.0   12.0   13.0   14.0   15.0   16.0   17.0   18.0   19.0   
 20.0   21.0   22.0   23.0   24.0   25.0   26.0   27.0   28.0   29.0   
 30.0   31.0   32.0   33.0   34.0   35.0   36.0   37.0   38.0   39.0   
 40.0   41.0   42.0   43.0   44.0   45.0   46.0   47.0   48.0   49.0   
 50.0   51.0   52.0   53.0   54.0   55.0   56.0   57.0   58.0   59.0   
 60.0   61.0   62.0   63.0   64.0   65.0   66.0   67.0   68.0   69.0   
 70.0   71.0   72.0   73.0   74.0   75.0   76.0   77.0   78.0   79.0   
 80.0   81.0   82.0   83.0   84.0   85.0   86.0   87.0   88.0   89.0   
 90.0   91.0   92.0   93.0   94.0   95.0   96.0   97.0   98.0   99.0   
 100.0  101.0  102.0  103.0  104.0  105.0  106.0  107.0  108.0  109.0  
 110.0  111.0  112.0  113.0  114.0  115.0  116.0  117.0  118.0  119.0  
 120.0  121.0  122.0  123.0  124.0  125.0  126.0  127.0  128.0  129.0  
 130.0  131.0  132.0  133.0  134.0  135.0  136.0  137.0  138.0  139.0  
 140.0  141.0  142.0  143.0  144.0  145.0  146.0  147.0  148.0  149.0  
 150.0  151.0  152.0  153.0  154.0  155.0  156.0  157.0  158.0  159.0  
 160.0  161.0  162.0  163.0  164.0  165.0  166.0  167.0  168.0  169.0  
 170.0  171.0  172.0  173.0  174.0  175.0  176.0  177.0  178.0  179.0  
 180.0  
0.0    22.5   45.0   67.5   90.0   112.5  135.0  157.5  180.0  202.5  
 225.0  247.5  270.0  292.5  315.0  337.5  360.0  
2165.2 2166.7 2163.3 2159.2 2155.8 2155.6 2157.8 2158.9 2155.6 2146.3 
 2129.9 2109.6 2090.3 2078.6 2074.3 2079 2086.6 2088.8 2079.8 2059 
 2030.5 2002.1 1978.4 1961.8 1946.2 1922.7 1885.3 1834.9 1776.7 1719.3 
 1669.5 1628 1589.1 1548.5 1502.6 1451.2 1399.7 1350.1 1302.8 1257.5 
 1210.8 1165.1 1122.6 1087.1 1059.3 1040 1028.9 1024.4 1025.6 1029.5 
 1032.4 1033.2 1034.6 1042.7 1060 1085 1112.8 1135.4 1150.4 1161.1 
 1177.6 1207.6 1252 1299.7 1336.1 1349.1 1335 1297.4 1243.9 1170.2 
 1072.3 958.48 842.02 726.31 615.6 519.99 447.98 396.62 358.19 323.87 
 291.24 260.94 230.55 205.3 180.05 158.69 139.09 123.49 109.76 97.65 
 86.956 78.266 72.142 66.834 61.998 58.05 54.187 50.762 47.511 44.622 
 41.778 38.948 36.171 33.441 30.808 28.331 26.051 24.022 22.201 20.651 
 19.311 18.162 17.219 16.407 15.696 15.083 14.52 13.962 13.481 12.997 
 12.547 12.159 11.8 11.51 11.297 11.129 11.01 11.003 11.054 11.139 
 11.236 11.339 11.469 11.58 11.736 11.884 12.04 12.201 12.345 12.507 
 12.651 12.781 12.93 13.058 13.189 13.3 13.429 13.551 13.682 13.805 
 13.915 14.032 14.136 14.239 14.324 14.395 14.473 14.558 14.629 14.726 
 14.817 14.921 15.031 15.141 15.264 15.376 15.492 15.622 15.75 15.867 
 15.978 16.088 16.206 16.315 16.433 16.543 16.627 16.712 16.777 16.868 
 16.913 
2165.2 2167.1 2163.7 2159.3 2155 2152 2152.1 2152.4 2151.1 2145.8 
 2133.2 2115.4 2095.3 2077.9 2067.4 2064.6 2068.6 2074.2 2076.1 2067.8 
 2048.5 2020.4 1990.7 1964 1942.7 1925.6 1905.2 1876.8 1836.1 1785.9 
 1730.6 1677.4 1630.5 1590.3 1552.7 1513.3 1469 1420.8 1371.6 1322.8 
 1276.1 1230.5 1185.7 1141.3 1098.2 1059.4 1026.3 999.32 979.26 965.45 
 956.77 952.01 950.39 950.41 952.97 957.48 965.21 976.55 991.35 1010.1 
 1032 1057.2 1086 1118.6 1155.5 1194.9 1233.6 1261.8 1267.6 1243.8 
 1189.1 1114.1 1025.7 924.07 815.2 707.33 611.92 531.42 466.53 416.72 
 366.93 324.17 284.19 246.48 214.35 187.75 162.73 142.06 122.22 104.18 
 88.444 75.66 66.977 59.273 52.537 46.848 41.651 37.077 33.517 30.315 
 27.376 24.751 22.487 20.554 18.956 17.701 16.59 15.627 14.815 14.183 
 13.648 13.171 12.712 12.232 11.8 11.472 11.171 10.896 10.652 10.457 
 10.314 10.204 10.134 10.14 10.153 10.173 10.27 10.414 10.584 10.739 
 10.908 11.095 11.27 11.452 11.646 11.829 12.009 12.179 12.353 12.515 
 12.659 12.796 12.926 13.067 13.197 13.307 13.412 13.515 13.625 13.722 
 13.819 13.91 14.001 14.085 14.176 14.254 14.338 14.429 14.527 14.623 
 14.74 14.852 14.981 15.104 15.227 15.35 15.473 15.591 15.721 15.838 
 15.981 16.096 16.201 16.316 16.44 16.512 16.609 16.667 16.745 16.816 
 16.913 
2165.2 2167.5 2164.9 2158.9 2152.2 2148.7 2147.1 2147.2 2147.7 2146.1 
 2140.9 2130.5 2115.1 2095.1 2074 2053.9 2036.4 2023.1 2014.3 2009.4 
 2006.9 2004.8 2002 1994.9 1982.9 1963.4 1936.4 1905.1 1870 1834.1 
 1800.2 1766.3 1731 1692.4 1648.3 1597.3 1542.4 1485 1427.3 1369.3 
 1312.4 1257.1 1201.9 1148.8 1096.8 1045.4 996.25 947.7 901.53 857.83 
 815.44 776.07 739.66 707.28 680.26 659.37 643.98 633.99 627.75 626.41 
 630.35 641.14 659.81 686.55 720.1 758.25 800.56 846.97 897.84 949.98 
 1000.2 1042.4 1072.6 1086.4 1080.9 1057.1 1020 973.19 916.13 851.96 
 782.46 710.97 638.1 562.33 483.08 405.18 333.01 268.92 215.05 172.58 
 130.12 107.96 90.637 75.136 61.202 48.835 39.813 33.589 29.395 26.654 
 24.493 22.822 21.446 20.203 19.196 18.343 17.579 16.935 16.387 15.876 
 15.352 14.829 14.234 13.595 12.967 12.359 11.807 11.268 10.775 10.431 
 10.297 10.296 10.373 10.471 10.555 10.639 10.711 10.828 10.938 11.061 
 11.21 11.366 11.53 11.683 11.865 12.013 12.185 12.345 12.47 12.612 
 12.735 12.846 12.976 13.08 13.17 13.267 13.332 13.417 13.494 13.559 
 13.61 13.676 13.741 13.819 13.864 13.942 14.02 14.104 14.201 14.318 
 14.454 14.572 14.708 14.838 14.968 15.109 15.246 15.376 15.493 15.623 
 15.765 15.895 16.037 16.161 16.272 16.374 16.466 16.563 16.647 16.739 
 16.913 
2165.2 2167.3 2164 2159.5 2154.9 2152.4 2150.7 2150.3 2145.3 2135.9 
 2120.2 2101.5 2083 2069.2 2062.5 2062.4 2066.3 2068.4 2063.9 2050.3 
 2028.2 2001.1 1973.2 1948.8 1928 1906 1878 1841.7 1796.5 1747.2 
 1697.2 1650.4 1607.7 1567.3 1527.5 1484.6 1440.7 1394.1 1347.9 1302.7 
 1256.3 1210.6 1165.6 1122.9 1083.2 1049 1021.2 999.74 984.26 974.09 
 967.11 962.61 959.44 958.39 961.45 969.06 981.22 996.18 1012.8 1029.8 
 1048.1 1071.9 1103.2 1142.3 1184 1221.1 1244.8 1249.8 1234 1192.6 
 1127.6 1043.3 947.43 844.89 745.07 652.2 573.8 508.88 454.59 407.37 
 360.23 317.99 276.45 240.84 211.1 185.4 164.51 145.2 127.14 111.31 
 97.253 88.265 80.572 73.136 66.235 59.321 52.339 45.682 39.416 33.439 
 29.829 26.993 24.511 22.292 20.359 18.788 17.483 16.357 15.479 14.739 
 14.127 13.541 13.033 12.574 12.169 11.824 11.514 11.274 11.064 10.89 
 10.735 10.612 10.502 10.432 10.426 10.445 10.536 10.64 10.745 10.873 
 10.998 11.146 11.264 11.427 11.594 11.765 11.926 12.093 12.263 12.413 
 12.568 12.73 12.873 13.023 13.158 13.28 13.417 13.528 13.639 13.735 
 13.825 13.904 13.988 14.059 14.13 14.202 14.281 14.352 14.436 14.519 
 14.623 14.741 14.844 14.975 15.098 15.221 15.338 15.455 15.592 15.721 
 15.845 15.98 16.097 16.226 16.355 16.466 16.57 16.68 16.778 16.861 
 16.913 
2165.2 2161.8 2157.5 2153.2 2149.9 2148.3 2148.8 2147 2140.8 2127.7 
 2109.4 2088.8 2072.4 2063.1 2061 2064.7 2066.8 2061.8 2046 2021.7 
 1992.2 1965.8 1944.4 1926.6 1905 1873.7 1831.1 1779.1 1723.9 1673.8 
 1628.9 1588.3 1547.3 1502.6 1453.6 1404 1356.2 1308 1260.9 1213.1 
 1166.1 1122.3 1084.8 1054 1031.5 1017.3 1009.6 1007.4 1007.6 1008.6 
 1009.5 1012.2 1020 1036.4 1059.8 1085.1 1107.5 1123.3 1136.7 1155.8 
 1186.4 1230.8 1278.3 1317.4 1332.8 1322.5 1289.7 1237.7 1163.8 1067.8 
 957.5 842.01 728.95 622.35 535.58 469.36 419.79 379.65 339.53 303.62 
 268.82 235.98 207.81 184 161.24 142.58 126.99 113.12 101.04 90.172 
 81.804 76.027 70.796 66.023 62.05 58.231 54.49 50.866 47.24 43.778 
 40.647 37.889 35.277 32.781 30.422 28.248 26.24 24.47 22.821 21.465 
 20.23 19.113 18.154 17.268 16.521 15.873 15.258 14.726 14.28 13.925 
 13.604 13.33 13.123 12.948 12.846 12.852 12.878 12.977 13.08 13.19 
 13.307 13.443 13.559 13.697 13.827 13.956 14.092 14.235 14.379 14.527 
 14.695 14.851 15.006 15.144 15.286 15.429 15.553 15.681 15.792 15.889 
 15.987 16.077 16.129 16.187 16.252 16.298 16.369 16.42 16.479 16.55 
 16.622 16.68 16.732 16.797 16.829 16.875 16.939 16.991 17.017 17.037 
 17.075 17.088 17.095 17.147 17.147 17.147 17.147 17.134 17.121 17.114 
 16.913 
2165.2 2160.9 2156.5 2150.5 2145.2 2142 2140.7 2138.6 2133 2122.9 
 2107 2087.6 2068.4 2053.8 2046.8 2045.6 2047.7 2048 2041.2 2025.2 
 2000.6 1972.8 1945.1 1921.4 1900.1 1877.4 1848.1 1810.5 1765.1 1715.9 
 1667.4 1621.9 1579.8 1538.8 1497.1 1452.4 1406.6 1359.5 1312.4 1265.7 
 1219.5 1173 1129.1 1087.2 1049.5 1017.6 991.75 971.52 956.9 946.88 
 940.86 937.3 936.35 938.53 944.33 953.52 966.68 983.01 1001.6 1022.9 
 1048.4 1079.6 1116.8 1157.3 1195.1 1223.8 1237.6 1229 1194.7 1136.5 
 1057.3 964.94 865.18 765.96 671.57 589.24 519.3 459.18 405.47 357.46 
 313.2 272.61 237.68 207.32 182.33 161.23 141.59 122.84 107.6 94.253 
 85.815 78.886 71.66 64.637 57.525 50.677 43.682 37.963 33.253 29.859 
 27.14 24.648 22.548 20.698 19.389 18.255 17.365 16.656 16.053 15.545 
 15.081 14.64 14.243 13.847 13.475 13.186 12.939 12.736 12.574 12.458 
 12.36 12.307 12.269 12.255 12.262 12.3 12.416 12.533 12.676 12.817 
 12.967 13.123 13.286 13.447 13.622 13.777 13.947 14.115 14.296 14.478 
 14.641 14.804 14.952 15.115 15.239 15.362 15.492 15.589 15.673 15.758 
 15.829 15.888 15.946 15.998 16.05 16.108 16.153 16.232 16.264 16.322 
 16.38 16.439 16.491 16.517 16.543 16.576 16.634 16.686 16.719 16.751 
 16.777 16.796 16.803 16.829 16.868 16.887 16.894 16.907 16.907 16.907 
 16.913 
2165.2 2161.9 2156.2 2149.3 2143.2 2137.9 2136.7 2135.1 2133.1 2128.9 
 2119.2 2105 2087.1 2066.9 2046.4 2028.6 2013.5 2002.9 1995.4 1990.5 
 1987 1981.8 1973.7 1961.7 1942.8 1917.2 1886.8 1853.2 1818.6 1784.5 
 1750.1 1713.3 1672.7 1626.2 1575.1 1520.7 1464.8 1408.9 1353.5 1297.8 
 1242.2 1187.4 1133.9 1081.8 1031.6 982.62 935.73 890.11 847.52 805.47 
 766.03 730.05 698.76 673.58 653.83 639.53 628.99 622.29 620.19 624.8 
 637.92 659.59 687.73 720.16 755.82 796.88 844.23 893.39 943.63 988.58 
 1025.4 1050 1056.9 1046.6 1021.4 983.47 937.02 879.67 813.39 746.04 
 676.13 604.18 527.49 449.66 377.23 304.92 246.21 196.43 152.4 122.91 
 107.11 93.214 80.569 68.651 58.453 48.481 39.695 33.716 29.367 26.589 
 24.595 23.012 21.747 20.656 19.741 18.961 18.313 17.746 17.178 16.646 
 16.086 15.457 14.805 14.193 13.659 13.145 12.665 12.294 12.151 12.203 
 12.307 12.399 12.502 12.579 12.657 12.754 12.851 12.968 13.091 13.235 
 13.396 13.552 13.709 13.858 14.015 14.175 14.317 14.481 14.628 14.774 
 14.916 15.046 15.167 15.272 15.369 15.453 15.525 15.583 15.642 15.707 
 15.771 15.81 15.876 15.934 15.992 16.05 16.134 16.194 16.258 16.354 
 16.426 16.498 16.562 16.621 16.661 16.699 16.77 16.829 16.855 16.9 
 16.926 16.946 16.959 16.972 16.972 16.972 16.965 16.965 16.946 16.92 
 16.913 
2165.2 2160.6 2155 2148.6 2144.3 2142.3 2140.6 2136.6 2128.7 2115.6 
 2097.8 2078.9 2063.2 2053.9 2051.4 2053.3 2055.5 2051.6 2040 2018.7 
 1990.5 1961.9 1936.7 1914.5 1892.8 1866 1830.4 1785.5 1736 1685.6 
 1638.2 1595.4 1554.7 1512.9 1468.2 1421.5 1373.4 1325.6 1278.4 1231.5 
 1184.6 1138.5 1094.2 1054.3 1019.6 991.63 969.94 954.74 944.32 937.26 
 932.64 929.82 929.85 934.13 942.69 954.74 969.65 986.18 1005 1028 
 1058.6 1096.3 1139.6 1183.8 1222.1 1248.4 1256.5 1236.7 1185.7 1111.7 
 1020.1 918.25 813.01 711.1 624.31 550.58 490.12 437.64 389.38 344 
 298.16 255.83 220.12 195.5 171.03 151.27 133.08 117.06 103.09 92.932 
 85.747 78.898 72.467 66.459 60.341 53.925 47.537 41.518 35.496 30.395 
 27.214 24.809 22.9 21.173 19.662 18.395 17.511 16.818 16.215 15.682 
 15.179 14.717 14.284 13.908 13.533 13.197 12.94 12.725 12.555 12.432 
 12.334 12.294 12.275 12.268 12.326 12.449 12.578 12.733 12.896 13.038 
 13.194 13.363 13.505 13.668 13.838 13.993 14.167 14.322 14.485 14.647 
 14.809 14.967 15.108 15.297 15.426 15.544 15.654 15.744 15.823 15.887 
 15.939 16.005 16.037 16.102 16.141 16.206 16.251 16.302 16.367 16.445 
 16.511 16.569 16.627 16.692 16.712 16.77 16.815 16.867 16.894 16.926 
 16.959 16.965 16.971 16.997 17.01 17.03 17.024 17.023 17.023 17.004 
 16.913 
2165.2 2161.1 2156.1 2149.7 2146.5 2146.1 2144.6 2140.4 2130.8 2114.9 
 2095.4 2077.7 2065.2 2060.3 2062.5 2066.4 2064.9 2053.1 2030.9 2002.3 
 1972.6 1948.8 1929.9 1911.7 1884.4 1843.6 1792.4 1735.4 1681.5 1634.4 
 1592.1 1551.4 1506.2 1456.3 1404.4 1353.5 1305.6 1258.9 1211.7 1163.8 
 1117.8 1077.5 1044.5 1019.5 1003.1 994.82 993.54 996.46 998.67 998.02 
 996.43 1000 1014.5 1040.7 1072.3 1098.2 1113.9 1121.3 1133.4 1162.8 
 1213.3 1273.7 1323 1345.7 1338.8 1310.3 1262.9 1189.3 1086.5 967.35 
 844.68 725.33 613.2 527.07 469.49 428.95 389.28 349.66 312.37 271.03 
 228.67 197.7 174.49 153.09 136.67 122.15 108.95 97.766 88.094 81.008 
 75.878 70.98 66.758 62.841 59.151 55.527 51.957 48.395 44.873 41.466 
 38.088 34.936 32.392 29.985 27.701 25.665 23.849 22.288 20.979 19.8 
 18.776 17.917 17.191 16.546 15.927 15.319 14.791 14.348 13.97 13.636 
 13.355 13.161 13.014 12.943 12.956 13.027 13.111 13.203 13.306 13.411 
 13.534 13.637 13.775 13.898 14.033 14.184 14.331 14.474 14.617 14.767 
 14.922 15.072 15.213 15.363 15.493 15.611 15.732 15.824 15.921 15.966 
 15.973 16.039 16.16 16.278 16.336 16.375 16.434 16.479 16.531 16.576 
 16.634 16.674 16.713 16.771 16.797 16.829 16.875 16.92 16.926 16.952 
 16.972 16.965 16.978 17.004 17.011 17.011 17.011 16.998 16.984 16.946 
 16.913 
2165.2 2161.6 2154.9 2149.1 2144.8 2142.8 2139.9 2136.1 2129 2116.2 
 2099.5 2082.3 2067.1 2058.1 2055.4 2056.7 2058.2 2054.4 2042.6 2021.4 
 1993 1964.2 1937.9 1915.1 1894.8 1868.9 1835.2 1791.4 1740.9 1689.8 
 1641 1597.4 1556.9 1516.1 1471.8 1424.7 1375.5 1327.4 1280.1 1234.4 
 1188.1 1142.1 1097.6 1055.9 1018.2 988.98 965.26 948.27 937.01 929.84 
 926.05 924.73 924.65 926.93 932.4 942.76 958.87 979.69 1003 1026.7 
 1051.8 1081.5 1121.2 1170.2 1218 1252.5 1261.3 1240 1190.9 1119.7 
 1027.8 922.72 811.52 705.21 617.94 546.31 490.97 440.12 392.11 347.83 
 300.92 256.11 219.21 193.96 168.85 148.84 130.46 114.58 100.59 90.569 
 84.106 77.919 71.463 64.526 57.927 51.511 45.506 39.84 34.74 29.904 
 25.765 23.622 21.901 20.327 18.882 17.564 16.62 16.008 15.545 15.12 
 14.737 14.406 14.079 13.743 13.404 13.122 12.912 12.742 12.594 12.489 
 12.385 12.326 12.282 12.275 12.333 12.442 12.551 12.677 12.811 12.954 
 13.104 13.254 13.408 13.572 13.728 13.896 14.057 14.227 14.4 14.556 
 14.714 14.889 15.037 15.174 15.317 15.439 15.55 15.654 15.739 15.809 
 15.874 15.933 15.979 16.031 16.069 16.115 16.167 16.218 16.264 16.29 
 16.297 16.355 16.42 16.511 16.556 16.582 16.634 16.66 16.699 16.712 
 16.731 16.744 16.757 16.79 16.803 16.841 16.848 16.861 16.861 16.861 
 16.913 
2165.2 2163.2 2157.2 2150.5 2145.3 2143.1 2141 2140 2137.1 2132.1 
 2121.5 2105.7 2087 2066.1 2047 2030 2017.1 2007.6 2001.7 1997.4 
 1993 1987.1 1977.8 1963.3 1941.6 1914.2 1881.3 1846.6 1811.1 1777.3 
 1742.6 1706.5 1665.4 1618.7 1567.9 1513 1457 1399.9 1342.9 1287.3 
 1231.1 1176.2 1121.8 1069.4 1017.7 968.07 920.93 876.33 834.44 794.24 
 755.82 720.39 689.85 664.85 646.33 633.93 626.2 621.9 620.84 625.4 
 637.85 659.39 690.05 727.66 768.23 811.26 857.16 907.24 958.46 1004.9 
 1042.5 1065.7 1070.2 1054.9 1024.2 984.57 937.71 880.38 814.94 746.52 
 678.85 609.47 533.9 455.79 382.62 309.54 250.17 200.39 156.76 125.92 
 109.58 96.072 84.311 73.785 63.515 53.318 44.148 35.432 29.867 27.049 
 24.856 23.036 21.685 20.538 19.567 18.772 18.1 17.53 16.962 16.413 
 15.82 15.171 14.545 13.944 13.421 12.891 12.416 12.067 12.029 12.113 
 12.242 12.371 12.462 12.554 12.644 12.755 12.871 13.002 13.137 13.286 
 13.436 13.585 13.742 13.896 14.059 14.21 14.375 14.525 14.669 14.812 
 14.941 15.078 15.206 15.305 15.402 15.486 15.558 15.622 15.687 15.733 
 15.778 15.83 15.882 15.934 15.986 16.031 16.103 16.154 16.219 16.303 
 16.361 16.42 16.485 16.53 16.569 16.615 16.673 16.731 16.751 16.79 
 16.822 16.829 16.842 16.88 16.874 16.874 16.868 16.874 16.848 16.848 
 16.913 
2165.2 2163.6 2158.3 2153.7 2150.2 2149.5 2149 2145.5 2138.3 2124 
 2106 2086 2070.2 2060.4 2057 2057.8 2059 2055 2041.9 2020.7 
 1994.3 1967.1 1941.9 1919.9 1897.4 1871.7 1838.4 1797.5 1750.2 1701 
 1652.8 1609.1 1567.2 1525 1481.7 1436.8 1390.8 1344.1 1297.6 1252.1 
 1207.2 1163.6 1121.8 1083 1048.7 1019.8 996.37 978.44 964.97 955.62 
 949.7 946.41 945.77 949.26 956.79 967.58 980.49 994.99 1010.7 1030.6 
 1056.7 1090.5 1128.5 1165.2 1193.6 1211.3 1215 1202.4 1167.2 1106.6 
 1024.8 932.86 834.77 734.42 641.9 563.63 500.85 448.62 404.84 365.79 
 326.34 284.66 246.33 214.84 191.97 169.19 150.69 132.49 116.65 102.62 
 93.188 85.393 78.347 71.87 65.381 58.775 52.183 45.451 38.963 33.798 
 30.006 27.145 24.724 22.541 20.737 19.235 18.024 17.251 16.582 16.01 
 15.533 15.071 14.62 14.194 13.784 13.387 13.051 12.776 12.562 12.418 
 12.281 12.197 12.151 12.139 12.138 12.255 12.402 12.571 12.74 12.91 
 13.089 13.26 13.414 13.589 13.765 13.94 14.127 14.309 14.485 14.661 
 14.836 14.992 15.14 15.29 15.413 15.537 15.634 15.726 15.809 15.874 
 15.901 15.901 15.914 16.016 16.114 16.167 16.225 16.29 16.355 16.419 
 16.485 16.55 16.601 16.64 16.666 16.705 16.744 16.789 16.822 16.848 
 16.881 16.887 16.9 16.926 16.952 16.965 16.965 16.965 16.965 16.965 
 16.913 
2165.2 2161 2156.6 2152.8 2152 2152.2 2152.8 2148.1 2138.1 2121.3 
 2101.9 2083.8 2071.5 2067.9 2069.2 2072.4 2069.9 2057.7 2036.6 2009.4 
 1982.2 1957.8 1937.9 1917.5 1891.8 1855.5 1808.4 1756.4 1703.7 1655.7 
 1611.7 1570.5 1528.1 1482.8 1434 1384.6 1337.1 1291.4 1246.7 1202.8 
 1160.8 1121.9 1088.6 1062.1 1042.2 1029 1021.3 1018.9 1020.3 1023.3 
 1027.2 1032.4 1041.2 1055.8 1075.2 1096.8 1117.9 1136.1 1153.3 1174.6 
 1203 1237.8 1271 1295.6 1302.3 1289.1 1254.2 1197.6 1120.4 1027.5 
 920.55 808.98 701.83 600.33 516.08 452.31 408.87 376.13 346.24 316.93 
 283.95 247.42 212.48 185.38 160.85 142.2 126.68 113.02 101.06 90.298 
 81.92 75.985 70.62 65.962 61.757 57.798 54.018 50.269 46.555 42.898 
 39.355 36.026 33.189 30.622 28.246 26.032 24.043 22.271 20.71 19.338 
 18.079 17.043 16.132 15.354 14.653 13.996 13.405 12.907 12.468 12.109 
 11.793 11.527 11.305 11.172 11.044 10.971 10.971 11.022 11.087 11.178 
 11.288 11.386 11.514 11.657 11.807 11.968 12.124 12.298 12.455 12.603 
 12.741 12.871 13.006 13.137 13.267 13.383 13.5 13.635 13.76 13.87 
 13.973 14.077 14.174 14.265 14.344 14.428 14.505 14.584 14.668 14.765 
 14.868 14.985 15.096 15.219 15.355 15.485 15.608 15.745 15.875 15.998 
 16.133 16.243 16.36 16.47 16.569 16.678 16.776 16.854 16.92 17.01 
 16.913 
2165.2 2162.1 2159 2155.5 2152.5 2151.2 2150.4 2147.9 2140.9 2127.9 
 2111.4 2093.5 2077.5 2067.4 2063.7 2064.7 2066.7 2064.9 2054.9 2037 
 2012.2 1984.5 1959.1 1935.4 1913.9 1890.2 1860.5 1823.3 1777.6 1729.3 
 1681.3 1635.7 1593.7 1553.8 1512.7 1468.7 1423.2 1376.3 1329.9 1285.6 
 1241.5 1198.1 1156 1116.6 1079.5 1047.7 1021.2 999.91 983.6 971.7 
 964.07 959.3 957.67 958.48 962.73 969.84 979.44 991.47 1006.7 1024.8 
 1047.6 1075.7 1106.2 1137.3 1166.6 1191.7 1211.3 1218.9 1208.4 1172.5 
 1112 1033.3 943.3 842.73 742.19 647.98 567.64 503.03 451.76 411.19 
 370.65 332.34 290.56 249.7 214.48 185.1 162.34 142.07 124.52 109.36 
 96.16 87.187 79.587 72.78 66.53 60.386 54.152 47.625 40.923 34.846 
 29.091 24.297 22.215 20.372 18.77 17.483 16.365 15.476 14.729 14.11 
 13.574 13.105 12.624 12.215 11.857 11.505 11.209 10.975 10.767 10.606 
 10.484 10.38 10.322 10.315 10.329 10.42 10.551 10.699 10.848 11.005 
 11.18 11.343 11.517 11.679 11.847 12.025 12.185 12.353 12.502 12.651 
 12.794 12.932 13.061 13.177 13.301 13.417 13.534 13.644 13.761 13.845 
 13.93 14.021 14.105 14.202 14.268 14.364 14.443 14.527 14.611 14.721 
 14.838 14.955 15.085 15.215 15.351 15.461 15.578 15.701 15.818 15.929 
 16.046 16.161 16.271 16.375 16.479 16.563 16.642 16.725 16.784 16.861 
 16.913 
2165.2 2164.7 2161.2 2156.3 2151.5 2148.5 2147.2 2147.1 2147 2145.1 
 2138 2127.2 2111.5 2092.3 2072.6 2053.9 2037.6 2026 2017.5 2012.7 
 2009.5 2006.1 2000.5 1991.9 1977.1 1955.8 1928.1 1896.5 1861.3 1825.7 
 1790.5 1755.5 1718.7 1677.8 1632.5 1581.5 1527 1470.7 1413.9 1355.5 
 1299.7 1244.2 1188.6 1136 1083.3 1032.3 983.25 935.71 889.93 846.91 
 806.21 768.62 734.39 704.51 679.28 659.69 645.6 636.94 632.89 633.4 
 639.65 652.48 672.01 698.71 731.59 770.22 814.06 860.46 908.87 956.09 
 999.51 1035.6 1059.9 1071.4 1063.6 1039.4 1003.3 957.65 903.9 843.5 
 775.89 706.01 634.85 563.3 487.86 412.57 340.72 277.07 221.82 177.96 
 134.1 109.19 92.096 77.368 65.468 54.926 45.557 37.735 31.451 27.705 
 25.179 23.27 21.775 20.458 19.358 18.45 17.66 17.003 16.427 15.856 
 15.335 14.791 14.187 13.549 12.933 12.355 11.797 11.278 10.823 10.529 
 10.458 10.458 10.536 10.614 10.705 10.776 10.853 10.951 11.056 11.185 
 11.321 11.458 11.619 11.794 11.949 12.123 12.281 12.422 12.56 12.702 
 12.825 12.936 13.053 13.157 13.247 13.333 13.404 13.475 13.546 13.611 
 13.663 13.715 13.78 13.845 13.903 13.975 14.072 14.149 14.247 14.376 
 14.488 14.61 14.754 14.889 15.025 15.156 15.29 15.429 15.557 15.681 
 15.817 15.953 16.082 16.213 16.342 16.446 16.53 16.634 16.719 16.816 
 16.913 
2165.2 2165.5 2162.4 2157 2153.7 2150.8 2151.2 2150.4 2149.8 2142.7 
 2130.7 2115.3 2097.5 2081.6 2072.4 2069.4 2073.3 2076.2 2075.5 2066.1 
 2046.3 2020.1 1990.9 1964.3 1942.3 1921.9 1898.8 1868.9 1829.2 1781.2 
 1729.8 1679.4 1633.5 1591.9 1552 1510.8 1466.3 1418.9 1370.1 1321.7 
 1273.5 1227.6 1181.5 1137.9 1095.4 1057.4 1025.8 999.9 980.9 967.28 
 958.34 952.45 949.82 949.36 952.67 959.11 967.95 979.6 993.76 1011.2 
 1033 1060.3 1092.2 1127.7 1163 1196.1 1225.3 1245.9 1249.3 1227.2 
 1173 1097.1 1007.4 906.21 799.89 696.14 604.71 528.63 465.74 417.43 
 369.15 329.82 291 253.13 221.06 194.33 170.9 150.77 132.18 115.3 
 100.34 88.099 78.955 70.349 62.811 55.619 48.751 42.794 38.707 34.979 
 31.564 28.484 25.794 23.431 21.467 19.786 18.397 17.193 16.248 15.478 
 14.822 14.284 13.785 13.31 12.855 12.453 12.133 11.833 11.576 11.357 
 11.163 11.001 10.853 10.73 10.653 10.647 10.685 10.75 10.861 10.964 
 11.075 11.212 11.354 11.51 11.666 11.83 12.004 12.166 12.328 12.496 
 12.645 12.794 12.943 13.081 13.216 13.345 13.476 13.593 13.715 13.799 
 13.891 13.963 14.046 14.124 14.182 14.247 14.312 14.391 14.474 14.559 
 14.67 14.773 14.883 14.993 15.117 15.247 15.352 15.487 15.603 15.74 
 15.87 16.006 16.122 16.245 16.375 16.499 16.589 16.706 16.797 16.881 
 16.913 
2165.2 2166.7 2163.3 2159.2 2155.8 2155.6 2157.8 2158.9 2155.6 2146.3 
 2129.9 2109.6 2090.3 2078.6 2074.3 2079 2086.6 2088.8 2079.8 2059 
 2030.5 2002.1 1978.4 1961.8 1946.2 1922.7 1885.3 1834.9 1776.7 1719.3 
 1669.5 1628 1589.1 1548.5 1502.6 1451.2 1399.7 1350.1 1302.8 1257.5 
 1210.8 1165.1 1122.6 1087.1 1059.3 1040 1028.9 1024.4 1025.6 1029.5 
 1032.4 1033.2 1034.6 1042.7 1060 1085 1112.8 1135.4 1150.4 1161.1 
 1177.6 1207.6 1252 1299.7 1336.1 1349.1 1335 1297.4 1243.9 1170.2 
 1072.3 958.48 842.02 726.31 615.6 519.99 447.98 396.62 358.19 323.87 
 291.24 260.94 230.55 205.3 180.05 158.69 139.09 123.49 109.76 97.65 
 86.956 78.266 72.142 66.834 61.998 58.05 54.187 50.762 47.511 44.622 
 41.778 38.948 36.171 33.441 30.808 28.331 26.051 24.022 22.201 20.651 
 19.311 18.162 17.219 16.407 15.696 15.083 14.52 13.962 13.481 12.997 
 12.547 12.159 11.8 11.51 11.297 11.129 11.01 11.003 11.054 11.139 
 11.236 11.339 11.469 11.58 11.736 11.884 12.04 12.201 12.345 12.507 
 12.651 12.781 12.93 13.058 13.189 13.3 13.429 13.551 13.682 13.805 
 13.915 14.032 14.136 14.239 14.324 14.395 14.473 14.558 14.629 14.726 
 14.817 14.921 15.031 15.141 15.264 15.376 15.492 15.622 15.75 15.867 
 15.978 16.088 16.206 16.315 16.433 16.543 16.627 16.712 16.777 16.868 
 16.913 
