IESNA:LM-63-2002
[TEST] 1
[TESTLAB] 
[TESTDATE] 2024-12-23
[ISSUEDATE] 2024-12-23 14:15:20
[LAMPPOSITION] 0,0
[OTHER] EVERFINE GO-2000A_V1 SYSTEM
[MANUFAC] 
[LUMINAIRE] 60W-5000K
[LAMP] CP08-10-80L-S2D5C3
TILT=NONE
1 9814.2 1 181 17 1 2 0.250 0.250 0.000
1.000 1 59.8683
0.0    1.0    2.0    3.0    4.0    5.0    6.0    7.0    8.0    9.0    
 10.0   11.0   12.0   13.0   14.0   15.0   16.0   17.0   18.0   19.0   
 20.0   21.0   22.0   23.0   24.0   25.0   26.0   27.0   28.0   29.0   
 30.0   31.0   32.0   33.0   34.0   35.0   36.0   37.0   38.0   39.0   
 40.0   41.0   42.0   43.0   44.0   45.0   46.0   47.0   48.0   49.0   
 50.0   51.0   52.0   53.0   54.0   55.0   56.0   57.0   58.0   59.0   
 60.0   61.0   62.0   63.0   64.0   65.0   66.0   67.0   68.0   69.0   
 70.0   71.0   72.0   73.0   74.0   75.0   76.0   77.0   78.0   79.0   
 80.0   81.0   82.0   83.0   84.0   85.0   86.0   87.0   88.0   89.0   
 90.0   91.0   92.0   93.0   94.0   95.0   96.0   97.0   98.0   99.0   
 100.0  101.0  102.0  103.0  104.0  105.0  106.0  107.0  108.0  109.0  
 110.0  111.0  112.0  113.0  114.0  115.0  116.0  117.0  118.0  119.0  
 120.0  121.0  122.0  123.0  124.0  125.0  126.0  127.0  128.0  129.0  
 130.0  131.0  132.0  133.0  134.0  135.0  136.0  137.0  138.0  139.0  
 140.0  141.0  142.0  143.0  144.0  145.0  146.0  147.0  148.0  149.0  
 150.0  151.0  152.0  153.0  154.0  155.0  156.0  157.0  158.0  159.0  
 160.0  161.0  162.0  163.0  164.0  165.0  166.0  167.0  168.0  169.0  
 170.0  171.0  172.0  173.0  174.0  175.0  176.0  177.0  178.0  179.0  
 180.0  
0.0    22.5   45.0   67.5   90.0   112.5  135.0  157.5  180.0  202.5  
 225.0  247.5  270.0  292.5  315.0  337.5  360.0  
3299.3 3300 3295.1 3288.8 3284.8 3283.9 3285.7 3286.9 3282.4 3268.3 
 3245.2 3215.8 3188.1 3169.3 3163.7 3169.7 3178.5 3182.1 3168.7 3138.2 
 3097 3053.4 3016.6 2988.7 2962.5 2926 2872.7 2800 2715.9 2630.8 
 2555 2488.3 2426.6 2362 2292.1 2215.9 2138.7 2062.7 1990.8 1919.1 
 1848.1 1779.4 1715.9 1662.8 1620.7 1590.9 1573.7 1567.7 1570.5 1576.1 
 1581 1583.2 1588.4 1602.3 1629.5 1666.9 1707.9 1741.9 1766.2 1786.5 
 1815.5 1862.3 1928.9 1999.3 2052.5 2074.4 2058 2006.1 1921.7 1802.6 
 1651.3 1479.6 1302.1 1120.5 947.15 799.87 688.47 607.88 548.65 495.03 
 441.37 389.65 341.25 299.71 269.58 240.88 212.72 190.62 168.52 150.35 
 134.94 122.03 112.44 103.61 95.549 89.002 82.871 77.561 72.743 68.512 
 64.218 59.896 55.632 51.466 47.432 43.629 40.141 36.987 34.14 31.683 
 29.69 27.991 26.527 25.214 24.136 23.18 22.284 21.449 20.675 19.952 
 19.272 18.662 18.105 17.664 17.342 17.075 16.907 16.881 17.003 17.134 
 17.277 17.451 17.62 17.809 18.036 18.254 18.51 18.743 18.982 19.209 
 19.437 19.639 19.844 20.047 20.228 20.424 20.599 20.785 20.972 21.155 
 21.338 21.512 21.662 21.798 21.927 22.064 22.175 22.304 22.415 22.569 
 22.699 22.854 23.031 23.206 23.382 23.568 23.778 23.959 24.148 24.333 
 24.508 24.678 24.854 25.036 25.192 25.366 25.484 25.607 25.717 25.833 
 25.924 
3299.3 3298.7 3294 3287.8 3280.5 3276.1 3275.2 3276.9 3273.8 3264.1 
 3247.1 3221.3 3192 3167 3150.8 3145.9 3150.4 3157.2 3157.7 3144 
 3115.7 3076.1 3031.8 2991.3 2958.9 2930 2898.5 2855.2 2794.7 2719.6 
 2638.1 2559.4 2488 2426.4 2369.1 2308.1 2241.9 2169.7 2095.1 2021.6 
 1950.8 1881.1 1811.7 1743.5 1678.1 1618.2 1567.5 1526.8 1495.9 1475 
 1461.6 1454.5 1451.6 1452.9 1457.5 1465.9 1478.1 1494.1 1515.3 1542.4 
 1577 1617.3 1664 1715.9 1771.3 1829 1886.3 1931.2 1944.7 1911.5 
 1831.3 1716.7 1581.7 1424.9 1258.6 1093.3 946.35 820.51 718.15 634.56 
 560.58 496.52 437.86 386.09 334.37 292.34 251.85 218.64 188.48 160.9 
 136.81 116.79 102.65 90.746 80.355 71.679 63.824 57.004 51.527 46.703 
 42.166 38.06 34.564 31.626 29.182 27.138 25.412 23.986 22.77 21.803 
 20.977 20.247 19.52 18.817 18.157 17.627 17.161 16.753 16.383 16.088 
 15.862 15.686 15.57 15.557 15.571 15.605 15.754 15.968 16.207 16.463 
 16.725 17.007 17.277 17.552 17.837 18.122 18.406 18.662 18.913 19.152 
 19.381 19.595 19.807 19.995 20.186 20.372 20.535 20.676 20.84 20.983 
 21.139 21.274 21.417 21.539 21.677 21.794 21.918 22.072 22.222 22.369 
 22.529 22.734 22.916 23.104 23.299 23.494 23.675 23.884 24.066 24.272 
 24.458 24.641 24.822 24.997 25.172 25.31 25.438 25.529 25.633 25.743 
 25.924 
3299.3 3296 3291.7 3283.2 3274.6 3268.5 3265.3 3265.5 3265.6 3261.7 
 3252.9 3236.8 3211.8 3183.8 3152.9 3124.1 3097.8 3079.1 3067.1 3058.4 
 3053.2 3049.3 3045.4 3035.5 3017.9 2989.6 2948.7 2900.9 2848.1 2794.3 
 2743 2692.8 2640.8 2582.4 2515.7 2438.4 2355.5 2267.7 2178.9 2091.1 
 2005.2 1920.1 1836.1 1754.6 1674.4 1596 1519.8 1445.6 1375.3 1307.5 
 1244.3 1183.6 1126.8 1075.9 1033.2 1000.3 978.33 964.66 955.74 951.41 
 953.6 967.58 996.91 1042.4 1098.5 1159.2 1222.2 1292.5 1374.4 1459.4 
 1539.4 1602.5 1647.1 1669.3 1663.1 1626.4 1568.7 1497.6 1409.2 1309.3 
 1202.9 1094.4 981.21 865.21 742.36 623.81 512.3 413.68 330.03 259.98 
 213.09 166.4 139.55 115.85 94.037 74.703 60.962 51.489 45.053 40.858 
 37.582 34.951 32.849 31.064 29.515 28.173 26.961 25.958 25.113 24.306 
 23.507 22.718 21.811 20.834 19.869 18.944 18.111 17.274 16.512 15.992 
 15.797 15.81 15.952 16.076 16.199 16.334 16.477 16.627 16.819 16.996 
 17.221 17.444 17.695 17.943 18.188 18.43 18.676 18.903 19.123 19.319 
 19.512 19.696 19.864 20.008 20.157 20.299 20.416 20.519 20.616 20.733 
 20.824 20.922 20.993 21.09 21.182 21.298 21.422 21.57 21.732 21.906 
 22.095 22.291 22.479 22.691 22.905 23.122 23.34 23.541 23.751 23.943 
 24.14 24.345 24.568 24.749 24.925 25.067 25.222 25.36 25.496 25.626 
 25.924 
3299.3 3293.8 3289.1 3281.8 3275 3270.9 3268.4 3266.2 3259.4 3244.3 
 3221.5 3193.8 3166.3 3145 3134.2 3133.7 3138.2 3140.8 3134.8 3114.7 
 3082.9 3043.5 3004.2 2968.1 2935.6 2901 2857.5 2802.1 2735.8 2662.1 
 2588.3 2517 2451.8 2388.7 2325.8 2260.2 2193.1 2124 2054.7 1986.1 
 1916.6 1846.2 1778.3 1713 1653.6 1602.5 1560.9 1529.5 1507.9 1492.5 
 1481.9 1474.8 1469.9 1469.3 1473.6 1484.9 1502.6 1524.5 1548.3 1573.2 
 1602.8 1640.2 1687.9 1746.8 1808.8 1863.6 1901 1911.8 1890.3 1828.2 
 1729.4 1599.6 1453.2 1296.9 1145 1004.3 882.39 781.84 696.54 621.73 
 553.42 489.23 427.04 376.63 326.32 285.99 252.74 222.94 195.28 170.88 
 149.2 135.07 122.89 111.46 100.82 90.282 79.793 69.788 60.059 51.185 
 45.788 41.365 37.58 34.145 31.249 28.882 26.768 25.066 23.785 22.649 
 21.712 20.804 20.019 19.319 18.744 18.188 17.728 17.327 17.004 16.744 
 16.508 16.322 16.14 16.024 15.986 16.006 16.137 16.299 16.472 16.65 
 16.832 17.043 17.266 17.486 17.738 17.992 18.256 18.525 18.771 19.011 
 19.243 19.47 19.684 19.908 20.106 20.307 20.497 20.664 20.82 20.956 
 21.098 21.215 21.339 21.449 21.559 21.664 21.787 21.904 22.046 22.168 
 22.325 22.493 22.682 22.865 23.059 23.242 23.441 23.644 23.838 24.038 
 24.233 24.422 24.622 24.816 25.003 25.18 25.341 25.503 25.633 25.756 
 25.924 
3299.3 3302.2 3295.6 3289.4 3282.6 3280 3279.1 3276 3266.3 3246.5 
 3218.9 3189.1 3163.7 3149.7 3147.8 3152.8 3157.8 3150.9 3128.8 3092.3 
 3049.6 3009.3 2975.9 2945.9 2913.3 2867.8 2805.6 2730.6 2648.4 2571.6 
 2501.9 2437.6 2373.3 2306.6 2234.7 2159.3 2084.9 2012.3 1939.1 1866.7 
 1794.2 1728.3 1670.1 1623.1 1588.5 1566.2 1554.6 1551 1551.9 1553.4 
 1555 1560 1573.3 1598.3 1633.9 1672.7 1705.5 1729.7 1750.8 1780.9 
 1829.7 1897.4 1972 2032.7 2061.3 2050.8 2005.1 1926.9 1812.6 1667.7 
 1499.3 1321.8 1146.8 982.23 842.94 737.17 655.38 588.02 523.73 463.34 
 408.76 354.37 312.86 279.89 247.52 220 197.09 175.85 157.81 142.1 
 129.03 119.73 110.87 102.77 95.916 89.73 83.877 78.404 72.908 67.752 
 62.969 58.721 54.722 50.902 47.196 43.821 40.694 37.883 35.419 33.193 
 31.229 29.494 28.006 26.693 25.545 24.549 23.595 22.775 22.104 21.517 
 21.007 20.6 20.26 19.986 19.819 19.762 19.802 19.956 20.118 20.276 
 20.463 20.65 20.834 21.049 21.237 21.452 21.671 21.909 22.149 22.397 
 22.61 22.846 23.065 23.287 23.5 23.714 23.895 24.071 24.233 24.381 
 24.517 24.641 24.751 24.849 24.952 25.044 25.146 25.225 25.309 25.4 
 25.497 25.549 25.646 25.723 25.783 25.868 25.983 26.048 26.106 26.158 
 26.184 26.203 26.229 26.288 26.346 26.353 26.353 26.339 26.32 26.281 
 25.924 
3299.3 3298.1 3291.4 3282.5 3275 3269.5 3266.3 3262.6 3253.5 3235.9 
 3212.8 3183.6 3156 3135.7 3125 3123.9 3126.2 3125.7 3114.8 3091.3 
 3055.6 3013.5 2973.5 2937.3 2905.4 2869.9 2825.8 2769.5 2701.4 2627.1 
 2551.9 2481.3 2415.5 2353 2288.8 2221.5 2152.9 2081.8 2010.5 1939.5 
 1868.8 1798.1 1730.7 1667.8 1610.9 1563.3 1524.2 1493.3 1470.5 1455.3 
 1445.8 1440.8 1439.6 1443.7 1452.7 1467.1 1486.5 1510.4 1538.8 1573 
 1614.3 1663.2 1718.3 1779.5 1837 1883.6 1906.5 1896.4 1844.8 1754.6 
 1632.9 1490.9 1337.4 1184.2 1040 910.78 801.82 706.83 622.77 550.55 
 484.31 422.72 369.04 322.01 281.74 248.29 217.35 191.56 165.8 145.13 
 132.02 120.95 109.36 98.456 87.568 76.94 66.615 57.976 50.971 45.778 
 41.648 37.837 34.627 31.774 29.794 28.128 26.755 25.589 24.669 23.892 
 23.15 22.492 21.873 21.266 20.698 20.256 19.86 19.561 19.316 19.126 
 18.997 18.887 18.847 18.847 18.84 18.956 19.118 19.311 19.512 19.74 
 19.972 20.214 20.46 20.712 20.961 21.225 21.489 21.752 22.022 22.287 
 22.536 22.777 23.004 23.231 23.425 23.626 23.809 23.95 24.061 24.172 
 24.282 24.393 24.483 24.575 24.659 24.762 24.834 24.906 24.983 25.08 
 25.152 25.223 25.308 25.373 25.412 25.463 25.554 25.613 25.671 25.723 
 25.762 25.775 25.801 25.846 25.892 25.931 25.95 25.95 25.95 25.95 
 25.924 
3299.3 3297.3 3288.9 3278.8 3269.7 3262.7 3257.9 3254.5 3250.8 3242.6 
 3227.2 3205.7 3179.3 3150.1 3121.2 3094.6 3073.2 3056.2 3044.5 3037.4 
 3031.7 3025.7 3015.1 2996.4 2968.6 2928.8 2881.5 2830.3 2777.9 2726.6 
 2674.3 2618.9 2556.7 2486.1 2407.9 2325.9 2240.6 2156.6 2072.3 1985.5 
 1899.9 1816.1 1736.1 1656.4 1579.1 1504.1 1431.9 1362.5 1296.2 1231.3 
 1170.4 1114.4 1064.9 1024.9 994.64 974.24 959.54 948.27 943.06 948.74 
 969.88 1007.3 1056.2 1108.2 1162.3 1225.4 1302.9 1384.7 1463.1 1528.9 
 1581.5 1616.7 1625.9 1608.4 1568 1512.4 1440.4 1350.6 1249.5 1148.6 
 1042.6 932.01 814.7 694.95 577.77 471.44 387.04 302.77 235.22 189.77 
 165.4 144.15 124.45 106.05 90.065 74.616 61.076 51.942 45.218 40.932 
 37.804 35.372 33.345 31.672 30.332 29.127 28.101 27.235 26.351 25.528 
 24.658 23.672 22.693 21.766 20.933 20.159 19.423 18.858 18.645 18.717 
 18.872 19.009 19.165 19.294 19.419 19.568 19.735 19.917 20.112 20.316 
 20.552 20.801 21.034 21.277 21.523 21.767 22.008 22.236 22.474 22.687 
 22.902 23.091 23.271 23.427 23.564 23.686 23.791 23.882 23.972 24.063 
 24.16 24.244 24.329 24.42 24.523 24.628 24.737 24.829 24.932 25.049 
 25.166 25.256 25.36 25.432 25.496 25.568 25.679 25.75 25.808 25.879 
 25.931 25.957 25.97 26.022 26.035 26.035 26.035 26.028 25.989 25.963 
 25.924 
3299.3 3294.2 3285.1 3276.6 3269.8 3265.1 3261.7 3255.2 3242.6 3221.9 
 3197.2 3170.3 3147.9 3134.5 3129.7 3131.8 3132.4 3125.3 3105.5 3074.4 
 3034.2 2992.6 2955.5 2921 2887.3 2845.5 2791.9 2726.4 2652 2577.6 
 2506.7 2441.6 2378.7 2314.3 2246.3 2175.2 2103.3 2030.6 1958.6 1886.8 
 1814.7 1743.2 1676.1 1614.8 1561.1 1518.1 1484.9 1460.7 1444.6 1432.9 
 1425.1 1420.7 1421.5 1428.5 1442.4 1459.9 1480.7 1504.1 1532.1 1570.6 
 1620.4 1678.2 1742.3 1806.9 1864.1 1907.1 1923.5 1896.3 1822.3 1711.2 
 1572.3 1416.8 1253.6 1096.8 962.79 848 751.32 669.11 597.33 530.42 
 461.55 396.71 341.73 298.49 263.22 231.92 206.02 180.16 158.65 142.75 
 131.42 120.5 110.31 101.09 91.898 82.195 72.537 63.44 54.293 46.546 
 41.679 38.09 35.086 32.389 30.029 28.231 26.875 25.754 24.835 24.009 
 23.269 22.538 21.888 21.291 20.726 20.222 19.814 19.491 19.243 19.055 
 18.913 18.866 18.834 18.827 18.969 19.155 19.361 19.604 19.837 20.058 
 20.286 20.505 20.758 21.018 21.27 21.516 21.775 22.023 22.276 22.535 
 22.771 22.978 23.184 23.467 23.686 23.854 24.008 24.151 24.256 24.36 
 24.444 24.53 24.613 24.684 24.762 24.854 24.938 25.016 25.107 25.203 
 25.307 25.398 25.463 25.542 25.587 25.683 25.781 25.852 25.898 25.943 
 25.995 26.009 26.009 26.047 26.073 26.106 26.106 26.113 26.074 26.022 
 25.924 
3299.3 3292.6 3284.1 3276.4 3270.9 3267.3 3265.9 3257.6 3243 3220.5 
 3190.9 3163.8 3145 3136.8 3139.3 3145.1 3142.9 3127.1 3095.8 3053.2 
 3008.7 2969.8 2939.8 2908.8 2868 2809.8 2735.6 2653.6 2571.8 2498.9 
 2432.4 2369.9 2301.1 2227.8 2150.7 2074 2000 1927 1853.6 1781.2 
 1711.5 1650.1 1598.8 1560.9 1535.9 1523.1 1521.5 1525.9 1528.9 1528.6 
 1529.3 1536.6 1559.3 1597.5 1643 1681.8 1706.5 1720.7 1743.1 1790 
 1865.7 1955.3 2031.2 2072 2068.1 2028.1 1952.2 1837.9 1680.9 1500.7 
 1311.6 1126.6 952.75 817.98 727.2 662.15 599.65 533.97 470.75 405.09 
 339.42 295.42 263.18 233.25 209.56 186.73 166.99 151.47 138 127.35 
 118.56 109.91 102.44 96.12 90.294 84.878 79.521 74.232 68.939 63.739 
 58.649 53.852 49.869 46.236 42.706 39.585 36.81 34.381 32.263 30.419 
 28.828 27.56 26.447 25.45 24.497 23.584 22.776 22.08 21.482 20.975 
 20.563 20.253 20.032 19.872 19.892 19.996 20.125 20.275 20.43 20.586 
 20.753 20.929 21.104 21.305 21.527 21.747 21.973 22.193 22.421 22.662 
 22.882 23.098 23.311 23.517 23.732 23.901 24.07 24.219 24.348 24.394 
 24.427 24.536 24.737 24.913 24.997 25.075 25.153 25.224 25.301 25.379 
 25.438 25.509 25.568 25.626 25.672 25.743 25.821 25.873 25.912 25.963 
 25.97 25.976 25.977 26.041 26.074 26.067 26.067 26.054 26.022 25.977 
 25.924 
3299.3 3291.4 3282.7 3274.4 3266.9 3262.7 3259.5 3253.1 3240.9 3221.4 
 3197.1 3170.9 3148.8 3134.1 3129.2 3130.5 3131.8 3125.3 3105.4 3073.4 
 3033.3 2989.3 2950.3 2918 2884.7 2844.6 2792.7 2726 2649.4 2573 
 2500.6 2434 2372.3 2310.2 2242.9 2170.3 2096.2 2023.3 1951.9 1881.8 
 1812 1742.4 1674.1 1611.6 1556.2 1510.8 1475.4 1450.2 1432.4 1421.6 
 1416.1 1413.9 1414.2 1418.7 1428.6 1445.3 1469.3 1499.5 1533.9 1572.2 
 1612.9 1660.7 1720 1794.3 1865.5 1919.7 1937.1 1907.2 1833 1723.3 
 1581.4 1418.8 1245.5 1082.7 947.05 836.4 747.98 669.79 600.59 536.82 
 466.39 396.38 338.96 293.81 257.79 226.62 201.59 176.58 154.63 138.46 
 127.59 117.76 107.92 97.863 88.171 78.625 69.638 61.036 53.323 45.878 
 39.499 36.24 33.554 31.108 28.862 26.953 25.505 24.532 23.809 23.168 
 22.593 22.072 21.574 21.045 20.526 20.112 19.781 19.518 19.315 19.132 
 18.984 18.898 18.834 18.827 18.956 19.123 19.312 19.499 19.701 19.916 
 20.134 20.37 20.611 20.851 21.089 21.349 21.596 21.863 22.125 22.378 
 22.609 22.848 23.06 23.263 23.481 23.673 23.835 23.976 24.1 24.203 
 24.289 24.386 24.477 24.555 24.633 24.698 24.756 24.834 24.905 24.938 
 24.938 25.073 25.151 25.268 25.347 25.405 25.482 25.516 25.58 25.613 
 25.645 25.658 25.665 25.71 25.768 25.795 25.808 25.833 25.827 25.827 
 25.924 
3299.3 3290.6 3284.2 3274.4 3267.5 3262.2 3259 3256.3 3252.1 3241.5 
 3224.2 3200.8 3173.7 3144.6 3115.6 3091.4 3071.7 3056.4 3045.9 3037.3 
 3031.3 3023.1 3009.3 2988.7 2956.7 2913.2 2862.9 2809.6 2756 2705.4 
 2654.1 2600 2538.8 2467.5 2389.7 2307.6 2222.5 2135.8 2050.8 1965.3 
 1879.7 1796 1714.5 1633.5 1555.7 1480.2 1407.7 1338.7 1275.1 1213.5 
 1155.1 1099.5 1050.5 1010.9 982.61 965.31 954.81 947.74 942.98 945.18 
 961.42 997.25 1050.9 1112.9 1173.8 1235.9 1303.6 1385.4 1470.6 1540.7 
 1595.4 1629.5 1638.5 1616.9 1569.6 1510.8 1439.7 1349.7 1249.5 1146.7 
 1043.8 936.75 820.38 701.63 582.95 475.96 391.83 307.74 241.27 193.92 
 168.91 147.88 129.47 113.05 97.243 81.572 67.51 54.43 45.856 41.534 
 38.132 35.417 33.216 31.456 30.014 28.776 27.763 26.869 26.001 25.203 
 24.274 23.27 22.323 21.413 20.598 19.783 19.056 18.547 18.458 18.571 
 18.777 18.952 19.1 19.243 19.392 19.555 19.743 19.957 20.151 20.378 
 20.594 20.828 21.062 21.303 21.549 21.801 22.022 22.247 22.474 22.689 
 22.883 23.066 23.241 23.408 23.544 23.668 23.778 23.861 23.946 24.024 
 24.089 24.173 24.251 24.329 24.42 24.53 24.621 24.686 24.778 24.875 
 24.984 25.075 25.172 25.244 25.303 25.387 25.491 25.542 25.6 25.646 
 25.704 25.723 25.724 25.801 25.814 25.814 25.821 25.801 25.782 25.769 
 25.924 
3299.3 3291.6 3283 3277 3272.1 3270.3 3267.9 3262.4 3250.5 3229 
 3201.9 3173.6 3150.3 3135.1 3129.2 3129.3 3129.5 3122.9 3102.9 3071.8 
 3033 2992.5 2954.9 2920.7 2886.2 2845.3 2794.9 2733.4 2663 2590 
 2518.8 2451.1 2386.7 2323.2 2258.1 2190.5 2120.6 2050 1980.2 1911.1 
 1841.9 1775.5 1711.7 1652.5 1599.2 1555.4 1519.5 1491.4 1470.3 1455.3 
 1444.8 1439.4 1438.9 1445.3 1457 1473.7 1492.2 1511.6 1534.5 1565.5 
 1607.6 1662.3 1720.8 1774.7 1815.6 1843.6 1853 1840.2 1789.7 1698.2 
 1573.9 1435.4 1284.1 1131.7 991.1 871.13 772.95 689.84 621.12 562.42 
 503.12 438.96 379.89 329.63 288.67 256.43 227.34 202.27 177.23 155.88 
 141.37 129.42 118.58 108.68 98.975 89.064 79.187 69.101 59.495 51.675 
 45.966 41.543 37.8 34.478 31.754 29.425 27.675 26.404 25.38 24.496 
 23.772 23.048 22.371 21.722 21.093 20.512 19.974 19.561 19.237 19.017 
 18.843 18.705 18.633 18.601 18.632 18.825 19.056 19.311 19.563 19.805 
 20.076 20.324 20.579 20.845 21.115 21.381 21.658 21.939 22.226 22.492 
 22.73 22.97 23.205 23.413 23.614 23.777 23.933 24.061 24.178 24.282 
 24.36 24.38 24.38 24.458 24.625 24.762 24.854 24.937 25.028 25.125 
 25.217 25.301 25.392 25.444 25.489 25.535 25.626 25.684 25.729 25.794 
 25.827 25.834 25.834 25.879 25.918 25.931 25.931 25.931 25.937 25.905 
 25.924 
3299.3 3301.3 3295 3290.5 3288.5 3288.6 3287.8 3280.2 3264.6 3239.7 
 3211.5 3185.2 3167.9 3160.4 3163.5 3165.7 3161.3 3142.1 3110.5 3069.2 
 3026.8 2988.6 2955.5 2921.9 2881.7 2829.1 2760.7 2685.5 2607 2532.6 
 2464.2 2399.6 2333.4 2264.5 2192.6 2118.6 2046.4 1976.2 1906.8 1839.3 
 1774 1716.2 1666.1 1625.7 1595.9 1575.5 1564.6 1562.4 1564.6 1569.4 
 1576.5 1585.8 1601.8 1624.2 1653.9 1686.5 1718.1 1747.1 1776 1811.6 
 1855.6 1907.9 1956.5 1991.8 2004.3 1987.6 1937.8 1852.1 1729.3 1584.2 
 1420.9 1251.5 1084.2 928.01 795.58 695 625.77 573.29 523.74 474.44 
 419.65 362.5 313.03 275.41 240.33 215.82 194.6 173.41 155.84 140.16 
 127.69 118.24 109.32 101.62 94.677 88.47 82.611 76.895 71.415 65.793 
 60.4 55.363 51.05 47.098 43.423 40.098 36.984 34.25 31.785 29.689 
 27.864 26.265 24.873 23.596 22.526 21.507 20.587 19.829 19.174 18.625 
 18.155 17.729 17.403 17.193 16.993 16.901 16.92 17.017 17.132 17.274 
 17.418 17.6 17.78 17.982 18.216 18.467 18.708 18.961 19.203 19.433 
 19.649 19.851 20.047 20.234 20.426 20.624 20.792 20.978 21.167 21.342 
 21.5 21.655 21.791 21.928 22.044 22.167 22.296 22.419 22.544 22.693 
 22.855 23.022 23.217 23.407 23.613 23.815 24.015 24.238 24.437 24.618 
 24.794 24.969 25.152 25.339 25.47 25.632 25.762 25.898 26.008 26.131 
 25.924 
3299.3 3301.1 3296.8 3291.9 3287.8 3284.8 3282.8 3279.7 3267.3 3248.8 
 3223.9 3197 3172.8 3155.4 3148.9 3149.4 3151 3147.2 3132.5 3106 
 3070.4 3029.5 2991 2954.7 2922.1 2886.4 2840.9 2785 2717.8 2645.1 
 2571.4 2501.8 2436.9 2373.9 2313 2246.1 2178.7 2108.6 2038.5 1970.5 
 1902.9 1836.5 1771.4 1710.2 1653.4 1604.4 1564.8 1532.2 1508.2 1490.8 
 1479.2 1472.8 1470.5 1473 1479.5 1490.3 1505.4 1523.5 1546 1573.5 
 1608.4 1651.2 1699.2 1746.8 1791.8 1830.3 1860.8 1872.2 1854.5 1800.4 
 1705.8 1584.9 1446.6 1294.7 1141.4 998.05 876.16 775.11 694.35 627.28 
 568.71 512.03 449.62 391.26 333.05 287.11 250.55 218.61 191.55 168.44 
 148.02 134.08 122.06 111.41 101.56 92.216 82.752 72.914 62.771 53.519 
 44.72 37.409 34.176 31.431 28.995 26.884 25.185 23.873 22.726 21.766 
 20.951 20.225 19.498 18.858 18.307 17.769 17.32 16.945 16.64 16.392 
 16.192 16.029 15.914 15.901 15.908 16.04 16.248 16.474 16.707 16.949 
 17.207 17.44 17.707 17.962 18.219 18.48 18.744 18.972 19.22 19.451 
 19.664 19.847 20.062 20.243 20.423 20.614 20.776 20.951 21.113 21.254 
 21.392 21.521 21.651 21.773 21.89 22.019 22.144 22.274 22.417 22.577 
 22.74 22.927 23.129 23.332 23.533 23.721 23.914 24.103 24.297 24.472 
 24.64 24.802 24.966 25.14 25.289 25.413 25.536 25.646 25.763 25.866 
 25.924 
3299.3 3301.8 3296.4 3289.8 3283.6 3278.8 3276.8 3276.5 3275.7 3271.1 
 3260.6 3243.3 3217.7 3188.9 3157.8 3129.9 3105.2 3087.1 3075.3 3067.5 
 3061.8 3057.2 3050.4 3037.3 3015.8 2983.7 2940.8 2891.1 2836.4 2782.1 
 2729.3 2676.4 2620.2 2557.5 2488.9 2411.7 2330.5 2246.3 2159.9 2073.3 
 1985.9 1901.1 1817.9 1739.1 1659.9 1583.1 1508.4 1436.2 1366.6 1301 
 1238.9 1179 1124.1 1076.3 1035.7 1006.4 987.42 975.97 968.42 964.88 
 968.67 985.29 1019 1067.7 1124.3 1183.5 1243.5 1309.8 1386.4 1464.3 
 1534.1 1587.1 1623.1 1640.4 1630.4 1593.4 1539 1470.8 1386.6 1293.5 
 1191.8 1087.3 977.53 867.06 752.53 635.72 526.4 427.4 342 269.74 
 205.49 167.92 141.73 119.32 100.91 84.575 70.132 58.063 48.535 42.66 
 38.827 35.876 33.495 31.542 29.879 28.48 27.196 26.143 25.294 24.411 
 23.572 22.759 21.847 20.859 19.916 19.028 18.174 17.364 16.678 16.222 
 16.102 16.122 16.258 16.393 16.51 16.628 16.744 16.899 17.034 17.223 
 17.439 17.663 17.892 18.153 18.412 18.645 18.89 19.117 19.333 19.541 
 19.727 19.897 20.059 20.215 20.351 20.474 20.591 20.694 20.786 20.882 
 20.961 21.051 21.129 21.228 21.331 21.448 21.564 21.706 21.874 22.038 
 22.219 22.419 22.622 22.828 23.055 23.278 23.492 23.703 23.912 24.098 
 24.302 24.497 24.704 24.903 25.091 25.243 25.393 25.515 25.659 25.788 
 25.924 
3299.3 3301.7 3296.9 3290.5 3284.2 3280.8 3280.9 3281.3 3278.2 3268.8 
 3252.1 3227.4 3199.8 3176.4 3159.7 3155.2 3158.4 3163.3 3162.1 3148 
 3120.3 3080.1 3037.5 2996.9 2962.6 2931.4 2898.2 2852.7 2793.2 2720.2 
 2641 2564 2492.4 2427.8 2366.4 2303.7 2237.5 2166.2 2091.5 2018.3 
 1945.5 1873.9 1805.2 1738.8 1675.1 1618 1569.8 1530.5 1501.9 1481.7 
 1469.2 1461 1456.3 1455.9 1459.9 1469.4 1483.9 1501.8 1523.5 1549.3 
 1582.3 1623.3 1673.6 1729.1 1783.3 1833.6 1880.2 1912.6 1918.9 1884 
 1801.5 1687.1 1550.8 1396.3 1233.2 1072.4 930.32 810.02 711.56 629.67 
 560.62 501.97 446.62 394.16 341.82 298.58 261.9 230.86 202.61 176.54 
 153.78 134.73 120.52 107.08 95.595 84.615 74.529 65.755 59.406 53.703 
 48.619 43.848 39.69 36.063 33.039 30.543 28.297 26.404 25.04 23.829 
 22.834 21.996 21.256 20.5 19.806 19.199 18.692 18.247 17.855 17.523 
 17.214 16.97 16.735 16.535 16.42 16.388 16.434 16.539 16.68 16.839 
 17.021 17.22 17.435 17.668 17.908 18.148 18.413 18.672 18.921 19.167 
 19.399 19.626 19.839 20.036 20.257 20.451 20.638 20.821 20.983 21.132 
 21.266 21.384 21.501 21.604 21.702 21.806 21.902 22.019 22.157 22.299 
 22.442 22.617 22.781 22.973 23.15 23.337 23.539 23.74 23.94 24.13 
 24.331 24.519 24.714 24.915 25.089 25.276 25.439 25.587 25.724 25.866 
 25.924 
3299.3 3300 3295.1 3288.8 3284.8 3283.9 3285.7 3286.9 3282.4 3268.3 
 3245.2 3215.8 3188.1 3169.3 3163.7 3169.7 3178.5 3182.1 3168.7 3138.2 
 3097 3053.4 3016.6 2988.7 2962.5 2926 2872.7 2800 2715.9 2630.8 
 2555 2488.3 2426.6 2362 2292.1 2215.9 2138.7 2062.7 1990.8 1919.1 
 1848.1 1779.4 1715.9 1662.8 1620.7 1590.9 1573.7 1567.7 1570.5 1576.1 
 1581 1583.2 1588.4 1602.3 1629.5 1666.9 1707.9 1741.9 1766.2 1786.5 
 1815.5 1862.3 1928.9 1999.3 2052.5 2074.4 2058 2006.1 1921.7 1802.6 
 1651.3 1479.6 1302.1 1120.5 947.15 799.87 688.47 607.88 548.65 495.03 
 441.37 389.65 341.25 299.71 269.58 240.88 212.72 190.62 168.52 150.35 
 134.94 122.03 112.44 103.61 95.549 89.002 82.871 77.561 72.743 68.512 
 64.218 59.896 55.632 51.466 47.432 43.629 40.141 36.987 34.14 31.683 
 29.69 27.991 26.527 25.214 24.136 23.18 22.284 21.449 20.675 19.952 
 19.272 18.662 18.105 17.664 17.342 17.075 16.907 16.881 17.003 17.134 
 17.277 17.451 17.62 17.809 18.036 18.254 18.51 18.743 18.982 19.209 
 19.437 19.639 19.844 20.047 20.228 20.424 20.599 20.785 20.972 21.155 
 21.338 21.512 21.662 21.798 21.927 22.064 22.175 22.304 22.415 22.569 
 22.699 22.854 23.031 23.206 23.382 23.568 23.778 23.959 24.148 24.333 
 24.508 24.678 24.854 25.036 25.192 25.366 25.484 25.607 25.717 25.833 
 25.924 
