IESNA:LM-63-2002
[TEST] 1
[TESTLAB] 
[TESTDATE] 2024-12-23
[ISSUEDATE] 2024-12-23 14:53:19
[LAMPPOSITION] 0,0
[OTHER] EVERFINE GO-2000A_V1 SYSTEM
[MANUFAC] 
[LUMINAIRE] 60W-3000K
[LAMP] CP08-10-80L-S2D5C3
TILT=NONE
1 9163.7 1 181 17 1 2 0.250 0.250 0.000
1.000 1 59.6405
0.0    1.0    2.0    3.0    4.0    5.0    6.0    7.0    8.0    9.0    
 10.0   11.0   12.0   13.0   14.0   15.0   16.0   17.0   18.0   19.0   
 20.0   21.0   22.0   23.0   24.0   25.0   26.0   27.0   28.0   29.0   
 30.0   31.0   32.0   33.0   34.0   35.0   36.0   37.0   38.0   39.0   
 40.0   41.0   42.0   43.0   44.0   45.0   46.0   47.0   48.0   49.0   
 50.0   51.0   52.0   53.0   54.0   55.0   56.0   57.0   58.0   59.0   
 60.0   61.0   62.0   63.0   64.0   65.0   66.0   67.0   68.0   69.0   
 70.0   71.0   72.0   73.0   74.0   75.0   76.0   77.0   78.0   79.0   
 80.0   81.0   82.0   83.0   84.0   85.0   86.0   87.0   88.0   89.0   
 90.0   91.0   92.0   93.0   94.0   95.0   96.0   97.0   98.0   99.0   
 100.0  101.0  102.0  103.0  104.0  105.0  106.0  107.0  108.0  109.0  
 110.0  111.0  112.0  113.0  114.0  115.0  116.0  117.0  118.0  119.0  
 120.0  121.0  122.0  123.0  124.0  125.0  126.0  127.0  128.0  129.0  
 130.0  131.0  132.0  133.0  134.0  135.0  136.0  137.0  138.0  139.0  
 140.0  141.0  142.0  143.0  144.0  145.0  146.0  147.0  148.0  149.0  
 150.0  151.0  152.0  153.0  154.0  155.0  156.0  157.0  158.0  159.0  
 160.0  161.0  162.0  163.0  164.0  165.0  166.0  167.0  168.0  169.0  
 170.0  171.0  172.0  173.0  174.0  175.0  176.0  177.0  178.0  179.0  
 180.0  
0.0    22.5   45.0   67.5   90.0   112.5  135.0  157.5  180.0  202.5  
 225.0  247.5  270.0  292.5  315.0  337.5  360.0  
3110.7 3111.8 3106.2 3100.4 3095.8 3096.4 3098.8 3100.7 3097.9 3083 
 3058.1 3026.4 2998.1 2979.9 2976.7 2984.5 2996.1 2999.2 2985.8 2954.1 
 2911.6 2869.7 2837.2 2815 2794.9 2761.8 2705.1 2628 2538.5 2453.2 
 2383.1 2327.2 2277.4 2221 2153.7 2077.2 2001.4 1930.6 1864.5 1800.4 
 1734.7 1668 1605.6 1552.8 1512.7 1485.1 1468.6 1461.9 1463 1468.1 
 1471.9 1471.7 1471.6 1481 1505 1542.1 1583.4 1616.9 1635.9 1647.7 
 1667 1709.7 1774.5 1845.2 1897.5 1914 1886.5 1829.1 1753.7 1656 
 1519.3 1354.5 1187.6 1026.1 871.61 736.04 635.41 565.75 510.5 462.62 
 420.84 382.95 341.79 299.32 261 226.32 200.32 174.37 155.42 137.77 
 121.56 108.69 100.44 93.641 87.642 82.616 77.451 72.562 67.69 63.342 
 59.185 55.177 51.165 47.29 43.536 40.103 36.916 34.079 31.449 29.265 
 27.411 25.845 24.51 23.3 22.316 21.454 20.645 19.883 19.186 18.531 
 17.902 17.33 16.851 16.45 16.14 15.903 15.745 15.739 15.83 15.94 
 16.082 16.245 16.419 16.589 16.79 17.003 17.223 17.452 17.68 17.9 
 18.093 18.294 18.484 18.665 18.839 19.022 19.19 19.371 19.548 19.729 
 19.897 20.052 20.196 20.338 20.456 20.585 20.695 20.813 20.923 21.06 
 21.189 21.337 21.492 21.648 21.825 21.986 22.175 22.343 22.512 22.675 
 22.849 23.004 23.173 23.336 23.479 23.647 23.771 23.882 23.992 24.102 
 24.199 
3110.7 3110.5 3106.8 3100.1 3092.8 3089.8 3088.9 3091.1 3089.8 3081.3 
 3062.4 3035.8 3005.6 2979.5 2964.4 2961.8 2969.5 2979.6 2984 2972.8 
 2943.8 2901.4 2856.1 2816.6 2786.7 2763.4 2736.6 2696.9 2638 2563.4 
 2480.2 2402.7 2334.4 2277.4 2224.8 2168.3 2105.3 2034.8 1961.4 1890.9 
 1824 1759.5 1695.4 1631.8 1570.1 1514.3 1466.8 1428.5 1399.8 1379.8 
 1367.3 1360.5 1358.1 1358.1 1360.4 1365.9 1376.4 1393.8 1416.8 1444.9 
 1475.8 1510.5 1548 1592.4 1645.7 1705.5 1763.3 1803 1806.5 1769.4 
 1688.2 1579.9 1453.1 1309.1 1152.1 997.4 863.01 750.39 660.76 587.97 
 521.77 460.29 402.97 345.82 299.21 262.46 229.32 201.76 173.41 147.22 
 124.78 107.12 95.437 84.68 75.082 67.033 59.352 52.826 47.683 43.141 
 38.986 35.214 32 29.311 27.037 25.183 23.603 22.319 21.181 20.282 
 19.548 18.872 18.218 17.544 16.926 16.44 16.013 15.62 15.294 15.015 
 14.789 14.634 14.513 14.519 14.519 14.565 14.702 14.91 15.125 15.356 
 15.6 15.865 16.123 16.388 16.643 16.896 17.143 17.407 17.642 17.863 
 18.069 18.272 18.464 18.633 18.81 18.971 19.119 19.263 19.419 19.554 
 19.691 19.834 19.964 20.087 20.204 20.326 20.443 20.573 20.716 20.865 
 21.021 21.19 21.366 21.534 21.723 21.891 22.08 22.246 22.436 22.611 
 22.787 22.953 23.122 23.291 23.454 23.576 23.687 23.791 23.907 24.004 
 24.199 
3110.7 3110.1 3105.9 3097.1 3088.9 3081.7 3079.3 3081 3083.2 3083 
 3076 3062 3040.1 3011.3 2979.5 2947.9 2921.8 2901 2887.4 2880.7 
 2878 2876.1 2872.2 2861.6 2842.7 2813.4 2774.3 2729 2679.7 2629.3 
 2579.1 2529.4 2477 2418.9 2354.3 2282.9 2206 2123.8 2040.4 1956.2 
 1874.5 1795 1717.6 1642.3 1568.2 1496.2 1425.1 1356.8 1291.2 1227.5 
 1167.7 1111.4 1060.5 1016.6 979.6 950.19 927.21 911.05 902.15 902.54 
 912.26 930.97 956.86 989.85 1031.5 1082.6 1144.3 1211.6 1279.9 1347 
 1414.4 1476 1521.3 1539 1530.1 1497.2 1444.6 1378.4 1299.8 1210.5 
 1111.1 1008.7 904.59 797.16 683.1 574.17 472.01 381.47 304.77 239.57 
 195.83 152.09 127.83 106.19 86.881 69.521 56.581 47.752 41.736 37.818 
 34.844 32.388 30.454 28.798 27.373 26.095 25.031 24.118 23.341 22.614 
 21.879 21.152 20.309 19.387 18.501 17.644 16.869 16.105 15.411 14.908 
 14.734 14.733 14.876 14.999 15.115 15.239 15.362 15.517 15.685 15.869 
 16.07 16.281 16.51 16.737 16.97 17.199 17.413 17.639 17.846 18.041 
 18.223 18.392 18.541 18.704 18.832 18.957 19.074 19.176 19.288 19.379 
 19.475 19.572 19.651 19.729 19.813 19.923 20.04 20.164 20.313 20.481 
 20.65 20.832 21.012 21.202 21.401 21.584 21.779 21.967 22.149 22.349 
 22.523 22.733 22.92 23.09 23.244 23.394 23.531 23.674 23.803 23.933 
 24.199 
3110.7 3108.7 3103.9 3097.7 3091.3 3088.7 3088.5 3086.9 3080.9 3066.8 
 3044.3 3016.2 2988.6 2968.1 2957.5 2958.7 2965.8 2970 2963.7 2943.4 
 2909 2867.1 2825.5 2790.2 2760.3 2730.1 2690.6 2638.9 2572.3 2498.7 
 2424.6 2357 2297.3 2241.9 2186.6 2126.9 2062.7 1995.5 1927.7 1860.9 
 1795.4 1730.1 1665.3 1604.1 1546.6 1497 1456.2 1424.3 1401.8 1386.1 
 1376.3 1370.1 1365.7 1363.9 1367.7 1378.8 1396.7 1420 1443.9 1467.7 
 1493.3 1525.4 1569.7 1626.2 1686.7 1740.9 1773.6 1777.9 1752.6 1693.1 
 1599.9 1481 1345.8 1200.6 1060.4 927.96 818.46 726.49 649.65 579.39 
 512.26 449.89 394.3 338.88 298.07 262.2 233.38 206.17 180.55 157.76 
 137.95 125.71 114.96 104.6 94.873 84.993 75.014 65.363 56.289 47.731 
 42.432 38.432 34.853 31.693 29.012 26.794 24.857 23.285 22.076 21.031 
 20.149 19.317 18.595 17.953 17.413 16.892 16.458 16.107 15.802 15.561 
 15.348 15.18 15.024 14.934 14.896 14.936 15.058 15.203 15.37 15.538 
 15.708 15.902 16.112 16.33 16.553 16.781 17.026 17.27 17.5 17.726 
 17.939 18.154 18.341 18.564 18.758 18.939 19.115 19.284 19.432 19.567 
 19.691 19.814 19.931 20.015 20.125 20.222 20.334 20.438 20.566 20.702 
 20.846 21.002 21.178 21.346 21.522 21.689 21.872 22.054 22.229 22.411 
 22.606 22.785 22.973 23.148 23.318 23.485 23.635 23.804 23.94 24.056 
 24.199 
3110.7 3112.2 3107.4 3100.3 3095.5 3095.7 3097.7 3095.6 3086.9 3068.8 
 3042.2 3011.4 2986 2970.4 2967.4 2972.1 2974.6 2967.4 2943.6 2906.6 
 2863.6 2826.5 2796.6 2772.7 2741.8 2695 2631.1 2551.6 2470 2396.5 
 2333.7 2277.3 2219.5 2154.9 2084.2 2010.4 1940.6 1872.1 1805.8 1738.1 
 1670.2 1606.5 1551.1 1506.6 1474.3 1453.5 1442.1 1438.3 1438.8 1439.7 
 1440.7 1443.1 1453.3 1475.1 1508.1 1545.5 1578.8 1601.5 1618.9 1642.5 
 1683.6 1745.1 1814.1 1868.6 1890 1873.3 1824.4 1751.4 1649.6 1514.1 
 1356.6 1190.4 1030.3 878.29 756.39 663.51 595.82 538.36 487.86 441.52 
 395.9 350.28 307.42 269.04 233.75 204.61 181.44 160.81 142.78 126.53 
 114.16 106.33 99.583 93.742 88.688 83.419 78.178 72.861 67.623 62.569 
 58.063 54.156 50.437 46.868 43.521 40.472 37.677 35.16 32.877 30.886 
 29.133 27.595 26.294 25.052 23.957 22.948 22.029 21.247 20.585 20.019 
 19.521 19.118 18.792 18.553 18.406 18.354 18.412 18.562 18.717 18.868 
 19.044 19.238 19.425 19.615 19.813 20.022 20.235 20.451 20.665 20.89 
 21.113 21.327 21.54 21.75 21.955 22.163 22.352 22.525 22.687 22.836 
 22.96 23.09 23.187 23.265 23.349 23.433 23.524 23.602 23.673 23.751 
 23.823 23.882 23.94 24.011 24.09 24.16 24.225 24.297 24.374 24.433 
 24.478 24.504 24.511 24.562 24.601 24.601 24.601 24.588 24.568 24.536 
 24.199 
3110.7 3109.7 3102 3093.5 3086.1 3082.1 3081 3079.4 3073.6 3058.7 
 3035.5 3007 2978.3 2955 2944.4 2942.9 2947 2948.2 2938 2913.9 
 2876.5 2833.2 2792.6 2757.5 2727.4 2694.2 2653.4 2597.9 2531.3 2460.4 
 2390.3 2326.8 2268.5 2209.8 2148.8 2084.8 2016.7 1947.9 1880.4 1813.5 
 1746 1679.7 1615 1554.6 1500.4 1454.4 1416.1 1387.3 1367.1 1353.5 
 1344.8 1340.1 1338.1 1340.4 1348.2 1361.7 1381.8 1405.5 1431.5 1459.6 
 1493.7 1538.1 1591.5 1651.4 1706.4 1744.5 1761.2 1746.2 1696.1 1612.3 
 1499.1 1369 1226.1 1086.9 952.42 835.92 738.75 655.67 581 509.53 
 443.56 384.82 334.36 291.77 255.12 226.13 200.11 174.1 152.72 133.95 
 122.52 113.11 103.23 93.399 83.26 73.428 63.114 54.696 47.798 42.913 
 38.949 35.448 32.407 29.698 27.833 26.284 24.986 23.951 23.084 22.376 
 21.714 21.108 20.554 20.002 19.484 19.074 18.725 18.441 18.205 18.024 
 17.888 17.764 17.712 17.673 17.666 17.73 17.884 18.041 18.228 18.424 
 18.661 18.865 19.098 19.332 19.565 19.808 20.065 20.291 20.533 20.779 
 21.01 21.237 21.458 21.66 21.87 22.069 22.231 22.381 22.505 22.627 
 22.732 22.822 22.894 22.972 23.05 23.134 23.206 23.271 23.336 23.401 
 23.465 23.517 23.576 23.634 23.718 23.79 23.842 23.9 23.958 24.017 
 24.062 24.069 24.088 24.121 24.166 24.186 24.212 24.212 24.212 24.212 
 24.199 
3110.7 3107.4 3099.3 3088.8 3079.4 3073.8 3071.8 3072 3071.3 3065.8 
 3053.7 3032.9 3005 2973.9 2942.7 2914.3 2892.6 2877.4 2867.3 2859.4 
 2852.8 2845.3 2832.5 2813.8 2786.2 2749.6 2706.3 2658.7 2609.5 2559.2 
 2508.6 2456.1 2397.5 2331.5 2258.2 2179.5 2098.1 2016.9 1936 1856.8 
 1778.4 1700.5 1623.1 1547.3 1475.2 1405.6 1338.9 1274.3 1212.6 1153.2 
 1098.1 1048.7 1006.5 971.63 943.08 921.3 905.23 896.69 896.53 905.76 
 923.42 949.14 983.01 1026.7 1078.4 1136.8 1199.2 1263.1 1332.8 1400.1 
 1455.2 1493 1503.8 1491.2 1457 1401.8 1336.6 1256.4 1162 1063 
 962.08 859.18 749.23 636.63 528.01 437.76 347.84 278.07 215.76 173.94 
 151.45 131.7 113.95 97.377 83.076 69.054 56.567 48.044 41.866 37.944 
 35.171 32.92 31.072 29.57 28.318 27.22 26.285 25.51 24.719 23.959 
 23.174 22.262 21.373 20.497 19.723 18.986 18.311 17.759 17.53 17.571 
 17.718 17.848 17.991 18.107 18.205 18.34 18.489 18.639 18.814 19.004 
 19.228 19.45 19.678 19.91 20.139 20.366 20.578 20.794 21.006 21.202 
 21.39 21.572 21.733 21.883 22.02 22.142 22.246 22.337 22.441 22.518 
 22.61 22.681 22.766 22.824 22.914 23.011 23.115 23.2 23.278 23.388 
 23.485 23.563 23.635 23.693 23.809 23.894 23.965 24.043 24.121 24.173 
 24.224 24.238 24.251 24.309 24.303 24.303 24.303 24.29 24.257 24.218 
 24.199 
3110.7 3104.8 3096.5 3087.4 3081.8 3079.1 3077.6 3074.4 3063.2 3043.2 
 3016.3 2987.6 2961.9 2947.7 2945.1 2949.6 2955.2 2952.5 2936.1 2903.1 
 2860.6 2816.5 2778.9 2747.1 2716.3 2678.8 2627.9 2561.8 2486.8 2411.6 
 2342.2 2281.1 2223.3 2163.1 2099.3 2031 1960.8 1891.1 1824 1757.4 
 1690.7 1624.7 1561.5 1504.5 1454.8 1415.1 1384.8 1363.6 1349.5 1340.7 
 1334.7 1331.1 1331.2 1336.8 1349.1 1367.5 1391.3 1416.8 1443.6 1475.1 
 1515.9 1570.3 1634.5 1700.4 1757.5 1793.7 1801.6 1768.6 1691.3 1583.4 
 1449.1 1303 1153.6 1007.1 883.59 782.89 699.47 625.2 554.95 486.31 
 419.91 359.43 308.82 269.9 239.31 212.85 189.33 165.83 146.32 132.09 
 122.28 113.02 104.22 95.721 86.827 77.573 68.305 59.632 50.913 43.486 
 38.848 35.512 32.803 30.279 28.164 26.492 25.178 24.12 23.253 22.489 
 21.799 21.125 20.52 19.972 19.433 18.964 18.601 18.299 18.049 17.863 
 17.725 17.666 17.621 17.607 17.717 17.892 18.079 18.305 18.513 18.728 
 18.936 19.168 19.398 19.631 19.862 20.104 20.33 20.558 20.796 21.023 
 21.263 21.447 21.661 21.914 22.115 22.284 22.426 22.57 22.68 22.777 
 22.868 22.946 23.018 23.076 23.141 23.218 23.29 23.361 23.439 23.523 
 23.601 23.666 23.731 23.809 23.9 23.977 24.05 24.114 24.173 24.23 
 24.276 24.296 24.296 24.335 24.361 24.38 24.38 24.38 24.361 24.309 
 24.199 
3110.7 3104.4 3094.7 3086.1 3082.9 3082.4 3082.4 3076.3 3063.2 3039.6 
 3010.4 2983.3 2966 2959.9 2963.7 2969.3 2966.1 2948.2 2914.6 2870.3 
 2828.6 2797.2 2773.3 2748 2708.7 2646.6 2567.6 2481.5 2402.8 2336.7 
 2279.2 2221.3 2155.3 2081.2 2005.3 1932.2 1863.8 1797.5 1731.6 1663.2 
 1596.3 1537.9 1490.2 1455.4 1432 1420.2 1418 1422.1 1425.8 1423.4 
 1418.7 1421.2 1441.2 1479.9 1527.7 1567.4 1587.5 1595.6 1608.9 1648.5 
 1720.7 1811 1881.3 1907.2 1890.3 1848.1 1783 1681.4 1532.5 1363.9 
 1189.4 1022.8 865.84 743.04 663.93 609.3 553.97 502.17 455.84 398.35 
 340.85 291.42 254.26 220.15 194.83 174.29 154.67 136.95 121.74 111.6 
 105.28 99.651 94.716 89.682 84.461 79.159 73.926 68.777 63.675 58.735 
 53.959 49.538 45.883 42.464 39.24 36.375 33.877 31.671 29.747 28.073 
 26.72 25.513 24.53 23.623 22.728 21.898 21.165 20.53 19.974 19.517 
 19.145 18.853 18.64 18.503 18.509 18.607 18.743 18.871 18.995 19.165 
 19.328 19.495 19.678 19.861 20.073 20.293 20.493 20.714 20.917 21.137 
 21.357 21.553 21.767 21.974 22.173 22.337 22.524 22.667 22.803 22.875 
 22.895 22.986 23.162 23.322 23.382 23.459 23.518 23.589 23.647 23.706 
 23.757 23.797 23.836 23.887 23.972 24.036 24.088 24.147 24.192 24.225 
 24.257 24.257 24.257 24.302 24.348 24.348 24.335 24.322 24.283 24.251 
 24.199 
3110.7 3102.1 3092.4 3082.7 3076.8 3072.8 3071.2 3065.9 3055.2 3036.3 
 3011.9 2986 2964.5 2951.3 2947.9 2952.1 2955.8 2952 2934.4 2902.7 
 2861.5 2817.6 2779.1 2746.8 2718 2682.5 2634.9 2571.4 2496.7 2421.4 
 2351.1 2287.8 2230 2170.9 2108.4 2040.4 1969.1 1898.6 1831.6 1766 
 1699.2 1633.5 1568.9 1509 1456.8 1413.7 1380 1355.3 1339 1329.5 
 1325.1 1323.3 1322.3 1323.8 1330.7 1345.7 1370.4 1402.1 1435 1466.4 
 1499 1540.6 1597.5 1670 1740.8 1787 1792.7 1756.4 1684.5 1583.7 
 1454.7 1307 1151.3 1001.3 877.3 779.97 702.4 630.41 557.67 490.41 
 421.68 358.87 308.55 269.12 238.16 210.43 184.22 161.59 141.98 128.83 
 120.93 112.57 103.28 93.049 83.053 73.731 65.003 56.877 49.611 42.729 
 36.793 33.72 31.201 28.983 26.911 25.133 23.764 22.848 22.191 21.59 
 21.059 20.567 20.106 19.628 19.131 18.767 18.467 18.233 18.03 17.869 
 17.739 17.641 17.582 17.575 17.684 17.82 17.988 18.163 18.345 18.535 
 18.747 18.974 19.203 19.435 19.67 19.915 20.15 20.389 20.615 20.847 
 21.077 21.303 21.505 21.707 21.92 22.109 22.265 22.408 22.544 22.647 
 22.751 22.83 22.908 22.973 23.037 23.102 23.148 23.205 23.264 23.29 
 23.284 23.374 23.44 23.549 23.658 23.705 23.751 23.809 23.861 23.9 
 23.939 23.939 23.952 23.984 24.036 24.069 24.076 24.088 24.095 24.095 
 24.199 
3110.7 3103 3092.3 3081.9 3075 3070.5 3069.8 3069.7 3067 3059.7 
 3044.8 3022.7 2994.7 2963.4 2933.9 2908.6 2889.7 2877.3 2869.5 2864.5 
 2858.7 2849.8 2835.2 2813.2 2781.6 2741.6 2696.3 2647.5 2597.3 2546.9 
 2495.5 2441.7 2383 2316.1 2243.3 2165.4 2083.6 2001.5 1919.8 1838.7 
 1758.2 1680.1 1601.7 1525.5 1452.4 1382.3 1315.5 1250.8 1190.9 1132.9 
 1078.9 1030.6 989.36 955.7 928.76 909.64 896.73 890.98 893.68 905.93 
 926.03 953.74 989.99 1038 1096.7 1162.3 1230.1 1295.6 1360.4 1427.1 
 1482.9 1517.5 1521.8 1499.2 1456.5 1397.4 1331.7 1251.9 1158.3 1060 
 963.81 865.16 758.42 646.81 536.92 445.74 354.6 284.29 222.49 178.63 
 155.35 136.16 119.7 105.1 90.885 76.477 63.266 50.743 42.513 38.463 
 35.344 32.873 30.861 29.229 27.929 26.79 25.851 25.063 24.247 23.477 
 22.622 21.694 20.801 19.948 19.204 18.474 17.799 17.311 17.232 17.348 
 17.531 17.698 17.834 17.952 18.093 18.238 18.4 18.589 18.776 18.982 
 19.197 19.426 19.646 19.881 20.117 20.346 20.566 20.775 20.98 21.178 
 21.365 21.545 21.715 21.863 21.999 22.123 22.24 22.33 22.422 22.499 
 22.57 22.655 22.713 22.785 22.857 22.94 23.031 23.096 23.187 23.272 
 23.361 23.421 23.491 23.551 23.628 23.732 23.803 23.868 23.933 23.985 
 24.03 24.043 24.056 24.114 24.114 24.114 24.114 24.095 24.082 24.056 
 24.199 
3110.7 3102.7 3094.2 3086.6 3081.8 3080.9 3080.3 3076 3065.2 3045.4 
 3019.1 2990.5 2967.4 2952.7 2948.7 2951.1 2953.8 2948.4 2929.6 2899.3 
 2859.9 2819.4 2783.1 2752.3 2721.5 2684.9 2638 2578.1 2509 2437.2 
 2369 2304.9 2244.4 2185 2122.7 2057.2 1990.9 1922.9 1856.5 1791.4 
 1727 1664.5 1604.6 1548.8 1499.8 1458.6 1425.2 1399.3 1380.5 1367.3 
 1359.3 1354.5 1353.4 1357.3 1366.6 1382.1 1402 1424.1 1448.4 1475.3 
 1510 1555 1607.5 1661.2 1703.8 1726.8 1728.4 1705.9 1655.2 1568.3 
 1453 1322.7 1183.1 1041.2 909.7 797.25 707.95 636.18 575.27 519.33 
 462.43 402.95 348.85 306.85 269.87 241.62 215.76 191.72 167.68 147.53 
 133.96 123.1 113.05 103.82 94.366 84.801 75.165 65.374 55.808 48.287 
 42.839 38.726 35.298 32.216 29.551 27.438 25.789 24.615 23.681 22.863 
 22.181 21.51 20.89 20.28 19.706 19.14 18.659 18.279 17.974 17.746 
 17.565 17.428 17.355 17.335 17.348 17.535 17.747 17.976 18.217 18.462 
 18.709 18.949 19.196 19.44 19.703 19.954 20.215 20.486 20.74 20.992 
 21.226 21.452 21.674 21.874 22.057 22.224 22.374 22.518 22.635 22.732 
 22.797 22.804 22.798 22.934 23.095 23.173 23.245 23.31 23.412 23.485 
 23.556 23.614 23.667 23.719 23.79 23.848 23.893 23.965 24.035 24.081 
 24.121 24.14 24.147 24.179 24.212 24.225 24.231 24.231 24.225 24.199 
 24.199 
3110.7 3109.4 3103.1 3098.2 3096.7 3098 3098.4 3092.1 3077.2 3052 
 3023.9 2996.8 2979.6 2974.5 2977.5 2982.6 2978.9 2961.9 2930.7 2890.4 
 2851 2817.9 2791.6 2765.3 2729.2 2675.3 2603.7 2524.2 2445.8 2375.9 
 2314.5 2258.9 2198.9 2131.6 2060.1 1987.3 1919.3 1854.3 1790.7 1728 
 1666 1609.2 1561 1523.1 1494.3 1474.3 1462.3 1457.6 1458.6 1462.8 
 1467 1472.7 1483.6 1502.5 1530.2 1562.3 1592.1 1617.3 1639.8 1667.2 
 1707.3 1757.4 1805.2 1840 1848.5 1825.2 1771.2 1690.9 1585.9 1455.9 
 1303.7 1145.1 993.76 850.75 732.8 643.5 584.85 540.58 501.52 464.71 
 422.21 370.61 317.69 272.54 232.68 206.18 179.68 160.03 142.35 126.15 
 114.1 106.16 99.328 93.485 87.967 82.61 77.371 71.916 66.542 61.147 
 56.017 51.207 47.173 43.511 40.159 37.056 34.207 31.637 29.411 27.465 
 25.786 24.342 23.035 21.879 20.897 19.964 19.116 18.43 17.818 17.316 
 16.865 16.491 16.184 15.998 15.817 15.713 15.726 15.817 15.92 16.044 
 16.192 16.348 16.524 16.71 16.924 17.172 17.391 17.632 17.86 18.075 
 18.274 18.469 18.658 18.82 18.994 19.181 19.334 19.514 19.696 19.858 
 20.013 20.155 20.298 20.429 20.539 20.656 20.772 20.89 21.019 21.162 
 21.311 21.472 21.642 21.828 22.013 22.199 22.388 22.575 22.764 22.94 
 23.115 23.283 23.457 23.615 23.769 23.9 24.037 24.153 24.277 24.38 
 24.199 
3110.7 3110 3104.6 3099.1 3095.6 3094 3093.1 3089.5 3078.7 3061 
 3036.9 3009.6 2986.6 2973.4 2968.3 2972.3 2976.8 2975 2961.8 2935.3 
 2898.6 2856.7 2818.8 2784.3 2753.4 2720.7 2679 2623.8 2556.6 2485.6 
 2415.1 2350.8 2291.7 2234.3 2175.4 2111.2 2044.1 1975.7 1908.1 1844 
 1781.2 1719.4 1659.5 1601.5 1548.5 1502.3 1463.5 1431.7 1407.4 1389.4 
 1377.3 1369.8 1366 1366.9 1371.8 1381.4 1394.1 1411.6 1433.6 1460.2 
 1493 1531.1 1573.8 1617.3 1658.5 1694.6 1723 1734.7 1723.6 1677.2 
 1592.4 1483 1355.1 1211.9 1067.1 928.84 811.64 718.2 646.18 586.88 
 529.63 473 413.39 353.79 304.08 262.16 230.37 202.74 177.78 155.87 
 136.92 124.4 113.9 104.59 95.727 87.073 78.019 68.563 58.808 50.062 
 41.725 34.743 31.748 29.175 26.904 24.969 23.386 22.138 21.083 20.208 
 19.439 18.781 18.094 17.502 17.002 16.499 16.085 15.736 15.466 15.238 
 15.049 14.902 14.798 14.779 14.792 14.91 15.098 15.32 15.546 15.773 
 15.992 16.232 16.475 16.708 16.955 17.2 17.433 17.662 17.886 18.103 
 18.291 18.492 18.673 18.842 19.003 19.179 19.335 19.49 19.651 19.782 
 19.911 20.041 20.158 20.282 20.385 20.509 20.625 20.755 20.886 21.041 
 21.196 21.386 21.56 21.754 21.93 22.118 22.279 22.462 22.624 22.785 
 22.962 23.117 23.273 23.428 23.571 23.687 23.804 23.92 24.018 24.128 
 24.199 
3110.7 3110.6 3104.6 3098.4 3090.8 3086.1 3083.9 3084 3084.9 3082.7 
 3074 3058.7 3037.4 3010.6 2982.7 2955.1 2931.8 2913.4 2901.9 2894.3 
 2889.1 2884.6 2876.2 2862.4 2841.2 2811 2772.7 2728.2 2678.8 2627.1 
 2576.4 2525.5 2472.2 2414.4 2350.3 2276.3 2196.8 2114 2030.3 1947.6 
 1866.4 1785.8 1705.7 1627.9 1551.5 1477.7 1406.9 1338 1271.9 1208.8 
 1151.3 1099 1053.1 1013.1 978.39 949.13 925.79 910.69 905.91 912.03 
 927.01 947.88 971.56 1000.4 1039.3 1093.7 1161.6 1234.3 1301.1 1361.7 
 1420.1 1473.7 1511.8 1528.3 1517.3 1484.1 1432.2 1365.5 1291.1 1206 
 1107.2 1005.7 903.79 801.63 694.52 587.44 485.77 395.58 317.9 250.34 
 203.32 156.3 131.64 110.64 93.303 78.284 65.125 53.98 44.769 39.408 
 35.81 33.087 30.932 29.133 27.614 26.29 25.136 24.192 23.402 22.588 
 21.836 21.089 20.235 19.331 18.466 17.644 16.882 16.121 15.484 15.068 
 14.954 14.961 15.091 15.227 15.33 15.452 15.55 15.693 15.842 16.018 
 16.207 16.424 16.647 16.881 17.108 17.353 17.589 17.801 17.996 18.19 
 18.373 18.529 18.685 18.821 18.956 19.074 19.183 19.281 19.378 19.469 
 19.546 19.632 19.716 19.793 19.897 19.995 20.119 20.241 20.391 20.545 
 20.727 20.908 21.097 21.293 21.492 21.695 21.882 22.09 22.267 22.465 
 22.642 22.828 23.024 23.217 23.375 23.517 23.667 23.81 23.939 24.063 
 24.199 
3110.7 3111.3 3106.4 3099.8 3093.3 3089.7 3088.7 3088.8 3086.9 3078.1 
 3060.7 3036.1 3010.4 2988.7 2975.5 2973 2978.9 2985.9 2984.6 2969.5 
 2940.8 2901.8 2859.1 2820.3 2788.4 2757.8 2725 2681.6 2624.9 2556.9 
 2483.8 2412.1 2346.5 2287.7 2230.2 2170.4 2106.2 2037.4 1966 1896.9 
 1828.3 1761.8 1695.8 1632.1 1570 1514.8 1468.1 1431.2 1403.3 1383.4 
 1368.8 1359.3 1355.1 1355.3 1360.4 1369.5 1381.8 1397.8 1418.5 1443.6 
 1474.7 1513.7 1558.1 1606.6 1657 1704.1 1744.6 1773.5 1778.8 1747.3 
 1671.8 1562.3 1435.5 1291.3 1140.2 993.8 864.3 758.14 668.62 597.1 
 534.19 475.01 417.2 359.4 313.26 277.36 243.73 215.26 188.85 164.51 
 143.44 126.17 113.32 101.19 90.535 80.283 70.124 61.12 55.247 49.999 
 45.106 40.681 36.847 33.431 30.652 28.285 26.214 24.478 23.212 22.111 
 21.191 20.406 19.717 19.022 18.379 17.821 17.357 16.928 16.569 16.27 
 16.002 15.761 15.549 15.368 15.265 15.24 15.286 15.403 15.531 15.675 
 15.845 16.032 16.235 16.454 16.68 16.914 17.147 17.389 17.621 17.855 
 18.072 18.289 18.49 18.687 18.882 19.069 19.251 19.412 19.561 19.717 
 19.847 19.963 20.073 20.177 20.262 20.359 20.47 20.554 20.683 20.808 
 20.962 21.106 21.268 21.431 21.592 21.767 21.95 22.13 22.307 22.487 
 22.669 22.857 23.052 23.219 23.395 23.577 23.719 23.875 24.012 24.147 
 24.199 
3110.7 3111.8 3106.2 3100.4 3095.8 3096.4 3098.8 3100.7 3097.9 3083 
 3058.1 3026.4 2998.1 2979.9 2976.7 2984.5 2996.1 2999.2 2985.8 2954.1 
 2911.6 2869.7 2837.2 2815 2794.9 2761.8 2705.1 2628 2538.5 2453.2 
 2383.1 2327.2 2277.4 2221 2153.7 2077.2 2001.4 1930.6 1864.5 1800.4 
 1734.7 1668 1605.6 1552.8 1512.7 1485.1 1468.6 1461.9 1463 1468.1 
 1471.9 1471.7 1471.6 1481 1505 1542.1 1583.4 1616.9 1635.9 1647.7 
 1667 1709.7 1774.5 1845.2 1897.5 1914 1886.5 1829.1 1753.7 1656 
 1519.3 1354.5 1187.6 1026.1 871.61 736.04 635.41 565.75 510.5 462.62 
 420.84 382.95 341.79 299.32 261 226.32 200.32 174.37 155.42 137.77 
 121.56 108.69 100.44 93.641 87.642 82.616 77.451 72.562 67.69 63.342 
 59.185 55.177 51.165 47.29 43.536 40.103 36.916 34.079 31.449 29.265 
 27.411 25.845 24.51 23.3 22.316 21.454 20.645 19.883 19.186 18.531 
 17.902 17.33 16.851 16.45 16.14 15.903 15.745 15.739 15.83 15.94 
 16.082 16.245 16.419 16.589 16.79 17.003 17.223 17.452 17.68 17.9 
 18.093 18.294 18.484 18.665 18.839 19.022 19.19 19.371 19.548 19.729 
 19.897 20.052 20.196 20.338 20.456 20.585 20.695 20.813 20.923 21.06 
 21.189 21.337 21.492 21.648 21.825 21.986 22.175 22.343 22.512 22.675 
 22.849 23.004 23.173 23.336 23.479 23.647 23.771 23.882 23.992 24.102 
 24.199 
