IESNA:LM-63-2002
[TEST] 1
[TESTLAB] 
[TESTDATE] 2024-12-23
[ISSUEDATE] 2024-12-23 14:33:01
[LAMPPOSITION] 0,0
[OTHER] EVERFINE GO-2000A_V1 SYSTEM
[MANUFAC] 
[LUMINAIRE] 60W-4000K
[LAMP] CP08-10-80L-S2D5C3
TILT=NONE
1 9815.5 1 181 17 1 2 0.250 0.250 0.000
1.000 1 58.0331
0.0    1.0    2.0    3.0    4.0    5.0    6.0    7.0    8.0    9.0    
 10.0   11.0   12.0   13.0   14.0   15.0   16.0   17.0   18.0   19.0   
 20.0   21.0   22.0   23.0   24.0   25.0   26.0   27.0   28.0   29.0   
 30.0   31.0   32.0   33.0   34.0   35.0   36.0   37.0   38.0   39.0   
 40.0   41.0   42.0   43.0   44.0   45.0   46.0   47.0   48.0   49.0   
 50.0   51.0   52.0   53.0   54.0   55.0   56.0   57.0   58.0   59.0   
 60.0   61.0   62.0   63.0   64.0   65.0   66.0   67.0   68.0   69.0   
 70.0   71.0   72.0   73.0   74.0   75.0   76.0   77.0   78.0   79.0   
 80.0   81.0   82.0   83.0   84.0   85.0   86.0   87.0   88.0   89.0   
 90.0   91.0   92.0   93.0   94.0   95.0   96.0   97.0   98.0   99.0   
 100.0  101.0  102.0  103.0  104.0  105.0  106.0  107.0  108.0  109.0  
 110.0  111.0  112.0  113.0  114.0  115.0  116.0  117.0  118.0  119.0  
 120.0  121.0  122.0  123.0  124.0  125.0  126.0  127.0  128.0  129.0  
 130.0  131.0  132.0  133.0  134.0  135.0  136.0  137.0  138.0  139.0  
 140.0  141.0  142.0  143.0  144.0  145.0  146.0  147.0  148.0  149.0  
 150.0  151.0  152.0  153.0  154.0  155.0  156.0  157.0  158.0  159.0  
 160.0  161.0  162.0  163.0  164.0  165.0  166.0  167.0  168.0  169.0  
 170.0  171.0  172.0  173.0  174.0  175.0  176.0  177.0  178.0  179.0  
 180.0  
0.0    22.5   45.0   67.5   90.0   112.5  135.0  157.5  180.0  202.5  
 225.0  247.5  270.0  292.5  315.0  337.5  360.0  
3315.4 3317.1 3311.5 3306.3 3301.7 3300.7 3303.5 3304.7 3299.5 3285.7 
 3260.6 3229.4 3199.8 3181.5 3176.8 3183.4 3193.8 3197.6 3183.5 3151.6 
 3107.8 3064.3 3028 3002.8 2978.9 2942.5 2884.7 2807.7 2718.6 2629.9 
 2554.6 2491.4 2433.2 2370.6 2300 2221.1 2142.1 2065.5 1993.5 1924.3 
 1852.7 1782.8 1718.2 1663 1621.1 1592.1 1574.6 1567.9 1569.4 1576 
 1580.1 1581.2 1583.4 1595.8 1622.4 1661.1 1703.6 1738.5 1760.8 1777 
 1802.2 1849.3 1916.7 1989.8 2044.8 2064.4 2042.1 1985.2 1901.4 1790.1 
 1640.8 1466.4 1287.6 1110.1 941.74 795.28 684.59 606.88 548.09 495.38 
 446.1 399.57 352.9 309.67 274.51 241.98 211.59 188.47 167.6 149.19 
 132.84 119.43 110.16 102.05 94.777 88.766 82.925 77.61 72.608 68.161 
 63.776 59.48 55.204 51.03 47.03 43.266 39.802 36.694 33.881 31.462 
 29.476 27.79 26.349 25.039 23.974 23.038 22.163 21.324 20.56 19.837 
 19.15 18.565 18.009 17.572 17.25 16.984 16.829 16.804 16.9 17.031 
 17.18 17.335 17.512 17.716 17.924 18.145 18.387 18.631 18.86 19.092 
 19.306 19.506 19.716 19.916 20.099 20.268 20.468 20.648 20.852 21.039 
 21.215 21.389 21.532 21.687 21.812 21.929 22.057 22.169 22.305 22.421 
 22.577 22.732 22.894 23.065 23.257 23.428 23.61 23.804 23.998 24.167 
 24.342 24.518 24.692 24.879 25.036 25.204 25.341 25.438 25.569 25.691 
 25.769 
3315.4 3316.6 3312 3304.4 3297.5 3293.6 3293.8 3295.2 3292.2 3283.4 
 3264.4 3238 3207.1 3181.3 3164.4 3160.7 3166.9 3175.3 3178.4 3164.5 
 3135 3092.5 3046.3 3005.3 2973.2 2946.3 2916.7 2873.1 2810.3 2733.3 
 2647.7 2567.6 2495.4 2433.5 2376.3 2315.9 2248.8 2174.1 2098.3 2024.2 
 1952.8 1883 1814.3 1746.7 1680.5 1620.9 1570.5 1529.6 1498.9 1477.8 
 1464.5 1457.4 1454.6 1455.3 1459.4 1466.5 1478.6 1495.1 1518.6 1547 
 1581.2 1619.2 1663.1 1713.4 1769.3 1830 1889.2 1932.4 1941.2 1904.6 
 1820.6 1704.7 1568.8 1412.7 1246 1082 935.65 811.89 712.62 632.04 
 559.55 494.66 434.06 380.81 327.74 286.96 248.74 217.18 187.09 159.17 
 135.11 115.68 102.43 90.627 80.252 71.645 63.635 56.718 51.266 46.377 
 41.891 37.843 34.369 31.463 29.018 26.999 25.314 23.879 22.673 21.723 
 20.919 20.175 19.467 18.762 18.112 17.577 17.108 16.686 16.32 16.024 
 15.795 15.621 15.505 15.492 15.499 15.54 15.668 15.899 16.136 16.382 
 16.648 16.911 17.189 17.467 17.738 18.017 18.298 18.557 18.81 19.042 
 19.264 19.477 19.684 19.874 20.048 20.23 20.398 20.548 20.697 20.859 
 21.002 21.137 21.28 21.417 21.547 21.67 21.799 21.948 22.09 22.235 
 22.408 22.578 22.772 22.962 23.157 23.337 23.508 23.702 23.894 24.097 
 24.279 24.459 24.642 24.822 24.992 25.135 25.257 25.367 25.478 25.575 
 25.769 
3315.4 3316.1 3310.6 3302.5 3293.8 3287.1 3284.2 3284.9 3286.1 3284.3 
 3275.9 3259.9 3236.1 3205.6 3173.2 3142.2 3115.5 3095.1 3081.3 3073.3 
 3069.6 3066.9 3062.2 3051.4 3032.8 3002.7 2961.6 2914.3 2861.4 2807 
 2753.9 2702.4 2649.2 2588.7 2521.6 2443.5 2359.3 2272.8 2183.2 2093.8 
 2007.4 1922.1 1839.3 1758.5 1678 1599.5 1523.7 1449.8 1379.5 1311.4 
 1248.3 1187.4 1131.4 1082.6 1041.2 1009.2 985.7 970.55 961.25 959.19 
 965.24 982.41 1010.7 1051.6 1102.5 1160.7 1225.6 1296.5 1374.7 1453.9 
 1529.7 1594.6 1640.9 1661.8 1653 1617.1 1559.5 1488.4 1401.7 1303.5 
 1197.1 1087.9 975.23 859.47 738.07 619.88 508.92 411.03 328.98 258.84 
 211.75 164.65 138.36 114.87 93.591 74.559 60.747 51.269 44.858 40.693 
 37.384 34.774 32.704 30.887 29.357 28.032 26.819 25.839 25.002 24.223 
 23.427 22.618 21.734 20.745 19.791 18.867 18.018 17.2 16.45 15.916 
 15.726 15.726 15.868 16.017 16.134 16.264 16.394 16.562 16.732 16.92 
 17.152 17.367 17.617 17.862 18.107 18.35 18.599 18.814 19.033 19.248 
 19.436 19.611 19.787 19.942 20.086 20.214 20.339 20.448 20.552 20.656 
 20.754 20.851 20.942 21.039 21.13 21.248 21.369 21.512 21.654 21.825 
 22.004 22.208 22.402 22.603 22.811 23.011 23.22 23.407 23.613 23.822 
 24.016 24.224 24.42 24.618 24.788 24.937 25.101 25.237 25.373 25.497 
 25.769 
3315.4 3315 3309.4 3302.9 3295.5 3292.6 3291.3 3289.4 3281.8 3266.9 
 3243.3 3214.7 3186.9 3164.8 3154.1 3154.4 3160.6 3162.9 3156.9 3136.2 
 3101.6 3059.3 3017.8 2981.4 2947.8 2915.9 2871.7 2816.4 2747.5 2671.3 
 2594.8 2523.3 2458.3 2397.4 2335.8 2270.9 2202.9 2132.7 2061.8 1992.1 
 1921.3 1851.7 1781.9 1717 1656.2 1604 1561.7 1528.8 1505.6 1489.9 
 1479.3 1472.6 1467.7 1466.5 1470.4 1481.7 1500.9 1523.9 1548.3 1574 
 1602.5 1639.5 1686.8 1746.9 1810.1 1865.9 1903.3 1911.1 1886 1823.3 
 1724.1 1595.1 1449.7 1291.8 1140.9 999.01 879.67 779.73 696.25 620.68 
 551.09 485.29 431.11 376.93 322.94 283.51 251.47 221.84 194.37 169.98 
 148.54 134.93 123.08 111.75 101.25 90.632 79.989 69.904 60.168 51.078 
 45.572 41.193 37.397 33.966 31.087 28.721 26.623 24.91 23.639 22.505 
 21.577 20.683 19.896 19.205 18.615 18.072 17.62 17.23 16.904 16.647 
 16.407 16.21 16.05 15.952 15.914 15.928 16.064 16.232 16.396 16.57 
 16.764 16.967 17.193 17.416 17.65 17.909 18.155 18.408 18.672 18.9 
 19.142 19.362 19.581 19.796 20.008 20.203 20.398 20.562 20.723 20.872 
 21.009 21.125 21.247 21.371 21.482 21.579 21.684 21.813 21.943 22.071 
 22.227 22.391 22.572 22.747 22.934 23.135 23.325 23.513 23.703 23.908 
 24.096 24.279 24.494 24.686 24.875 25.044 25.198 25.368 25.516 25.646 
 25.769 
3315.4 3314.1 3308 3300.1 3295.5 3292.7 3294.3 3292.3 3282.4 3263.4 
 3234.7 3203.5 3177.4 3162.1 3158.9 3163.5 3168 3160.7 3136.7 3099.3 
 3056.6 3014.4 2982.5 2954.6 2921.8 2874.9 2809.6 2729.6 2645.9 2568.4 
 2499 2436.8 2374.8 2306 2232.3 2155.9 2081.7 2008.4 1936.3 1863 
 1790.9 1724.1 1665.4 1617.6 1583 1560.1 1548.1 1545 1544.7 1546.3 
 1547.7 1551.5 1563.5 1588 1622.9 1662.2 1696.4 1720.7 1741.2 1768.7 
 1815.4 1881.9 1955.8 2016.2 2041.9 2028.1 1979.9 1902.3 1789.9 1645.7 
 1478.5 1299.4 1126.5 963.56 827.14 724.24 647.05 582.28 522.75 467.64 
 416.12 364.7 320.78 283.95 248.98 219.57 195.92 174.22 155.59 138.97 
 125.74 116.92 108.85 101.58 95.514 89.509 83.825 78.27 72.708 67.524 
 62.712 58.466 54.485 50.694 47.039 43.724 40.605 37.858 35.38 33.201 
 31.289 29.58 28.092 26.726 25.54 24.498 23.521 22.673 21.992 21.416 
 20.908 20.5 20.148 19.882 19.716 19.658 19.69 19.86 20.015 20.172 
 20.365 20.568 20.757 20.969 21.17 21.385 21.598 21.832 22.059 22.282 
 22.501 22.756 22.979 23.195 23.414 23.632 23.83 24.019 24.181 24.355 
 24.479 24.615 24.731 24.822 24.9 24.972 25.063 25.153 25.23 25.322 
 25.381 25.471 25.529 25.562 25.646 25.737 25.802 25.867 25.932 25.983 
 26.022 26.035 26.068 26.126 26.158 26.164 26.158 26.151 26.125 26.087 
 25.769 
3315.4 3312.7 3304.6 3295.1 3287.7 3283.1 3280.5 3277.7 3269.3 3252 
 3228.4 3197.9 3170.3 3148 3136.8 3136.1 3138.8 3138.9 3127.9 3102.7 
 3064.4 3021.9 2979.7 2943.3 2911.1 2875.6 2830.9 2772.9 2702.7 2628.1 
 2553.1 2483.9 2419.6 2357.3 2293.2 2225.3 2154.2 2082.3 2010.5 1938.9 
 1867.3 1796.8 1728.8 1664.7 1607.5 1558.5 1519.2 1488.4 1466.3 1451.7 
 1442 1437.3 1435.4 1438.9 1447.8 1462.3 1482.7 1507.3 1535.8 1567.9 
 1607.2 1655.3 1711.9 1774.1 1832 1876 1895.9 1882 1829.3 1739.1 
 1617.1 1476.6 1323.1 1171.8 1028.9 901.92 794.66 702.5 621.39 546.56 
 479.07 417.17 363.7 317.06 277.46 245.25 215.17 189.81 164.51 144.03 
 131.4 120.85 109.74 98.99 88.179 77.614 66.908 58.151 50.974 45.762 
 41.629 37.811 34.594 31.712 29.72 28.06 26.699 25.54 24.643 23.845 
 23.128 22.459 21.851 21.236 20.679 20.237 19.853 19.55 19.289 19.109 
 18.977 18.868 18.821 18.795 18.795 18.884 19.053 19.233 19.455 19.675 
 19.908 20.144 20.4 20.654 20.909 21.161 21.42 21.68 21.941 22.187 
 22.438 22.68 22.919 23.145 23.352 23.534 23.73 23.893 24.029 24.146 
 24.263 24.354 24.451 24.543 24.607 24.704 24.782 24.848 24.918 25.002 
 25.074 25.145 25.197 25.25 25.308 25.379 25.438 25.463 25.515 25.568 
 25.6 25.626 25.632 25.684 25.717 25.743 25.769 25.782 25.775 25.775 
 25.769 
3315.4 3310.6 3301.4 3290.9 3281.3 3274.7 3271.2 3270.2 3266.8 3260.1 
 3246.1 3224.7 3197.1 3165.7 3134.5 3107.1 3083.7 3067 3055.7 3048.1 
 3042 3034.3 3023.1 3003.4 2975 2936.3 2889.1 2837.6 2785.1 2733 
 2680.4 2624.3 2561.8 2490.3 2412.4 2328.9 2243.7 2157 2071.9 1987.1 
 1902.1 1818.9 1737.3 1657 1579.6 1505.1 1433.3 1363.6 1297.4 1233.5 
 1173.4 1119.4 1071.1 1032.3 1002.1 979.99 964.3 953.74 950.69 958.11 
 978.25 1011.6 1054 1103.5 1158.6 1221.1 1292.8 1369.1 1446 1514.1 
 1570.2 1608.1 1618.8 1602.3 1564.7 1507.2 1435.7 1348.2 1246.4 1143.6 
 1036.9 926.26 808.27 688.97 571.99 466.86 383.57 300.47 233.29 188.29 
 163.95 142.68 123.37 105.22 89.617 74.338 60.937 51.712 45.038 40.747 
 37.668 35.267 33.259 31.615 30.274 29.084 28.07 27.216 26.332 25.499 
 24.644 23.667 22.69 21.738 20.927 20.146 19.42 18.846 18.626 18.685 
 18.836 18.983 19.133 19.256 19.367 19.503 19.653 19.848 20.035 20.257 
 20.476 20.73 20.971 21.222 21.481 21.711 21.947 22.188 22.402 22.611 
 22.831 23.02 23.2 23.342 23.493 23.628 23.745 23.843 23.933 24.049 
 24.14 24.225 24.316 24.394 24.472 24.569 24.679 24.777 24.875 24.985 
 25.101 25.199 25.269 25.328 25.412 25.509 25.542 25.62 25.685 25.749 
 25.808 25.821 25.834 25.892 25.886 25.886 25.885 25.872 25.82 25.782 
 25.769 
3315.4 3310.2 3298.9 3290.7 3284.9 3280.6 3279.4 3273.1 3260.3 3239.5 
 3212.4 3184.7 3159.1 3144.8 3141.1 3145.1 3148.8 3143.2 3124.1 3090.9 
 3048.3 3004.4 2965.5 2930.6 2898.3 2856.7 2803 2734.2 2657 2580 
 2507.6 2441.9 2379.3 2315.2 2246.9 2175.4 2102.1 2028.6 1956.8 1884.9 
 1812.7 1742.1 1675.1 1613.4 1559.7 1517.7 1485 1461.3 1446.2 1434.7 
 1427.8 1424 1423.7 1430.9 1444.1 1462.7 1485.2 1510.5 1539.3 1575.6 
 1621.7 1680.3 1746.2 1814.1 1872.6 1913.4 1925.7 1893.7 1815.5 1702.9 
 1561.1 1405.1 1244 1087.3 954.29 843.02 749.44 669.29 595.81 526.02 
 455.37 391.11 336.69 293.93 259.95 230.16 204.49 178.88 157.65 142.17 
 131.2 120.72 110.85 101.75 92.406 82.515 72.673 63.575 54.341 46.425 
 41.569 37.969 35.024 32.34 29.984 28.184 26.829 25.728 24.808 23.988 
 23.224 22.512 21.866 21.274 20.698 20.201 19.798 19.491 19.24 19.037 
 18.9 18.847 18.808 18.795 18.924 19.117 19.318 19.563 19.811 20.02 
 20.257 20.499 20.753 21.011 21.253 21.511 21.756 22.01 22.246 22.504 
 22.739 22.953 23.17 23.444 23.653 23.835 23.991 24.132 24.25 24.353 
 24.464 24.536 24.614 24.685 24.737 24.808 24.892 24.964 25.061 25.151 
 25.236 25.321 25.385 25.424 25.496 25.593 25.658 25.722 25.775 25.827 
 25.859 25.879 25.879 25.918 25.95 25.963 25.957 25.957 25.931 25.873 
 25.769 
3315.4 3309.5 3300.8 3290.8 3286.9 3285.7 3283.2 3276 3260.8 3238 
 3209 3180.8 3161.9 3154.3 3158.1 3163.6 3161.1 3142.7 3108.8 3064.1 
 3019.9 2983.9 2955.5 2925.9 2884.8 2822.3 2743.2 2656.2 2573.5 2502.1 
 2437.4 2374 2305.1 2228.5 2149.5 2072 1998.7 1927.4 1855 1781.7 
 1710.9 1649.5 1598.4 1560.7 1535.7 1522.9 1521.1 1525.6 1529.3 1528.1 
 1525.8 1530.6 1553.1 1592.5 1640.7 1681.1 1704.4 1716.8 1734.8 1779.6 
 1856.6 1948.9 2024.6 2059 2048.1 2006 1933 1820.5 1662.8 1481.4 
 1294.6 1111.1 939.55 807.42 719.19 657.02 596.17 535.61 478.42 414.63 
 350.84 303.31 267.54 234.57 209.26 186.87 166.52 149.46 134.67 123.86 
 115.99 108.57 102.12 96.207 90.486 84.99 79.472 74.02 68.653 63.395 
 58.312 53.527 49.586 45.925 42.431 39.331 36.595 34.182 32.086 30.286 
 28.744 27.469 26.37 25.4 24.435 23.539 22.722 22.054 21.459 20.953 
 20.534 20.229 19.99 19.813 19.845 19.943 20.066 20.216 20.372 20.533 
 20.702 20.878 21.064 21.273 21.5 21.715 21.929 22.155 22.371 22.597 
 22.83 23.045 23.267 23.481 23.673 23.862 24.045 24.204 24.342 24.413 
 24.439 24.542 24.744 24.906 24.978 25.036 25.107 25.185 25.256 25.328 
 25.379 25.431 25.483 25.516 25.574 25.658 25.697 25.743 25.775 25.821 
 25.834 25.834 25.847 25.886 25.924 25.924 25.924 25.912 25.866 25.834 
 25.769 
3315.4 3307.6 3297.6 3289.9 3283 3278.7 3275.8 3269.9 3258.5 3238.9 
 3212.8 3186.7 3162.8 3148.9 3145.4 3147.6 3149.5 3144.2 3125.6 3093.1 
 3049.5 3004.5 2965.2 2931.5 2900 2860.5 2808.6 2741.8 2664.6 2585.3 
 2510.7 2444.2 2382.3 2320.3 2252.4 2179.6 2103.9 2029.8 1958.9 1888.5 
 1817.9 1747.8 1678.7 1615 1559 1513.4 1478.2 1451.9 1434.3 1424.1 
 1418.6 1416.3 1415.9 1419.4 1427.9 1444.5 1469 1500.9 1536 1572.4 
 1610.4 1656.7 1716.8 1792.1 1865.7 1918.4 1930.8 1897 1820.9 1712.3 
 1572.9 1411.3 1241 1079.3 945.12 836.94 750.8 672.92 599.73 532.04 
 460.39 391.71 335.25 291.53 256.8 226.41 200.78 175.16 153.68 138.42 
 128.66 119.19 109.42 98.834 88.642 78.917 69.764 61.017 53.271 45.88 
 39.519 36.225 33.563 31.121 28.887 26.958 25.514 24.525 23.801 23.176 
 22.598 22.06 21.571 21.049 20.521 20.103 19.794 19.531 19.307 19.14 
 18.985 18.899 18.834 18.814 18.935 19.091 19.266 19.453 19.649 19.858 
 20.083 20.325 20.577 20.825 21.056 21.315 21.562 21.815 22.069 22.321 
 22.544 22.782 22.997 23.205 23.432 23.625 23.795 23.951 24.093 24.211 
 24.309 24.4 24.477 24.555 24.62 24.672 24.73 24.795 24.873 24.899 
 24.887 24.995 25.067 25.158 25.262 25.334 25.379 25.412 25.451 25.496 
 25.516 25.535 25.542 25.58 25.613 25.645 25.665 25.678 25.684 25.684 
 25.769 
3315.4 3309.8 3299.4 3290.1 3281.3 3277.5 3274.6 3274.4 3269.5 3261 
 3244.7 3220.5 3191.5 3160.8 3130.7 3105.1 3085.7 3070.8 3062 3056.4 
 3048.8 3039.5 3025.4 3003 2969.3 2927.4 2877.3 2824.4 2770.1 2718.2 
 2664.4 2609.3 2547.7 2476.4 2398.5 2314.9 2228.2 2140.9 2055.3 1968.9 
 1883.3 1799.5 1716.5 1635.3 1556.7 1481.1 1408.9 1340.6 1276.1 1214.4 
 1156.2 1102.3 1055.8 1017.3 988.97 970.09 958.24 951.53 950.19 957.56 
 976.25 1009.7 1056.3 1113.3 1175.6 1241 1311.5 1388.1 1465.6 1537.1 
 1594.1 1629.4 1636.2 1613.6 1567 1506 1434.3 1347.7 1246.3 1142 
 1039.4 932.3 816.59 697.6 579.18 472.97 389.87 306.76 239.46 192.71 
 167.68 146.89 128.87 112.94 97.361 81.774 67.697 54.446 45.732 41.387 
 38.029 35.365 33.189 31.418 29.994 28.762 27.77 26.888 26.01 25.207 
 24.276 23.286 22.317 21.394 20.602 19.809 19.058 18.557 18.457 18.58 
 18.783 18.952 19.086 19.217 19.366 19.521 19.69 19.897 20.104 20.328 
 20.552 20.786 21.033 21.276 21.515 21.76 21.993 22.221 22.429 22.641 
 22.844 23.03 23.206 23.369 23.511 23.634 23.746 23.861 23.958 24.044 
 24.128 24.198 24.265 24.355 24.427 24.511 24.602 24.679 24.758 24.874 
 24.971 25.049 25.107 25.172 25.244 25.334 25.412 25.464 25.522 25.574 
 25.613 25.626 25.639 25.691 25.704 25.704 25.697 25.697 25.665 25.639 
 25.769 
3315.4 3309.7 3300.9 3294.2 3288.9 3287.7 3285.4 3280.9 3269 3248.5 
 3220.9 3191.5 3166 3151.3 3145.8 3146.9 3148.8 3142.3 3122.9 3091 
 3050.5 3009.1 2970.9 2935.6 2902.5 2862.8 2812.7 2749.9 2677.3 2602.4 
 2529.7 2461.7 2397.4 2333.3 2267.6 2198.6 2127.6 2055.8 1985.8 1915.7 
 1847.1 1780.2 1716.6 1656.7 1604.5 1560.5 1524.7 1496.7 1475.7 1461.5 
 1451.8 1446.4 1446 1451.7 1462.3 1479.1 1499.1 1520.9 1545 1575 
 1615 1666.4 1724.7 1779.8 1823.3 1849.6 1855 1836.5 1783.8 1691.2 
 1566.8 1427.9 1277.8 1124.9 983.73 863.79 766.53 686.65 619.41 560.07 
 499.57 436.04 377.66 329.62 289.28 258.08 229.62 204.19 178.78 157.17 
 142.67 130.76 119.98 110.01 100.06 90.027 79.908 69.644 59.713 51.724 
 46.019 41.547 37.858 34.549 31.765 29.425 27.672 26.406 25.407 24.531 
 23.786 23.061 22.391 21.743 21.111 20.533 19.997 19.584 19.262 19.012 
 18.822 18.684 18.62 18.575 18.6 18.793 19.02 19.279 19.525 19.793 
 20.055 20.312 20.577 20.84 21.108 21.391 21.666 21.937 22.204 22.47 
 22.722 22.963 23.178 23.4 23.594 23.77 23.932 24.08 24.204 24.314 
 24.393 24.387 24.393 24.508 24.652 24.75 24.828 24.918 25.003 25.094 
 25.184 25.256 25.314 25.359 25.412 25.476 25.515 25.58 25.639 25.69 
 25.717 25.73 25.73 25.775 25.814 25.827 25.821 25.821 25.821 25.788 
 25.769 
3315.4 3311.8 3305.5 3300.7 3298.6 3299.8 3298.6 3291.9 3275.2 3250.3 
 3220.5 3193.9 3175.6 3170.5 3172.4 3176.8 3171.5 3152.9 3120.2 3077.5 
 3035.8 2998.5 2969 2938.1 2897.4 2841.6 2769.6 2689.6 2608.7 2534.7 
 2468 2404.9 2339.7 2268.6 2196.2 2120.1 2047.1 1977.1 1909 1840.8 
 1775.5 1716.9 1665.7 1626.1 1596.3 1575.8 1564.8 1560.8 1562.7 1567.4 
 1573.6 1581.7 1595.5 1617.1 1647.3 1680.4 1712.5 1740.4 1767 1799.9 
 1844 1896.5 1946.9 1982.3 1991.8 1970.7 1915.9 1828.3 1710.3 1567.4 
 1404.9 1234 1070.6 914.81 786.78 689.73 624.58 574.75 528.93 484.28 
 433.58 377.18 324.32 282.36 243.57 215.63 193.79 171.96 153.81 137.46 
 124.9 115.85 107.77 100.76 94.231 88.251 82.481 76.722 71.112 65.427 
 60.006 54.894 50.609 46.694 43.05 39.758 36.657 33.942 31.501 29.43 
 27.617 26.053 24.675 23.421 22.365 21.345 20.44 19.687 19.037 18.493 
 18.015 17.616 17.285 17.077 16.876 16.777 16.79 16.886 16.997 17.132 
 17.288 17.45 17.637 17.834 18.067 18.311 18.554 18.811 19.045 19.266 
 19.481 19.677 19.869 20.058 20.253 20.442 20.61 20.802 20.986 21.155 
 21.33 21.485 21.628 21.772 21.888 22.019 22.129 22.258 22.374 22.524 
 22.68 22.849 23.036 23.223 23.432 23.632 23.833 24.047 24.23 24.419 
 24.6 24.774 24.963 25.137 25.288 25.438 25.566 25.69 25.814 25.944 
 25.769 
3315.4 3315.6 3309.1 3303.4 3298.4 3296.8 3295.3 3291.1 3280.2 3261.3 
 3236.6 3207.8 3183.6 3168.2 3162.3 3164.1 3166.9 3165.2 3150.6 3120.8 
 3084.7 3043.1 3000.7 2966.3 2933.8 2898.1 2852.9 2795.1 2726 2651.4 
 2577.3 2508.8 2443.8 2381.6 2318.8 2252.5 2182.9 2110.7 2039.4 1971.7 
 1904.6 1837.4 1772.8 1711.7 1654.9 1606.3 1565.3 1532.3 1507.3 1489.2 
 1477.2 1470 1467 1468.4 1474.2 1484.6 1499.7 1518.3 1541.1 1569.3 
 1604 1646.2 1692.9 1740.2 1784.8 1823.1 1853.9 1865.5 1850.5 1797.6 
 1705.3 1584.9 1448.1 1295 1141.2 995.82 871.9 771.83 692.73 627.28 
 567.52 509.13 445.61 387.45 329.41 284.03 248.63 217.76 190.87 167.78 
 147.31 133.54 121.97 111.58 101.87 92.567 83.111 73.177 62.86 53.492 
 44.729 37.258 34.004 31.281 28.834 26.752 25.026 23.737 22.602 21.645 
 20.829 20.112 19.361 18.761 18.2 17.668 17.222 16.839 16.527 16.288 
 16.081 15.913 15.804 15.791 15.791 15.915 16.117 16.35 16.576 16.819 
 17.06 17.299 17.569 17.812 18.064 18.323 18.581 18.828 19.07 19.289 
 19.502 19.7 19.9 20.08 20.258 20.438 20.608 20.769 20.942 21.072 
 21.221 21.352 21.494 21.611 21.729 21.851 21.981 22.111 22.247 22.402 
 22.579 22.766 22.96 23.15 23.357 23.539 23.726 23.896 24.09 24.265 
 24.427 24.601 24.764 24.927 25.088 25.205 25.348 25.445 25.555 25.659 
 25.769 
3315.4 3314.3 3309.3 3301.9 3294 3289.1 3287.4 3288.4 3287 3283.8 
 3274.8 3256.9 3233.6 3204.1 3174.2 3146.4 3120.9 3101.5 3089.2 3081.7 
 3076.1 3071.7 3062.9 3049.5 3027.3 2994.9 2952.6 2904.4 2850.7 2796.5 
 2742.3 2688.9 2632 2570.1 2501.2 2422.5 2340.3 2253.2 2165.3 2078.1 
 1990.4 1905.5 1821 1739.5 1659.1 1581.5 1506.5 1433.5 1362.8 1297.2 
 1235.1 1177.4 1125 1079.6 1040.8 1010.2 988.55 975.21 968.95 970.3 
 979.97 999.66 1029.3 1069.7 1119.8 1178 1244.4 1316.5 1390.6 1462.8 
 1528.5 1583.2 1622 1639.6 1628.1 1591.2 1536.1 1465.7 1384.6 1291.6 
 1187.8 1081.5 971.94 861.71 747.73 631.8 522.58 424.69 340.16 268.62 
 204.35 167.31 140.83 118.55 100.18 84.051 69.772 57.779 48.108 42.341 
 38.5 35.578 33.203 31.286 29.626 28.236 26.955 25.936 25.088 24.212 
 23.397 22.586 21.679 20.691 19.756 18.881 18.054 17.235 16.546 16.101 
 15.98 15.992 16.141 16.271 16.394 16.498 16.628 16.764 16.919 17.094 
 17.314 17.543 17.781 18.028 18.268 18.514 18.762 18.986 19.195 19.396 
 19.59 19.76 19.916 20.072 20.202 20.331 20.448 20.552 20.65 20.74 
 20.831 20.916 21.001 21.098 21.194 21.299 21.429 21.564 21.718 21.876 
 22.068 22.264 22.464 22.666 22.881 23.096 23.308 23.522 23.718 23.919 
 24.125 24.315 24.521 24.728 24.904 25.068 25.21 25.359 25.483 25.62 
 25.769 
3315.4 3316.6 3312.3 3304.2 3297.5 3294.4 3293.6 3294.1 3291.6 3282.2 
 3265.1 3240.6 3211.7 3188.3 3173.1 3169.5 3174 3179.9 3178.2 3163.8 
 3133.8 3093.9 3048.3 3007.6 2973.2 2942.5 2908.1 2862.9 2802.4 2729.4 
 2650.3 2573.7 2503 2438.7 2377.3 2314 2246.6 2173.5 2098.9 2024.6 
 1951.2 1880.6 1811 1743.1 1678.3 1620.1 1570.8 1531.1 1502.2 1481.6 
 1467.4 1458.5 1453.8 1454.1 1458.7 1468.3 1482.4 1500.4 1521.8 1547.8 
 1581.2 1622.6 1671.3 1724.9 1779.3 1829.5 1875.6 1907.5 1913 1879.1 
 1796.6 1680.8 1544.3 1390.3 1227.4 1067.8 928.11 810.74 713.77 634.38 
 565.57 505.2 446.03 392.51 339.05 298.01 261.71 230.93 202.54 176.55 
 153.66 135 120.94 107.73 96.25 85.209 74.763 65.592 59.252 53.557 
 48.399 43.639 39.489 35.854 32.826 30.328 28.105 26.229 24.868 23.683 
 22.681 21.842 21.105 20.365 19.672 19.067 18.571 18.116 17.726 17.405 
 17.1 16.853 16.631 16.425 16.303 16.265 16.317 16.434 16.571 16.72 
 16.901 17.108 17.318 17.544 17.793 18.033 18.284 18.55 18.795 19.025 
 19.264 19.485 19.698 19.918 20.114 20.313 20.508 20.683 20.845 21.001 
 21.12 21.261 21.377 21.474 21.579 21.676 21.779 21.898 22.025 22.151 
 22.3 22.461 22.645 22.811 22.994 23.17 23.352 23.559 23.754 23.955 
 24.15 24.343 24.537 24.72 24.92 25.107 25.264 25.432 25.562 25.698 
 25.769 
3315.4 3317.1 3311.5 3306.3 3301.7 3300.7 3303.5 3304.7 3299.5 3285.7 
 3260.6 3229.4 3199.8 3181.5 3176.8 3183.4 3193.8 3197.6 3183.5 3151.6 
 3107.8 3064.3 3028 3002.8 2978.9 2942.5 2884.7 2807.7 2718.6 2629.9 
 2554.6 2491.4 2433.2 2370.6 2300 2221.1 2142.1 2065.5 1993.5 1924.3 
 1852.7 1782.8 1718.2 1663 1621.1 1592.1 1574.6 1567.9 1569.4 1576 
 1580.1 1581.2 1583.4 1595.8 1622.4 1661.1 1703.6 1738.5 1760.8 1777 
 1802.2 1849.3 1916.7 1989.8 2044.8 2064.4 2042.1 1985.2 1901.4 1790.1 
 1640.8 1466.4 1287.6 1110.1 941.74 795.28 684.59 606.88 548.09 495.38 
 446.1 399.57 352.9 309.67 274.51 241.98 211.59 188.47 167.6 149.19 
 132.84 119.43 110.16 102.05 94.777 88.766 82.925 77.61 72.608 68.161 
 63.776 59.48 55.204 51.03 47.03 43.266 39.802 36.694 33.881 31.462 
 29.476 27.79 26.349 25.039 23.974 23.038 22.163 21.324 20.56 19.837 
 19.15 18.565 18.009 17.572 17.25 16.984 16.829 16.804 16.9 17.031 
 17.18 17.335 17.512 17.716 17.924 18.145 18.387 18.631 18.86 19.092 
 19.306 19.506 19.716 19.916 20.099 20.268 20.468 20.648 20.852 21.039 
 21.215 21.389 21.532 21.687 21.812 21.929 22.057 22.169 22.305 22.421 
 22.577 22.732 22.894 23.065 23.257 23.428 23.61 23.804 23.998 24.167 
 24.342 24.518 24.692 24.879 25.036 25.204 25.341 25.438 25.569 25.691 
 25.769 
