IESNA:LM-63-2002
[TEST] 1
[TESTLAB] 
[TESTDATE] 2024-12-23
[ISSUEDATE] 2024-12-23 13:48:47
[LAMPPOSITION] 0,0
[OTHER] EVERFINE GO-2000A_V1 SYSTEM
[MANUFAC] 
[LUMINAIRE] 70W-3000K
[LAMP] CP08-10-80L-S2D5C3
TILT=NONE
1 10786 1 181 17 1 2 0.250 0.250 0.000
1.000 1 70.8573
0.0    1.0    2.0    3.0    4.0    5.0    6.0    7.0    8.0    9.0    
 10.0   11.0   12.0   13.0   14.0   15.0   16.0   17.0   18.0   19.0   
 20.0   21.0   22.0   23.0   24.0   25.0   26.0   27.0   28.0   29.0   
 30.0   31.0   32.0   33.0   34.0   35.0   36.0   37.0   38.0   39.0   
 40.0   41.0   42.0   43.0   44.0   45.0   46.0   47.0   48.0   49.0   
 50.0   51.0   52.0   53.0   54.0   55.0   56.0   57.0   58.0   59.0   
 60.0   61.0   62.0   63.0   64.0   65.0   66.0   67.0   68.0   69.0   
 70.0   71.0   72.0   73.0   74.0   75.0   76.0   77.0   78.0   79.0   
 80.0   81.0   82.0   83.0   84.0   85.0   86.0   87.0   88.0   89.0   
 90.0   91.0   92.0   93.0   94.0   95.0   96.0   97.0   98.0   99.0   
 100.0  101.0  102.0  103.0  104.0  105.0  106.0  107.0  108.0  109.0  
 110.0  111.0  112.0  113.0  114.0  115.0  116.0  117.0  118.0  119.0  
 120.0  121.0  122.0  123.0  124.0  125.0  126.0  127.0  128.0  129.0  
 130.0  131.0  132.0  133.0  134.0  135.0  136.0  137.0  138.0  139.0  
 140.0  141.0  142.0  143.0  144.0  145.0  146.0  147.0  148.0  149.0  
 150.0  151.0  152.0  153.0  154.0  155.0  156.0  157.0  158.0  159.0  
 160.0  161.0  162.0  163.0  164.0  165.0  166.0  167.0  168.0  169.0  
 170.0  171.0  172.0  173.0  174.0  175.0  176.0  177.0  178.0  179.0  
 180.0  
0.0    22.5   45.0   67.5   90.0   112.5  135.0  157.5  180.0  202.5  
 225.0  247.5  270.0  292.5  315.0  337.5  360.0  
3660.1 3656.9 3652.1 3643.7 3638.2 3638.3 3642.8 3644.9 3641.4 3623.6 
 3595 3557.4 3524.5 3502.7 3498.1 3507.8 3521.8 3525.7 3509.5 3472 
 3422.3 3373.4 3334.6 3308.4 3284.7 3246.5 3180.5 3090.6 2985.6 2885.5 
 2803 2737.4 2677.5 2612.1 2533.7 2443.6 2355 2270.9 2193.3 2117.3 
 2040.7 1961.6 1888.1 1826.4 1778.1 1745.6 1725.6 1717.2 1718.1 1724 
 1728.3 1727.7 1727.9 1738.2 1765.9 1808.3 1856.8 1897 1920.3 1934 
 1957 2006 2080.4 2164.1 2227.5 2248.4 2218.6 2151.9 2063 1951.4 
 1793.1 1598.6 1404 1212.9 1030.6 870.97 750.62 667.01 601.94 545.97 
 496.82 451.95 404.02 353.89 308.06 267.34 231.36 207.18 183.14 162.44 
 143.31 127.9 118.13 110.06 102.96 97.109 91.049 85.312 79.636 74.452 
 69.588 64.857 60.146 55.608 51.263 47.203 43.407 40.028 37 34.378 
 32.179 30.337 28.764 27.396 26.168 25.172 24.22 23.306 22.47 21.697 
 20.958 20.283 19.71 19.229 18.879 18.599 18.412 18.405 18.521 18.657 
 18.818 18.989 19.202 19.404 19.641 19.889 20.143 20.407 20.669 20.934 
 21.178 21.42 21.641 21.855 22.075 22.278 22.479 22.691 22.905 23.101 
 23.307 23.51 23.678 23.835 23.977 24.121 24.25 24.387 24.522 24.665 
 24.841 25.008 25.189 25.386 25.572 25.768 25.987 26.196 26.408 26.617 
 26.811 26.999 27.196 27.402 27.584 27.778 27.933 28.058 28.188 28.325 
 28.429 
3660.1 3650.4 3645.9 3638 3628.8 3625.6 3626.4 3628.7 3626.7 3614.5 
 3593.9 3562.3 3527.2 3497.6 3478.3 3475.1 3485.4 3497.5 3502.3 3489.8 
 3455.3 3405.8 3351.5 3305.2 3270.7 3242.2 3212 3165.9 3097.2 3008.4 
 2913 2820.1 2739.7 2673.6 2612.3 2545.3 2470.8 2388.2 2303.1 2220.7 
 2141.7 2064.9 1989.9 1916.1 1843.8 1777.4 1721.8 1676.2 1642.5 1618.6 
 1603.9 1595.7 1592.8 1592.6 1595.3 1601.9 1614.3 1634.1 1662.1 1694.1 
 1730.8 1770.7 1814.6 1866.8 1929.6 1999.1 2067.3 2114.2 2118.8 2077.3 
 1983.5 1855.9 1709.4 1539.9 1356.7 1174.9 1016.3 882.95 777.51 692.07 
 614.25 541.55 472.22 412.01 351.95 308.84 269.88 237.42 204.54 173.51 
 146.85 126.16 112.18 99.418 87.898 78.557 69.607 61.958 55.937 50.643 
 45.762 41.286 37.554 34.341 31.71 29.54 27.674 26.09 24.821 23.768 
 22.893 22.097 21.321 20.536 19.813 19.242 18.742 18.282 17.885 17.559 
 17.306 17.119 16.984 16.959 16.979 17.018 17.173 17.429 17.675 17.955 
 18.235 18.544 18.841 19.13 19.444 19.74 20.048 20.336 20.615 20.877 
 21.126 21.368 21.599 21.819 22.028 22.227 22.411 22.572 22.739 22.915 
 23.083 23.24 23.402 23.545 23.688 23.83 23.974 24.115 24.284 24.46 
 24.649 24.851 25.055 25.277 25.486 25.685 25.882 26.09 26.316 26.541 
 26.75 26.932 27.139 27.328 27.54 27.689 27.813 27.943 28.079 28.196 
 28.429 
3660.1 3645 3639.2 3629.5 3619.4 3611.6 3609 3610.8 3613.4 3611.9 
 3605 3588.5 3562.5 3529.3 3491.9 3455.2 3423.1 3400.3 3383.2 3375.9 
 3372.7 3370.9 3366 3353.2 3331.4 3296.7 3251 3197.7 3141.5 3081.6 
 3023.5 2965.1 2903.9 2835.6 2760.8 2676.4 2586.4 2490.3 2392.7 2295.2 
 2199.6 2105.4 2015.2 1926.7 1839.7 1754.5 1672.9 1591.7 1514.8 1440.5 
 1370.6 1303.8 1243.6 1192.6 1149.6 1114.5 1087.3 1067.9 1057.4 1057.7 
 1068.9 1090.2 1119.8 1158.4 1206.4 1266.5 1338 1416.3 1496.4 1574.9 
 1653.3 1725.8 1779.9 1801.1 1790.7 1753.6 1693.1 1616.2 1524.2 1420.4 
 1304 1184.8 1062.9 936.74 804.75 675.9 556.6 449.61 359.38 283.27 
 215.44 182.84 150.52 124.98 102.17 81.614 66.473 56.051 49.025 44.435 
 40.829 38.025 35.681 33.729 32.075 30.633 29.322 28.222 27.308 26.445 
 25.584 24.73 23.741 22.67 21.619 20.609 19.694 18.799 17.974 17.394 
 17.186 17.205 17.347 17.497 17.639 17.769 17.924 18.1 18.282 18.489 
 18.736 18.981 19.254 19.52 19.785 20.05 20.312 20.57 20.812 21.038 
 21.251 21.459 21.655 21.828 21.986 22.128 22.264 22.393 22.504 22.622 
 22.725 22.835 22.94 23.037 23.127 23.252 23.393 23.55 23.711 23.904 
 24.114 24.332 24.568 24.782 25.002 25.237 25.437 25.65 25.892 26.117 
 26.343 26.558 26.784 27.008 27.188 27.363 27.525 27.695 27.845 27.994 
 28.429 
3660.1 3638.2 3632.6 3623.3 3616.9 3614.1 3614.6 3612.3 3604.6 3588.3 
 3561.7 3528.6 3497.4 3473.7 3461.1 3462.4 3470.9 3475.6 3469.1 3444.8 
 3404.5 3354.9 3306.9 3265.1 3230.8 3194.9 3149.4 3089.4 3010.9 2925.4 
 2837.7 2758.9 2688.7 2624.6 2560.3 2489.6 2414.2 2336 2257.2 2180 
 2101.9 2025.6 1949.7 1877.7 1810.4 1752.2 1704 1667.2 1640 1622.2 
 1610.2 1602.8 1597.9 1595.2 1599.9 1612.5 1633.6 1660.3 1689.1 1716.8 
 1746.3 1784.1 1836 1902 1973.4 2036.9 2075.3 2081.6 2052.3 1983.2 
 1874.9 1736.4 1578.7 1408.1 1243.7 1089.2 960.4 852.44 762.18 679.23 
 600.78 527.48 457.46 403.36 349.33 307.44 273.32 241.23 211.04 184.72 
 161.42 147.01 134.45 122.33 110.91 99.318 87.641 76.409 65.75 55.755 
 49.683 44.904 40.754 37.058 33.857 31.321 29.031 27.149 25.741 24.546 
 23.527 22.555 21.699 20.96 20.303 19.713 19.215 18.794 18.454 18.163 
 17.917 17.711 17.509 17.399 17.361 17.394 17.536 17.711 17.894 18.09 
 18.303 18.537 18.758 19.005 19.271 19.549 19.828 20.105 20.388 20.651 
 20.914 21.177 21.417 21.666 21.893 22.112 22.305 22.502 22.682 22.843 
 22.999 23.135 23.279 23.395 23.518 23.635 23.759 23.883 24.03 24.182 
 24.355 24.551 24.759 24.96 25.153 25.357 25.568 25.772 25.986 26.212 
 26.431 26.639 26.861 27.074 27.282 27.476 27.671 27.853 28.014 28.169 
 28.429 
3660.1 3687.8 3681.2 3671.8 3666.5 3667.8 3668.8 3667.9 3658.8 3636.3 
 3604.4 3568.1 3537.4 3518.7 3514.9 3520 3524 3516 3489.4 3445.6 
 3395.7 3349.2 3314.2 3285.9 3248.5 3196.1 3119.8 3026.9 2930.4 2843 
 2767.4 2701 2633 2556.9 2472.8 2386.5 2303.2 2221.7 2142.3 2061 
 1981.2 1906.1 1840.1 1786.9 1747.6 1722 1707.9 1702.7 1703.2 1704.6 
 1705.3 1708 1719.4 1744.2 1782.9 1827.4 1866.9 1894.8 1915.6 1943 
 1990.1 2061.8 2143.3 2211.3 2238.5 2221.6 2166.2 2080 1960.3 1801.9 
 1617.8 1420.3 1230.3 1050.2 902.93 792.57 709.54 641.4 581 525.6 
 472.33 419.27 366.22 320.74 278.72 243.87 216.38 191.92 170.04 150.76 
 135.77 126.34 118.2 111.24 105.29 99.083 92.9 86.608 80.337 74.311 
 69.023 64.315 59.877 55.649 51.764 48.103 44.723 41.681 38.986 36.606 
 34.478 32.65 31.026 29.473 28.214 27.05 25.976 25.072 24.29 23.671 
 23.129 22.693 22.334 22.057 21.876 21.818 21.87 22.034 22.209 22.398 
 22.597 22.808 23.042 23.262 23.488 23.722 23.969 24.233 24.475 24.75 
 25.017 25.28 25.532 25.772 26 26.256 26.466 26.679 26.866 27.027 
 27.19 27.334 27.462 27.574 27.671 27.767 27.871 27.97 28.066 28.176 
 28.28 28.372 28.455 28.514 28.593 28.696 28.786 28.851 28.929 29 
 29.026 29.052 29.071 29.117 29.175 29.175 29.175 29.162 29.136 29.084 
 28.429 
3660.1 3675.5 3665.7 3655.5 3647.5 3642.7 3641.7 3639.3 3631.5 3615 
 3587.1 3554.2 3518.7 3493.2 3478.8 3477.3 3482 3483.8 3471.6 3443.5 
 3399.9 3349.4 3300.8 3259.6 3224.7 3186.2 3137.1 3071.5 2992.9 2908.6 
 2826.4 2750.7 2680.8 2612.6 2540.6 2464.9 2385.4 2303.5 2223.4 2143.5 
 2064.6 1986.9 1910.8 1838.6 1774.5 1718.9 1674.7 1639.6 1615.4 1599.1 
 1588.4 1582.2 1580 1582.3 1591.4 1607.1 1630.7 1658.4 1688.5 1722.1 
 1761.3 1814.1 1877.1 1947.5 2013.3 2059.2 2079.8 2063.1 2006.3 1908.1 
 1777 1623.6 1455.9 1290.1 1131.2 992.74 876.23 778.45 689.58 604.34 
 526.38 456.95 396.34 346.25 302.44 268.1 236.31 208.48 180.65 158.68 
 144.96 133.72 122.02 110.37 98.465 86.75 74.474 64.645 56.512 50.661 
 46.048 41.904 38.225 35.079 32.83 30.982 29.46 28.169 27.128 26.276 
 25.499 24.767 24.099 23.429 22.802 22.293 21.86 21.516 21.237 21.027 
 20.891 20.8 20.767 20.754 20.76 20.902 21.083 21.29 21.517 21.753 
 22.009 22.27 22.536 22.823 23.113 23.403 23.691 23.976 24.254 24.542 
 24.838 25.116 25.373 25.605 25.853 26.077 26.272 26.435 26.578 26.728 
 26.852 26.961 27.059 27.163 27.247 27.345 27.435 27.514 27.611 27.701 
 27.812 27.883 27.948 27.994 28.052 28.142 28.214 28.272 28.331 28.396 
 28.422 28.435 28.448 28.5 28.545 28.578 28.61 28.61 28.61 28.61 
 28.429 
3660.1 3664.6 3655 3641.1 3631.8 3624.5 3622.6 3622.2 3621.9 3615.9 
 3601.9 3577.5 3545.1 3507 3470.4 3437.9 3411.7 3393.9 3381.9 3373.4 
 3366.3 3355.7 3341.4 3319.3 3286.4 3243.8 3194.1 3137.6 3078 3019.9 
 2959.7 2897.4 2829.1 2751.9 2665 2572.3 2476.3 2378.9 2285.4 2192.4 
 2098.7 2007.4 1916.1 1826.8 1741 1659.9 1580.5 1504.3 1431.8 1361.8 
 1296.3 1237.6 1187.9 1146.4 1112.9 1086.6 1067.5 1057.3 1057.1 1067.5 
 1087.9 1118 1157.9 1209.2 1269.7 1338.8 1411.6 1486.9 1569 1648.4 
 1713.4 1757.9 1771 1757.2 1717.4 1653.1 1576.1 1483.5 1371.6 1255.3 
 1136.8 1015.9 886.73 754.15 625.66 510.52 420.05 329.61 255.45 205.97 
 179.3 156.04 134.64 114.99 98.155 81.393 66.75 56.586 49.305 44.713 
 41.36 38.753 36.551 34.726 33.209 31.944 30.825 29.894 28.92 28.018 
 27.045 25.955 24.878 23.848 22.954 22.099 21.313 20.719 20.521 20.599 
 20.767 20.936 21.093 21.247 21.397 21.558 21.736 21.934 22.137 22.376 
 22.637 22.905 23.181 23.44 23.715 23.988 24.254 24.518 24.765 25.003 
 25.256 25.47 25.66 25.834 26.003 26.153 26.276 26.378 26.484 26.58 
 26.69 26.795 26.892 26.989 27.08 27.19 27.307 27.418 27.528 27.656 
 27.793 27.904 27.988 28.065 28.124 28.26 28.332 28.396 28.481 28.559 
 28.591 28.61 28.61 28.682 28.701 28.701 28.695 28.675 28.636 28.591 
 28.429 
3660.1 3655.3 3644.5 3634 3627.6 3624.9 3623.4 3619.3 3606.7 3582.8 
 3550.7 3516.1 3487.1 3469.5 3466.1 3472.1 3478.5 3476.7 3455.6 3416.7 
 3367.5 3316.3 3271.9 3233.8 3198.8 3153.3 3093.1 3016.6 2928.6 2840.6 
 2758.6 2686.6 2618 2547.9 2472.7 2392.1 2310.7 2228.9 2149.1 2070.4 
 1991.8 1914.2 1839.4 1772.1 1713.5 1666.3 1630.2 1604.8 1588 1577.1 
 1570.3 1565.4 1565.4 1571.1 1585.7 1607.3 1635.4 1665.7 1697.2 1733.6 
 1781.8 1845.2 1920.2 1998.3 2066.1 2109.8 2120.1 2083.3 1994.2 1868.1 
 1712.2 1540.2 1364 1191.7 1045 925.97 826.9 739.29 655.88 575.26 
 496.72 424.88 365.14 318.65 282.51 251.46 221.15 196.87 172.65 155.7 
 144.06 133.01 122.64 112.74 102.28 91.192 80.233 70.016 59.738 50.968 
 45.53 41.571 38.277 35.333 32.807 30.901 29.441 28.223 27.199 26.3 
 25.499 24.705 24.019 23.372 22.747 22.206 21.777 21.443 21.164 20.952 
 20.801 20.734 20.689 20.695 20.862 21.078 21.302 21.555 21.823 22.057 
 22.314 22.564 22.828 23.119 23.387 23.677 23.943 24.218 24.487 24.774 
 25.033 25.279 25.514 25.823 26.053 26.259 26.448 26.598 26.728 26.832 
 26.943 27.034 27.118 27.195 27.273 27.377 27.449 27.546 27.642 27.76 
 27.871 27.967 28.039 28.097 28.175 28.279 28.357 28.422 28.487 28.545 
 28.565 28.584 28.584 28.623 28.655 28.675 28.675 28.675 28.643 28.572 
 28.429 
3660.1 3648.1 3636.9 3626.6 3622.1 3622.7 3621.9 3616 3600.1 3571.7 
 3538.3 3507 3486 3479 3483.6 3489.9 3486.8 3465 3424.1 3373.2 
 3324.2 3286.6 3259.9 3230.5 3183.9 3110.5 3017 2918.1 2824.3 2746.9 
 2679 2610.7 2533.4 2446.8 2356.9 2270.9 2191.9 2114 2035.4 1955.2 
 1876.9 1808 1751.9 1710.1 1682.8 1668.8 1666.4 1671 1675.2 1672.6 
 1666.2 1669.6 1693.2 1738.4 1794.6 1840.9 1865.4 1874.9 1890.3 1936.4 
 2021.1 2126.3 2210.3 2242.4 2222.6 2172.4 2096.9 1978.7 1805.1 1606.2 
 1401.3 1204.7 1020.5 875.67 782.12 717.88 652.63 591.22 536.93 473.87 
 408.55 343.42 299.29 259.22 229.24 204.99 181.95 161.11 143.06 131.15 
 123.68 117.05 111.19 105.37 99.276 93.084 86.941 80.821 74.815 69.016 
 63.371 58.265 53.879 49.958 46.185 42.818 39.796 37.263 34.996 33.051 
 31.356 29.999 28.823 27.755 26.716 25.74 24.899 24.144 23.497 22.971 
 22.527 22.193 21.953 21.786 21.818 21.942 22.073 22.22 22.39 22.571 
 22.767 22.949 23.164 23.385 23.623 23.877 24.122 24.368 24.603 24.856 
 25.122 25.371 25.596 25.824 26.042 26.264 26.463 26.633 26.775 26.833 
 26.867 27.028 27.256 27.424 27.508 27.592 27.676 27.767 27.852 27.923 
 28.014 28.085 28.151 28.196 28.241 28.338 28.397 28.442 28.501 28.532 
 28.532 28.533 28.552 28.591 28.643 28.636 28.63 28.617 28.578 28.532 
 28.429 
3660.1 3640.3 3629.5 3618.2 3610.4 3606.2 3604 3597.6 3585.2 3564.6 
 3534.6 3505 3478.4 3462.5 3460 3464 3468.4 3464.2 3445.1 3406 
 3357.8 3306.9 3261.2 3223.9 3190.2 3149.3 3093.1 3018.5 2932.6 2843.3 
 2760.6 2685.5 2617.8 2549.1 2475.1 2395.5 2312.3 2230 2150.7 2073.6 
 1995.6 1918.6 1842 1771.9 1710.5 1659.6 1619.8 1590.4 1571.1 1559.9 
 1553.8 1551.9 1550.6 1552.4 1559.8 1577.6 1606.2 1643.2 1682 1718.9 
 1756.4 1805 1871.1 1955.9 2040.1 2095.1 2103.1 2061.4 1977.8 1860.7 
 1711.4 1538.2 1354.9 1179.8 1033.8 917.37 826.54 742.48 656.88 577.06 
 496.88 422.77 363.53 316.75 280.17 247.52 215.97 191.37 166.85 151.21 
 141.83 132.19 121.23 109.19 97.496 86.54 76.262 66.723 58.206 50.091 
 43.137 39.568 36.678 34.047 31.556 29.46 27.875 26.782 26.01 25.323 
 24.702 24.137 23.591 23.027 22.444 22.009 21.672 21.38 21.158 20.957 
 20.812 20.709 20.637 20.624 20.773 20.96 21.149 21.343 21.57 21.797 
 22.035 22.297 22.569 22.839 23.101 23.378 23.664 23.939 24.208 24.482 
 24.741 25.019 25.268 25.487 25.727 25.955 26.149 26.306 26.448 26.573 
 26.689 26.786 26.896 26.987 27.04 27.111 27.196 27.267 27.337 27.378 
 27.384 27.526 27.604 27.695 27.798 27.89 27.942 27.994 28.052 28.091 
 28.111 28.124 28.124 28.175 28.214 28.253 28.266 28.286 28.286 28.292 
 28.429 
3660.1 3635.2 3622.9 3611.5 3603 3598.4 3597.3 3597.3 3595.2 3586.4 
 3569.3 3542 3509.2 3473.5 3438.5 3408.9 3386.2 3371.2 3362.7 3357.7 
 3350.6 3339.8 3322.7 3296.7 3260.3 3213.6 3160.5 3103 3043.6 2985.1 
 2925.2 2861.8 2792.5 2715.1 2629.9 2538 2442 2345.4 2250.4 2155.8 
 2062.3 1969.8 1878 1788.7 1702.8 1620.4 1541.4 1466.3 1396.7 1328.6 
 1265 1208.1 1160.1 1120.5 1089.2 1066.4 1050.9 1044.3 1047.1 1060.9 
 1084.6 1117.2 1159.3 1215.3 1283.9 1361.2 1440.8 1516.7 1593 1670.2 
 1736.3 1776.7 1782 1756 1706.2 1637.5 1560.5 1467.7 1358.5 1243.3 
 1130.2 1015.9 889.59 759.12 630.14 515.14 424.45 333.8 261.07 209.53 
 182.27 159.88 140.43 123.32 106.51 89.523 73.959 59.35 49.783 45.093 
 41.462 38.537 36.175 34.269 32.66 31.381 30.306 29.349 28.408 27.513 
 26.498 25.421 24.366 23.385 22.512 21.629 20.848 20.292 20.191 20.326 
 20.543 20.748 20.905 21.053 21.223 21.404 21.598 21.813 22.035 22.26 
 22.515 22.766 23.033 23.291 23.564 23.833 24.086 24.337 24.582 24.816 
 25.049 25.271 25.465 25.635 25.804 25.951 26.075 26.179 26.288 26.386 
 26.463 26.555 26.639 26.724 26.809 26.918 27.022 27.093 27.197 27.319 
 27.437 27.522 27.612 27.676 27.736 27.858 27.924 28.007 28.073 28.131 
 28.176 28.169 28.182 28.254 28.26 28.26 28.26 28.253 28.228 28.202 
 28.429 
3660.1 3630.5 3620.6 3611.3 3606.1 3604.7 3604.2 3599.4 3587.1 3564.1 
 3534.1 3500.3 3472.1 3455.1 3449.8 3452.9 3456.3 3449.7 3428.7 3393.1 
 3346.4 3299.2 3256.7 3220 3184.3 3142 3087.9 3017.3 2937 2853.2 
 2772.2 2698.4 2627.4 2557.4 2484.4 2408 2330.6 2251.1 2173.6 2096.8 
 2021.3 1948.3 1877.4 1812.6 1754.9 1707 1667.9 1637.2 1614.6 1598.9 
 1589.3 1583.3 1582.3 1586.4 1597.6 1615.4 1638.4 1664.3 1692.1 1724.6 
 1763.8 1816.2 1877.5 1940.7 1991.3 2018.9 2020.9 1995.6 1937.6 1836.9 
 1703.4 1550.6 1387.8 1222 1066.5 935.32 829.88 746.03 674.07 608.43 
 541.83 472.5 409.33 359.51 316.05 283.37 252.89 222.11 197.41 172.72 
 156.88 143.98 132.26 121.5 110.45 99.252 87.92 76.466 65.295 56.484 
 50.216 45.298 41.345 37.661 34.638 32.06 30.148 28.8 27.673 26.714 
 25.923 25.159 24.421 23.713 23.035 22.365 21.812 21.365 21.014 20.754 
 20.536 20.393 20.332 20.293 20.313 20.551 20.792 21.07 21.35 21.634 
 21.908 22.186 22.463 22.752 23.054 23.358 23.661 23.949 24.242 24.542 
 24.825 25.091 25.346 25.571 25.8 26.001 26.177 26.339 26.468 26.578 
 26.682 26.76 26.78 26.768 26.916 27.118 27.202 27.293 27.403 27.514 
 27.616 27.732 27.792 27.831 27.877 27.974 28.032 28.091 28.162 28.22 
 28.247 28.247 28.253 28.286 28.325 28.338 28.338 28.338 28.331 28.292 
 28.429 
3660.1 3683.5 3675.3 3669.4 3668 3669.4 3669 3663.3 3644.1 3616 
 3579.7 3548.8 3528.8 3521.4 3525.1 3531.9 3530 3507.5 3470.4 3422.4 
 3374.9 3336.8 3306.4 3276 3232.9 3168.3 3084.8 2990.3 2896.5 2813.1 
 2740.7 2674.9 2604.8 2525.3 2439.1 2354.1 2273.1 2196 2120.8 2046.7 
 1973.2 1905.9 1849 1803.6 1769.1 1745.5 1731.1 1725.3 1726.5 1731.4 
 1736.6 1742.8 1755.7 1777.5 1810.8 1848.5 1884.5 1913.9 1940.3 1973.2 
 2020.3 2079.4 2137.3 2178.6 2189.7 2162.5 2099.4 2004.6 1879.9 1726.8 
 1546.4 1357.6 1179 1010.5 870.13 763.22 693.67 641.11 594.55 550.84 
 500.41 439.34 376.53 322.83 275.56 239.67 211.99 190.28 168.58 149.38 
 135.04 125.56 117.46 110.57 104.03 97.64 91.416 85.023 78.679 72.294 
 66.238 60.632 55.788 51.528 47.549 43.817 40.419 37.418 34.738 32.42 
 30.435 28.718 27.181 25.848 24.646 23.545 22.543 21.718 20.995 20.391 
 19.861 19.414 19.061 18.823 18.622 18.517 18.529 18.644 18.761 18.904 
 19.078 19.265 19.489 19.713 19.954 20.232 20.499 20.782 21.054 21.315 
 21.55 21.782 21.991 22.207 22.42 22.628 22.83 23.041 23.255 23.45 
 23.634 23.814 23.977 24.126 24.268 24.399 24.541 24.684 24.833 24.989 
 25.171 25.372 25.553 25.78 26 26.227 26.453 26.69 26.909 27.122 
 27.323 27.526 27.734 27.929 28.102 28.284 28.44 28.57 28.719 28.844 
 28.429 
3660.1 3675.2 3669 3661.7 3658 3655.4 3655.3 3649.9 3638.6 3617.2 
 3588.6 3556.9 3529.4 3512.7 3508 3512.9 3517.6 3516.2 3500.9 3469.5 
 3425.6 3377.1 3331.1 3290.8 3256 3215.8 3165.1 3101.1 3023.1 2938.6 
 2856.3 2779.3 2708.9 2641.9 2571.8 2496 2416.9 2335.6 2256.4 2180.3 
 2106 2033.6 1961.9 1893.6 1831 1775.7 1729.6 1692.1 1663.6 1642.2 
 1627.4 1618.6 1614 1615 1620.6 1631.4 1646.8 1667.6 1692.7 1724.6 
 1763 1808.6 1858.4 1910.1 1959.4 2002.4 2036.1 2051.5 2039.8 1984.9 
 1885.5 1756.1 1605.7 1436.4 1266 1101.4 962.04 852.18 765.92 695.38 
 627.61 560.44 488.27 424.13 360 310.34 272.85 239.86 210.36 184.46 
 161.88 147.01 134.54 123.5 113.03 102.8 92.155 80.837 69.317 58.901 
 49.098 40.983 37.483 34.396 31.781 29.452 27.556 26.072 24.869 23.804 
 22.906 22.112 21.313 20.624 20.025 19.429 18.932 18.543 18.213 17.937 
 17.704 17.522 17.413 17.387 17.388 17.539 17.764 18.019 18.285 18.556 
 18.823 19.089 19.376 19.652 19.941 20.236 20.494 20.781 21.047 21.293 
 21.536 21.757 21.987 22.195 22.398 22.603 22.786 22.981 23.156 23.324 
 23.48 23.635 23.791 23.928 24.057 24.2 24.348 24.491 24.654 24.836 
 25.025 25.24 25.465 25.666 25.889 26.101 26.304 26.509 26.712 26.911 
 27.126 27.3 27.496 27.67 27.852 28.001 28.138 28.261 28.409 28.526 
 28.429 
3660.1 3668.4 3662.4 3653.7 3644.1 3638.3 3636.9 3637.8 3638.2 3635.2 
 3626 3607.7 3582.3 3550.1 3516.4 3484.5 3456.4 3434.9 3420.9 3412 
 3406.7 3401 3391.5 3376.1 3351.4 3315.4 3270.5 3218 3159.9 3099.7 
 3039.2 2979.6 2917.6 2848.7 2772.4 2686.2 2593.7 2495.4 2396.9 2299.8 
 2203.4 2108.2 2014.3 1922.5 1831.8 1745.2 1661.8 1579.9 1502 1428.1 
 1360 1297.7 1243.2 1196 1154.7 1120.1 1092.3 1074.4 1068.1 1074.9 
 1092.4 1116.6 1143.9 1177.2 1222.8 1286.2 1366.1 1451.7 1529.8 1601.7 
 1670.4 1734 1779.5 1799.2 1787.1 1748.7 1688.2 1610.4 1523.7 1423.3 
 1308.1 1188.4 1069.4 948.45 823.13 696.85 577.32 469.72 377.64 298 
 226.72 191.39 156.06 131.11 110.4 92.536 76.936 63.726 52.863 46.538 
 42.304 39.051 36.431 34.335 32.521 30.994 29.645 28.469 27.53 26.565 
 25.668 24.786 23.769 22.712 21.675 20.714 19.785 18.92 18.168 17.673 
 17.556 17.575 17.731 17.86 17.997 18.126 18.268 18.431 18.6 18.787 
 19.021 19.265 19.54 19.81 20.095 20.363 20.623 20.871 21.116 21.336 
 21.551 21.745 21.935 22.108 22.259 22.402 22.53 22.648 22.757 22.861 
 22.959 23.062 23.147 23.258 23.387 23.498 23.639 23.795 23.952 24.152 
 24.372 24.585 24.814 25.049 25.288 25.503 25.739 25.975 26.202 26.428 
 26.648 26.876 27.109 27.326 27.532 27.707 27.863 28.033 28.195 28.351 
 28.429 
3660.1 3662.7 3656.8 3649.6 3640.8 3635.3 3635.3 3636.2 3634.6 3624.4 
 3602.4 3574.7 3544.3 3518.2 3502.9 3500 3507.4 3515.6 3513.4 3497.1 
 3463.3 3416.5 3365.9 3320.9 3282.8 3247.6 3208.4 3157.8 3090.2 3010.6 
 2924.6 2840.6 2763.4 2693.5 2626.5 2555.9 2480.7 2399.5 2316.6 2233.8 
 2152.8 2074.9 1996.8 1922.2 1849.3 1783.5 1728.9 1684.8 1651.8 1627.7 
 1610.2 1599.8 1593.8 1594.3 1600 1610.8 1625.3 1644 1667.8 1697.1 
 1734.1 1779.3 1832.1 1889.3 1948.6 2003.9 2051.4 2086.3 2093.1 2058 
 1969.7 1842 1691.7 1524.2 1347.3 1173.9 1021.6 895.21 790.13 705.1 
 630.15 560.83 490.85 425.05 376.07 327.13 287.23 253.69 222.51 193.85 
 168.78 148.4 133.22 118.97 106.46 94.32 82.298 71.852 64.994 58.746 
 52.997 47.873 43.265 39.352 36.009 33.259 30.828 28.779 27.238 25.963 
 24.897 23.98 23.141 22.343 21.588 20.928 20.369 19.878 19.46 19.093 
 18.768 18.488 18.247 18.027 17.873 17.841 17.907 18.043 18.192 18.362 
 18.563 18.791 19.013 19.275 19.528 19.802 20.088 20.36 20.631 20.91 
 21.172 21.431 21.676 21.91 22.152 22.378 22.591 22.78 22.967 23.129 
 23.292 23.44 23.551 23.674 23.784 23.901 24.025 24.148 24.272 24.428 
 24.608 24.796 24.986 25.185 25.387 25.575 25.798 25.999 26.225 26.45 
 26.672 26.88 27.106 27.314 27.523 27.742 27.917 28.086 28.26 28.416 
 28.429 
3660.1 3656.9 3652.1 3643.7 3638.2 3638.3 3642.8 3644.9 3641.4 3623.6 
 3595 3557.4 3524.5 3502.7 3498.1 3507.8 3521.8 3525.7 3509.5 3472 
 3422.3 3373.4 3334.6 3308.4 3284.7 3246.5 3180.5 3090.6 2985.6 2885.5 
 2803 2737.4 2677.5 2612.1 2533.7 2443.6 2355 2270.9 2193.3 2117.3 
 2040.7 1961.6 1888.1 1826.4 1778.1 1745.6 1725.6 1717.2 1718.1 1724 
 1728.3 1727.7 1727.9 1738.2 1765.9 1808.3 1856.8 1897 1920.3 1934 
 1957 2006 2080.4 2164.1 2227.5 2248.4 2218.6 2151.9 2063 1951.4 
 1793.1 1598.6 1404 1212.9 1030.6 870.97 750.62 667.01 601.94 545.97 
 496.82 451.95 404.02 353.89 308.06 267.34 231.36 207.18 183.14 162.44 
 143.31 127.9 118.13 110.06 102.96 97.109 91.049 85.312 79.636 74.452 
 69.588 64.857 60.146 55.608 51.263 47.203 43.407 40.028 37 34.378 
 32.179 30.337 28.764 27.396 26.168 25.172 24.22 23.306 22.47 21.697 
 20.958 20.283 19.71 19.229 18.879 18.599 18.412 18.405 18.521 18.657 
 18.818 18.989 19.202 19.404 19.641 19.889 20.143 20.407 20.669 20.934 
 21.178 21.42 21.641 21.855 22.075 22.278 22.479 22.691 22.905 23.101 
 23.307 23.51 23.678 23.835 23.977 24.121 24.25 24.387 24.522 24.665 
 24.841 25.008 25.189 25.386 25.572 25.768 25.987 26.196 26.408 26.617 
 26.811 26.999 27.196 27.402 27.584 27.778 27.933 28.058 28.188 28.325 
 28.429 
