IESNA:LM-63-2002
[TEST] 1
[TESTLAB] 
[TESTDATE] 2024-12-23
[ISSUEDATE] 2024-12-23 11:48:57
[LAMPPOSITION] 0,0
[OTHER] EVERFINE GO-2000A_V1 SYSTEM
[MANUFAC] 
[LUMINAIRE] 70W-5000K
[LAMP] CP08-10-80L-S2D5C3
TILT=NONE
1 11178 1 181 17 1 2 0.250 0.250 0.000
1.000 1 70.1111
0.0    1.0    2.0    3.0    4.0    5.0    6.0    7.0    8.0    9.0    
 10.0   11.0   12.0   13.0   14.0   15.0   16.0   17.0   18.0   19.0   
 20.0   21.0   22.0   23.0   24.0   25.0   26.0   27.0   28.0   29.0   
 30.0   31.0   32.0   33.0   34.0   35.0   36.0   37.0   38.0   39.0   
 40.0   41.0   42.0   43.0   44.0   45.0   46.0   47.0   48.0   49.0   
 50.0   51.0   52.0   53.0   54.0   55.0   56.0   57.0   58.0   59.0   
 60.0   61.0   62.0   63.0   64.0   65.0   66.0   67.0   68.0   69.0   
 70.0   71.0   72.0   73.0   74.0   75.0   76.0   77.0   78.0   79.0   
 80.0   81.0   82.0   83.0   84.0   85.0   86.0   87.0   88.0   89.0   
 90.0   91.0   92.0   93.0   94.0   95.0   96.0   97.0   98.0   99.0   
 100.0  101.0  102.0  103.0  104.0  105.0  106.0  107.0  108.0  109.0  
 110.0  111.0  112.0  113.0  114.0  115.0  116.0  117.0  118.0  119.0  
 120.0  121.0  122.0  123.0  124.0  125.0  126.0  127.0  128.0  129.0  
 130.0  131.0  132.0  133.0  134.0  135.0  136.0  137.0  138.0  139.0  
 140.0  141.0  142.0  143.0  144.0  145.0  146.0  147.0  148.0  149.0  
 150.0  151.0  152.0  153.0  154.0  155.0  156.0  157.0  158.0  159.0  
 160.0  161.0  162.0  163.0  164.0  165.0  166.0  167.0  168.0  169.0  
 170.0  171.0  172.0  173.0  174.0  175.0  176.0  177.0  178.0  179.0  
 180.0  
0.0    22.5   45.0   67.5   90.0   112.5  135.0  157.5  180.0  202.5  
 225.0  247.5  270.0  292.5  315.0  337.5  360.0  
3755 3761.1 3744.7 3734.7 3737.5 3746 3750.9 3744.6 3739.8 3715.9 
 3696.6 3663.6 3633.2 3607.1 3599.9 3602.2 3623.3 3616.7 3607.1 3572.9 
 3527.1 3479.4 3438 3405.9 3363.1 3336.1 3270.2 3186.4 3095.3 2992.4 
 2910.7 2828.1 2762.3 2689.4 2607.1 2517.1 2436.7 2351.1 2264.3 2182.6 
 2105.7 2023.6 1950.8 1894.6 1846.4 1809.1 1790.8 1784.7 1788.3 1793.7 
 1800.2 1801.1 1813.4 1828.6 1860.4 1896.9 1940.6 1985 2013.6 2037.7 
 2068.5 2125.2 2197.8 2286.3 2335.3 2362.7 2347.9 2281.2 2190.5 2050.4 
 1882.3 1682.7 1482.8 1274.1 1078.8 909.75 784.52 691.59 624.53 562.26 
 503.58 442.81 388.1 341.65 306.61 274.37 242.01 215.83 193.47 171.13 
 153.8 138.9 128.16 118.05 108.83 101.41 94.519 88.415 83.019 78.212 
 73.306 68.44 63.541 58.841 54.142 49.826 45.861 42.291 39.012 36.273 
 33.965 32 30.345 28.893 27.621 26.581 25.521 24.609 23.708 22.926 
 22.13 21.437 20.801 20.269 19.951 19.631 19.418 19.437 19.591 19.761 
 19.963 20.117 20.313 20.544 20.804 21.071 21.343 21.603 21.943 22.211 
 22.477 22.68 22.939 23.153 23.392 23.562 23.778 24.017 24.262 24.457 
 24.65 24.88 25.067 25.25 25.346 25.49 25.587 25.775 25.937 26.06 
 26.235 26.437 26.657 26.852 27.019 27.246 27.481 27.688 27.89 28.077 
 28.283 28.486 28.699 28.849 29.069 29.317 29.414 29.576 29.707 29.843 
 29.921 
3755 3765.5 3747.7 3743.2 3737.4 3745.2 3734.7 3738.2 3723.1 3722.5 
 3695.9 3669.1 3636.7 3612.5 3597 3574.7 3587.8 3589.9 3594.2 3589.7 
 3544.2 3507.4 3448.8 3406.6 3372.7 3336.5 3302.7 3251.6 3188.6 3099.4 
 3008.1 2915.2 2836.5 2760.6 2704.7 2637.1 2553.3 2469.3 2378.6 2305.2 
 2225.2 2146.8 2062.7 1985.6 1908.8 1842.1 1785 1738.3 1702.1 1686.2 
 1668 1654.3 1654 1659.9 1659.5 1668.8 1685.5 1705.2 1727 1756.4 
 1799.2 1847.5 1894.2 1954.5 2021.3 2090.9 2147.2 2198.1 2211.9 2177.4 
 2085.2 1960 1798.9 1621 1427.2 1243.4 1079.1 934.26 818.27 722.48 
 639.05 565.25 497.92 435.36 384.34 333.38 287.24 249.5 214.92 183.93 
 156.73 134 117.91 103.84 91.977 81.727 72.778 65.086 58.755 53.299 
 48.101 43.446 39.542 36.143 33.312 31.005 29.095 27.364 25.998 24.899 
 23.963 23.144 22.384 21.574 20.806 20.261 19.687 19.256 18.816 18.496 
 18.24 18.068 17.906 17.88 17.9 17.959 18.103 18.365 18.656 18.942 
 19.264 19.572 19.928 20.27 20.562 20.892 21.211 21.517 21.82 22.104 
 22.328 22.58 22.805 23.066 23.253 23.487 23.654 23.81 24.037 24.207 
 24.37 24.549 24.713 24.843 24.998 25.154 25.266 25.479 25.581 25.791 
 25.985 26.191 26.431 26.691 26.893 27.102 27.317 27.528 27.775 27.949 
 28.16 28.398 28.572 28.799 28.988 29.137 29.312 29.415 29.539 29.662 
 29.921 
3755 3763.9 3747.4 3741.4 3722.9 3714.7 3724.9 3725.9 3720.5 3717.8 
 3705.2 3690 3663.6 3620.6 3588.3 3570.3 3531.4 3511.8 3492.1 3483.9 
 3465.3 3478.2 3479.9 3455.9 3435.3 3396.8 3362.8 3296.7 3254.6 3186.4 
 3124.9 3064.9 3008.2 2940.5 2861.8 2778.8 2680.5 2581.9 2487.5 2378.6 
 2285 2189.7 2095.5 1995.5 1904.6 1819.7 1736.2 1644.5 1563.4 1490.3 
 1415.7 1349.2 1281.4 1223.3 1176.1 1138.5 1114.8 1098.3 1091.1 1084.9 
 1087.4 1102.3 1135.8 1189.2 1257.9 1325.1 1396 1475.6 1563.6 1663 
 1755.4 1827.2 1878.5 1903.3 1893.8 1849.4 1783.6 1706.7 1601.4 1493.9 
 1372.6 1242.1 1118.2 985.58 846.25 709.39 581.25 469.87 374.82 295.51 
 225.65 192.25 158.85 132.02 107.19 85.247 69.597 58.781 51.46 46.771 
 43.014 40.008 37.621 35.535 33.778 32.262 30.915 29.796 28.801 27.926 
 27.006 26.052 25.081 23.936 22.8 21.772 20.85 19.864 18.997 18.427 
 18.211 18.269 18.391 18.547 18.717 18.864 19.052 19.171 19.366 19.617 
 19.845 20.157 20.381 20.699 20.961 21.24 21.499 21.785 22.034 22.288 
 22.489 22.77 22.946 23.159 23.271 23.427 23.606 23.75 23.853 24.003 
 24.088 24.205 24.327 24.445 24.516 24.651 24.802 24.937 25.145 25.351 
 25.566 25.824 26.034 26.326 26.535 26.779 27.027 27.207 27.416 27.673 
 27.935 28.167 28.383 28.598 28.785 28.978 29.154 29.284 29.427 29.621 
 29.921 
3755 3756.7 3753.7 3738.6 3733.7 3726.4 3723.9 3723.5 3706.7 3696.7 
 3681.3 3643.8 3619.8 3589.7 3567.2 3569.3 3581 3591.6 3579.1 3547.1 
 3517.6 3466.8 3431.5 3389.1 3353.3 3309.7 3258.9 3196.7 3112.7 3035.4 
 2953.9 2873.7 2793.7 2728.3 2646.6 2576.9 2496 2425.4 2342.1 2261.4 
 2183.4 2105.9 2025.1 1953.1 1885 1831.2 1779.3 1742.4 1719.6 1701 
 1691.1 1680.1 1677.5 1673.7 1679.8 1692.8 1719.2 1739.8 1768.3 1798.2 
 1828.2 1868.3 1926.8 1995.5 2067.8 2123.7 2164.9 2184.6 2150.9 2082.2 
 1973.6 1823.2 1652.4 1475.7 1302.6 1143 1004.7 891.85 793.22 710.25 
 631.15 557.4 485.3 424.94 375.15 325.56 287.89 253.85 222.25 194.84 
 169.82 153.9 140.1 127.15 115.1 103.18 91.03 79.662 68.697 58.566 
 52.341 47.421 42.937 39.121 35.805 33.117 30.685 28.797 27.281 26.034 
 24.961 23.944 23.029 22.216 21.553 20.984 20.421 19.993 19.635 19.316 
 19.025 18.837 18.625 18.521 18.431 18.446 18.608 18.815 18.984 19.211 
 19.425 19.648 19.901 20.198 20.489 20.781 21.08 21.322 21.644 21.963 
 22.202 22.455 22.748 22.962 23.213 23.436 23.648 23.858 24.045 24.207 
 24.388 24.505 24.64 24.763 24.915 25.049 25.141 25.29 25.458 25.602 
 25.797 25.958 26.172 26.426 26.608 26.822 27.061 27.243 27.497 27.692 
 27.945 28.117 28.346 28.611 28.8 28.968 29.163 29.377 29.551 29.681 
 29.921 
3755 3759.1 3752.8 3744.3 3737.8 3729.3 3732.6 3738.7 3711.6 3694.4 
 3668.4 3626.3 3604 3578.9 3582 3584.5 3592.3 3585.2 3560.4 3529.8 
 3475.1 3421.1 3392.8 3350.3 3313.2 3254.4 3196 3102.8 3009.5 2931.9 
 2845.8 2771.6 2696.9 2617.3 2540.2 2455.5 2374.2 2288.6 2211.3 2124 
 2042.3 1965.4 1900.9 1848.5 1808.9 1783.8 1771.4 1765.6 1770.3 1764.7 
 1769.3 1775 1789.2 1822.1 1857.6 1905.9 1946.1 1969.1 1996.4 2031.9 
 2080.8 2154.5 2247.9 2310.6 2347.4 2326.6 2283.4 2197.4 2057.8 1895.4 
 1702.6 1497.8 1302.7 1118.1 958.18 836.87 746.4 668.41 594.07 526.93 
 460.05 407.52 355.21 318.01 281.05 249.45 223.92 199.82 179.24 161.05 
 146.41 135.92 125.77 116.69 108.99 102.07 95.272 89.188 82.931 77.148 
 71.774 67.115 62.426 58.113 53.902 50.117 46.615 43.513 40.666 38.21 
 36.074 34.149 32.424 30.882 29.495 28.311 27.138 26.187 25.387 24.692 
 24.088 23.545 23.143 22.848 22.679 22.558 22.618 22.806 22.981 23.156 
 23.383 23.591 23.82 24.045 24.274 24.496 24.786 25.03 25.315 25.519 
 25.83 26.023 26.28 26.549 26.766 27.023 27.211 27.407 27.619 27.75 
 27.918 28.099 28.183 28.299 28.417 28.553 28.663 28.754 28.839 28.942 
 29.059 29.195 29.286 29.377 29.469 29.566 29.656 29.767 29.863 29.955 
 30.038 30.116 30.129 30.233 30.31 30.356 30.368 30.355 30.342 30.329 
 29.921 
3755 3749.5 3739.6 3744.3 3725.1 3726.4 3718.3 3709.6 3705.1 3691.3 
 3653.2 3628.3 3593.5 3576.7 3564.2 3562.6 3557.8 3556.2 3540 3523.5 
 3475.3 3434.4 3387.4 3341.9 3304.1 3264.3 3223.7 3152.6 3071.3 2985.2 
 2898.5 2825.6 2746 2674.3 2607.8 2532.1 2451.8 2367.2 2283 2202.3 
 2124.3 2043.5 1973.7 1896.4 1840.7 1782.4 1736.3 1701.4 1672.5 1655.9 
 1643.5 1642.3 1640.2 1644.7 1652.1 1670.8 1692 1717.7 1752.5 1792.6 
 1839.4 1896.4 1960.6 2024.1 2091.3 2146.7 2171.3 2161 2100.3 1995.4 
 1852.5 1696 1521.8 1351.9 1184.9 1037.4 911.39 804 709.01 626.03 
 550.4 481.91 419.8 366.4 320.63 282.25 247.2 214.13 189.62 165.21 
 150.24 137.55 124.73 112.24 99.863 87.7 75.804 66.087 58.019 52.221 
 47.497 43.253 39.546 36.294 33.941 32.095 30.544 29.336 28.215 27.32 
 26.554 25.756 25.166 24.47 23.796 23.299 22.877 22.53 22.25 22.041 
 21.878 21.728 21.688 21.669 21.656 21.817 22.011 22.199 22.392 22.66 
 22.894 23.163 23.444 23.766 24.039 24.325 24.619 24.941 25.21 25.489 
 25.74 26.066 26.28 26.595 26.824 26.981 27.167 27.383 27.512 27.667 
 27.786 27.928 28 28.11 28.202 28.311 28.402 28.493 28.597 28.675 
 28.779 28.882 29.005 29.006 29.103 29.181 29.316 29.426 29.467 29.525 
 29.609 29.693 29.726 29.745 29.81 29.862 29.901 29.934 29.927 29.908 
 29.921 
3755 3755.9 3739.6 3730.4 3726.9 3719.5 3706.6 3713.1 3701.4 3691.5 
 3672.9 3653.6 3615.4 3578.4 3558.8 3526.4 3493.3 3482.5 3457.4 3462.7 
 3463 3442.2 3437.2 3405 3375.1 3335.3 3278 3219.1 3158.1 3101.3 
 3039.9 2990.6 2909 2824.8 2745.5 2645.5 2544 2453.3 2361.8 2257.1 
 2164.5 2067.2 1978.9 1886.3 1796.4 1710.5 1625.9 1547.3 1471.4 1403.8 
 1333.3 1271 1209.6 1167.3 1133.3 1110.1 1092.7 1079.1 1071.6 1078.3 
 1103.4 1146 1204.7 1262.1 1324.4 1396.5 1483.6 1577.5 1666.5 1737.9 
 1801.6 1844.1 1849 1832.3 1784.4 1720.3 1642.2 1534.9 1421.2 1306.6 
 1188.5 1061.4 927.25 792.39 656.52 536.32 440.12 344.17 267.14 215.82 
 188.03 163.8 141.53 120.52 102.57 84.932 69.569 59.177 51.568 46.703 
 43.161 40.374 38.099 36.238 34.665 33.3 32.139 31.198 30.161 29.264 
 28.265 27.197 26.095 25.06 24.116 23.199 22.372 21.689 21.435 21.532 
 21.697 21.889 22.06 22.208 22.33 22.506 22.677 22.908 23.091 23.323 
 23.565 23.818 24.097 24.356 24.615 24.886 25.12 25.433 25.654 25.907 
 26.09 26.327 26.517 26.685 26.84 27.003 27.099 27.242 27.34 27.488 
 27.579 27.664 27.76 27.89 27.962 28.112 28.266 28.359 28.456 28.618 
 28.773 28.858 29 29.091 29.169 29.267 29.402 29.512 29.571 29.668 
 29.746 29.81 29.844 29.908 29.954 29.992 30.044 30.012 29.966 29.927 
 29.921 
3755 3748.8 3741.6 3734.9 3732.4 3717.6 3717.3 3715 3689.1 3667.9 
 3643 3605 3581 3569.6 3567.3 3559.6 3566.5 3551.4 3533.4 3504.8 
 3455.9 3409.7 3362.3 3328.1 3280.8 3231.3 3177.9 3097.9 3012.4 2939.5 
 2856 2783.9 2697.9 2639.3 2555.7 2476.5 2394.6 2310.9 2229.6 2144.3 
 2068.2 1986.8 1911 1838.5 1779.8 1725.9 1690.4 1661.2 1648.4 1628 
 1621.1 1622.6 1618.4 1631 1644.5 1662.4 1686.5 1712.7 1747.5 1789.3 
 1843.8 1914 1986.1 2064.2 2122.3 2172.8 2190.3 2157.3 2074.7 1947.1 
 1785.6 1610.4 1425 1249.5 1094.6 962.73 851.76 760.19 678.31 603.04 
 524.82 450.43 388.88 339.74 300.07 263.68 231.39 205.8 180.3 162.51 
 149.55 137.03 125.53 115.19 104.71 93.781 82.595 72.41 61.89 53.139 
 47.58 43.514 40.108 37.046 34.451 32.318 30.769 29.478 28.445 27.497 
 26.661 25.802 25.057 24.412 23.772 23.22 22.727 22.393 22.113 21.898 
 21.741 21.636 21.598 21.604 21.814 22.016 22.242 22.522 22.751 22.99 
 23.228 23.517 23.729 23.998 24.307 24.587 24.891 25.213 25.46 25.713 
 25.97 26.223 26.46 26.774 27.02 27.219 27.388 27.577 27.74 27.83 
 27.953 28.058 28.116 28.22 28.324 28.435 28.519 28.617 28.727 28.862 
 28.986 29.101 29.233 29.265 29.35 29.452 29.595 29.674 29.739 29.835 
 29.939 29.966 29.96 30.044 30.07 30.102 30.09 30.07 30.031 29.992 
 29.921 
3755 3753 3738.9 3723.6 3724.6 3725.3 3714.1 3712.8 3696.1 3676.4 
 3628.3 3604.4 3584.4 3565.9 3574 3581.9 3578.9 3560.8 3527.1 3474.8 
 3427 3381.1 3344.2 3310.1 3270.1 3197.2 3124.1 3022.3 2929.3 2844.2 
 2771.4 2699.3 2624.5 2537.9 2453.3 2364.5 2280.4 2191.4 2114.7 2025.1 
 1947.4 1879.4 1820.2 1780 1748.4 1737.1 1731.9 1740.3 1741.3 1743.3 
 1741.8 1747.2 1774.9 1818.4 1868.9 1915.1 1946.1 1960.8 1986.1 2041.2 
 2126.9 2226.9 2319.4 2359.8 2354.8 2310.3 2223 2088.3 1907 1707.1 
 1491 1280.2 1081.6 932.57 829.46 756.26 684.94 608.46 535.62 457.81 
 397.07 336.32 300.05 265.56 238.45 212.36 189.76 172.33 156.91 144.83 
 134.85 125.02 116.46 109.36 102.83 96.694 90.513 84.558 78.508 72.596 
 66.686 61.328 56.709 52.55 48.658 45.099 41.858 39.143 36.771 34.676 
 32.928 31.401 30.168 29.067 27.955 26.945 26.039 25.297 24.612 24.058 
 23.596 23.245 23.005 22.823 22.831 22.967 23.11 23.279 23.447 23.617 
 23.791 23.954 24.181 24.35 24.62 24.854 25.091 25.362 25.597 25.859 
 26.134 26.343 26.583 26.835 27.021 27.248 27.43 27.6 27.742 27.8 
 27.827 28.003 28.281 28.429 28.526 28.611 28.695 28.799 28.858 28.987 
 29.058 29.175 29.246 29.28 29.364 29.454 29.597 29.643 29.714 29.772 
 29.811 29.856 29.888 29.947 30.012 30.064 30.09 30.07 30.038 30.025 
 29.921 
3755 3747.4 3746.8 3731.8 3725.6 3716.9 3713.5 3706.7 3690.5 3674.7 
 3634.8 3602.5 3580.4 3579.6 3565.6 3573.9 3572.5 3555.8 3538.7 3505.8 
 3461.8 3406.2 3363.5 3316.6 3289.3 3235.5 3186.9 3103.5 3022.9 2930.8 
 2854.8 2779.3 2701.4 2639.2 2552.4 2471.2 2390.3 2297.9 2221.6 2142.5 
 2069 1984.7 1902.1 1833.5 1772.8 1720.4 1683.2 1653.4 1630.9 1620.6 
 1613.9 1608.5 1613.8 1613.7 1623.2 1645.8 1672.8 1706.8 1746 1787.6 
 1834.9 1895.2 1961.9 2042.1 2121.1 2188.9 2209 2172.4 2086.9 1968.3 
 1800.2 1615.9 1417.4 1232.8 1076 950.21 851.85 761.61 686.65 612.71 
 530.08 452.4 386.03 334.22 293.37 258.53 227.04 201.43 175.83 157.88 
 145.35 133.94 123.1 111.48 100.42 89.759 79.26 69.6 60.747 52.306 
 45.067 41.326 38.237 35.502 32.92 30.722 29.102 27.978 27.16 26.465 
 25.792 25.184 24.617 24.075 23.487 22.998 22.653 22.358 22.152 21.982 
 21.799 21.721 21.656 21.694 21.882 22.055 22.269 22.464 22.68 22.918 
 23.135 23.433 23.686 23.949 24.205 24.45 24.775 25.126 25.385 25.619 
 25.897 26.155 26.415 26.583 26.843 27.071 27.222 27.414 27.616 27.72 
 27.831 27.935 28.02 28.117 28.182 28.247 28.363 28.409 28.493 28.551 
 28.507 28.712 28.843 28.928 29.056 29.129 29.27 29.33 29.369 29.46 
 29.531 29.57 29.635 29.674 29.72 29.771 29.797 29.856 29.804 29.785 
 29.921 
3755 3746 3750.5 3731.6 3723 3720.7 3724.8 3707.2 3707.3 3686.1 
 3675.3 3649.3 3609.4 3576.2 3550.2 3523.4 3506.1 3486.9 3474.9 3460 
 3463.3 3437.9 3424.3 3400.9 3368.4 3316.4 3275 3200 3148.2 3075.8 
 3019.3 2972.3 2895.4 2817.1 2723.7 2633.3 2534.5 2429.4 2341.9 2237.4 
 2140.6 2048.3 1955.8 1860.6 1773.2 1682.8 1602.1 1523.2 1455 1380.3 
 1318.1 1253 1198 1151.3 1120.6 1102 1088.8 1082 1076.3 1076.9 
 1094.6 1136.6 1196.5 1267.5 1337.8 1410.3 1483.5 1580.3 1674.1 1755 
 1817.9 1857.8 1870.9 1841.2 1790.7 1720.5 1639.2 1540.3 1427 1308.5 
 1191.7 1066.6 934.93 798.7 663.12 541.6 446.37 351.14 275.46 221.39 
 192.53 168.79 147.63 128.91 111.04 93.089 77.089 62.136 52.242 47.408 
 43.468 40.326 37.91 35.911 34.179 32.833 31.674 30.694 29.708 28.771 
 27.723 26.616 25.548 24.494 23.615 22.659 21.871 21.293 21.156 21.321 
 21.567 21.78 21.988 22.162 22.338 22.513 22.729 22.953 23.167 23.433 
 23.654 23.935 24.161 24.409 24.705 24.971 25.208 25.472 25.691 25.957 
 26.145 26.399 26.554 26.737 26.904 27.016 27.145 27.241 27.371 27.464 
 27.573 27.638 27.716 27.8 27.91 28.028 28.131 28.235 28.339 28.474 
 28.578 28.733 28.812 28.916 29.006 29.091 29.201 29.317 29.371 29.493 
 29.532 29.603 29.655 29.681 29.739 29.785 29.83 29.81 29.778 29.765 
 29.921 
3755 3756.2 3746.8 3740.9 3722.5 3724.8 3733.3 3723.1 3710.1 3694.8 
 3662.2 3615.2 3585.6 3566.8 3568.5 3563.7 3566.1 3561.5 3538.9 3509.6 
 3455.2 3412.8 3363.5 3331.1 3292.4 3248.6 3190.6 3110.2 3034.5 2957.2 
 2874.5 2789.7 2724.5 2646.5 2575.3 2499.9 2414.3 2339.1 2256.2 2175.8 
 2102.5 2024 1954 1883.1 1827.6 1780.7 1732.5 1701.2 1679.3 1657.7 
 1645.3 1645 1642.6 1650 1661.9 1679 1699.9 1723.2 1751.4 1785.2 
 1827.8 1893.8 1959.5 2023 2069 2097.2 2112 2097 2043.3 1941.9 
 1796 1638.6 1460.7 1291 1132.5 991.4 883.38 787.09 707.58 641.02 
 572.4 501.24 433.47 375.34 329.49 293.02 260.13 228.47 203.04 177.63 
 161.08 147.36 134.86 123.82 112.73 101.64 90.322 78.819 67.883 58.945 
 52.437 47.387 43.22 39.382 36.227 33.582 31.606 30.176 29.065 28.024 
 27.163 26.358 25.635 24.88 24.171 23.505 22.92 22.454 22.099 21.826 
 21.631 21.444 21.384 21.364 21.434 21.668 21.898 22.25 22.495 22.735 
 23.084 23.335 23.58 23.883 24.171 24.512 24.786 25.084 25.41 25.715 
 25.993 26.239 26.532 26.758 26.994 27.19 27.368 27.546 27.669 27.825 
 27.934 28 28.11 28.162 28.143 28.265 28.466 28.577 28.707 28.792 
 28.883 29.055 29.142 29.214 29.278 29.33 29.504 29.557 29.622 29.674 
 29.751 29.784 29.791 29.855 29.882 29.901 29.94 29.934 29.869 29.849 
 29.921 
3755 3754.7 3749.9 3743.2 3742.9 3738.3 3738.9 3728.3 3711.2 3687.2 
 3650.5 3624.4 3603.1 3603.6 3601 3599.7 3601.8 3575.5 3541.9 3489 
 3445.8 3401.3 3374.5 3326.2 3280.3 3216.8 3148.6 3060.2 2972.8 2882.2 
 2808.3 2729.9 2659.3 2576.1 2491.4 2416.4 2333.4 2251.2 2172.1 2093.8 
 2019.2 1955.5 1896.9 1849.8 1820.7 1798 1785.2 1777.7 1782.1 1790.8 
 1791.6 1806.6 1820.5 1842.3 1878.3 1917.8 1956.7 1983.6 2016.4 2064.3 
 2110.9 2169.8 2223.4 2259.5 2280.8 2261 2202.6 2102.9 1966 1804.7 
 1618.1 1423 1235.7 1056.2 907.11 794.26 713.97 652.34 595.74 540.78 
 479.3 412.84 356.35 313.25 274.21 245.59 220.11 198.68 177.28 159.39 
 145.46 134.79 124.48 115.69 108.07 100.78 94.159 87.622 81.412 75.095 
 68.818 63.085 58.169 53.725 49.566 45.819 42.237 39.152 36.371 33.94 
 31.895 30.043 28.442 27.073 25.792 24.649 23.584 22.71 21.981 21.379 
 20.817 20.36 20.007 19.759 19.505 19.424 19.488 19.572 19.721 19.894 
 20.089 20.252 20.5 20.738 20.966 21.279 21.595 21.88 22.177 22.438 
 22.665 22.913 23.153 23.373 23.567 23.775 23.963 24.209 24.442 24.676 
 24.821 25.014 25.188 25.326 25.437 25.579 25.747 25.865 26.044 26.182 
 26.356 26.565 26.754 27.018 27.227 27.471 27.706 27.931 28.155 28.389 
 28.569 28.791 29.018 29.248 29.414 29.563 29.737 29.868 30.023 30.18 
 29.921 
3755 3746.5 3743 3742.9 3736.6 3741.5 3735.7 3730.7 3718.5 3691.4 
 3663.4 3650.5 3614.2 3593 3593.2 3579.5 3590.8 3592.2 3563.5 3533.9 
 3496.3 3454.4 3405.4 3365.8 3324.7 3294 3235.4 3173.5 3085 3015.8 
 2931.8 2850.6 2771.2 2699.1 2634.7 2562.2 2482.1 2395.8 2323.7 2242 
 2165.6 2089.5 2011 1942.6 1886 1829.9 1780.3 1747.2 1714.6 1699.6 
 1683.8 1677.1 1675.8 1676.7 1682.6 1698.5 1713.6 1738.2 1759.7 1791.6 
 1832.8 1879.9 1930.6 1986.5 2038.5 2081.7 2118.1 2136 2108.5 2054.2 
 1941 1807.6 1649.4 1477.9 1299.3 1138.9 997.4 881.21 788.38 713.21 
 647.13 583.68 511.77 440.18 383.49 326.98 285.45 249.29 217.9 191.52 
 168.42 152.75 139.09 126.83 115.63 105.05 94.48 83.205 71.601 61.13 
 51.108 42.781 39.027 35.877 33.105 30.76 28.767 27.236 25.985 24.922 
 23.982 23.118 22.307 21.579 20.997 20.378 19.87 19.428 19.076 18.806 
 18.619 18.417 18.308 18.263 18.276 18.422 18.659 18.953 19.204 19.49 
 19.764 20.094 20.368 20.699 20.982 21.279 21.581 21.846 22.152 22.417 
 22.649 22.867 23.104 23.313 23.551 23.7 23.914 24.13 24.322 24.485 
 24.647 24.791 24.946 25.069 25.257 25.348 25.523 25.646 25.808 25.998 
 26.185 26.407 26.641 26.879 27.126 27.304 27.548 27.723 27.936 28.157 
 28.34 28.507 28.741 28.948 29.078 29.255 29.409 29.52 29.655 29.752 
 29.921 
3755 3755.6 3759 3745.7 3735.1 3729.5 3735.2 3730.4 3735.2 3717.3 
 3711.8 3690.4 3666.3 3635.7 3595 3561.8 3537.5 3515.3 3495 3489.6 
 3488.9 3483.3 3476.6 3464.4 3434.9 3386.8 3341.4 3287.4 3234.6 3164.9 
 3104.3 3048.1 2982.5 2921.1 2830.7 2745.6 2648.2 2555.7 2460.5 2359.1 
 2260.4 2163.1 2069 1977.5 1891.2 1805.7 1718.5 1633.6 1559.2 1478.2 
 1410.3 1343.5 1281.2 1226.2 1181.1 1147.1 1124.7 1110.7 1104.2 1098.8 
 1104.6 1121.1 1158.3 1217.6 1280.5 1345.5 1416 1491.1 1583.9 1667.3 
 1751.3 1803.1 1848.9 1871.6 1860.4 1818.5 1748.1 1672.5 1581 1470.3 
 1356.5 1237.1 1111.9 987.29 854.04 724.17 598.19 487.13 389.87 306.69 
 233.07 197.16 161.25 135.71 114.91 96.44 79.933 66.256 55.334 48.743 
 44.369 40.978 38.355 36.057 34.158 32.534 31.16 29.991 28.952 28.01 
 27.056 26.092 25.08 23.977 22.891 21.85 20.869 19.994 19.157 18.672 
 18.523 18.592 18.749 18.878 19.034 19.164 19.268 19.462 19.638 19.837 
 20.084 20.378 20.635 20.935 21.22 21.506 21.816 22.044 22.307 22.571 
 22.762 23.028 23.172 23.315 23.485 23.647 23.796 23.907 24.023 24.132 
 24.269 24.347 24.445 24.548 24.698 24.801 24.949 25.1 25.273 25.488 
 25.695 25.934 26.164 26.41 26.651 26.864 27.128 27.364 27.616 27.831 
 28.062 28.291 28.441 28.731 28.946 29.114 29.298 29.46 29.622 29.758 
 29.921 
3755 3757.8 3741.4 3737.2 3736.9 3749 3726.2 3729.8 3737.9 3719.5 
 3695.3 3667.3 3653 3608.7 3600.2 3593.1 3598.9 3597.8 3599.7 3587.4 
 3559 3506 3460 3406.5 3380.8 3342.2 3295.6 3247.5 3177.9 3098.7 
 3002.6 2915.8 2836.1 2762.3 2689.8 2622.5 2552.1 2466.4 2378.2 2300 
 2215.9 2134.8 2052.6 1976.8 1907.4 1841.4 1783.6 1742 1715.1 1687.5 
 1673.2 1666.5 1659.1 1658 1662.2 1673 1690 1710.5 1734.7 1763.1 
 1801.8 1847.8 1904.1 1973.3 2037 2094.8 2145.2 2173.9 2183.7 2146 
 2050.2 1918.9 1765.7 1585.7 1403.9 1217.4 1056.9 924.63 810.89 716.6 
 637.39 571.98 507.47 444.54 392.03 339.61 297.99 262.89 230.42 200.81 
 174.81 153.42 137.12 121.97 108.81 96.581 85.159 75.01 67.892 61.466 
 55.5 50.173 45.309 41.244 37.774 34.927 32.397 30.292 28.676 27.334 
 26.216 25.282 24.451 23.544 22.774 22.033 21.477 21.007 20.585 20.135 
 19.858 19.524 19.297 19.059 18.949 18.866 18.906 19.023 19.185 19.388 
 19.595 19.849 20.067 20.35 20.625 20.94 21.202 21.523 21.826 22.104 
 22.372 22.636 22.869 23.126 23.369 23.586 23.823 24.02 24.246 24.387 
 24.55 24.712 24.803 24.952 25.062 25.173 25.297 25.421 25.581 25.732 
 25.919 26.094 26.317 26.506 26.775 26.927 27.146 27.361 27.576 27.812 
 28.029 28.23 28.45 28.695 28.89 29.084 29.267 29.467 29.649 29.785 
 29.921 
3755 3761.1 3744.7 3734.7 3737.5 3746 3750.9 3744.6 3739.8 3715.9 
 3696.6 3663.6 3633.2 3607.1 3599.9 3602.2 3623.3 3616.7 3607.1 3572.9 
 3527.1 3479.4 3438 3405.9 3363.1 3336.1 3270.2 3186.4 3095.3 2992.4 
 2910.7 2828.1 2762.3 2689.4 2607.1 2517.1 2436.7 2351.1 2264.3 2182.6 
 2105.7 2023.6 1950.8 1894.6 1846.4 1809.1 1790.8 1784.7 1788.3 1793.7 
 1800.2 1801.1 1813.4 1828.6 1860.4 1896.9 1940.6 1985 2013.6 2037.7 
 2068.5 2125.2 2197.8 2286.3 2335.3 2362.7 2347.9 2281.2 2190.5 2050.4 
 1882.3 1682.7 1482.8 1274.1 1078.8 909.75 784.52 691.59 624.53 562.26 
 503.58 442.81 388.1 341.65 306.61 274.37 242.01 215.83 193.47 171.13 
 153.8 138.9 128.16 118.05 108.83 101.41 94.519 88.415 83.019 78.212 
 73.306 68.44 63.541 58.841 54.142 49.826 45.861 42.291 39.012 36.273 
 33.965 32 30.345 28.893 27.621 26.581 25.521 24.609 23.708 22.926 
 22.13 21.437 20.801 20.269 19.951 19.631 19.418 19.437 19.591 19.761 
 19.963 20.117 20.313 20.544 20.804 21.071 21.343 21.603 21.943 22.211 
 22.477 22.68 22.939 23.153 23.392 23.562 23.778 24.017 24.262 24.457 
 24.65 24.88 25.067 25.25 25.346 25.49 25.587 25.775 25.937 26.06 
 26.235 26.437 26.657 26.852 27.019 27.246 27.481 27.688 27.89 28.077 
 28.283 28.486 28.699 28.849 29.069 29.317 29.414 29.576 29.707 29.843 
 29.921 
