IESNA:LM-63-2002
[TEST] 1
[TESTLAB] 
[TESTDATE] 2024-12-23
[ISSUEDATE] 2024-12-23 13:31:30
[LAMPPOSITION] 0,0
[OTHER] EVERFINE GO-2000A_V1 SYSTEM
[MANUFAC] 
[LUMINAIRE] 70W-4000K
[LAMP] CP08-10-80L-S2D5C3
TILT=NONE
1 11354 1 181 17 1 2 0.250 0.250 0.000
1.000 1 68.0743
0.0    1.0    2.0    3.0    4.0    5.0    6.0    7.0    8.0    9.0    
 10.0   11.0   12.0   13.0   14.0   15.0   16.0   17.0   18.0   19.0   
 20.0   21.0   22.0   23.0   24.0   25.0   26.0   27.0   28.0   29.0   
 30.0   31.0   32.0   33.0   34.0   35.0   36.0   37.0   38.0   39.0   
 40.0   41.0   42.0   43.0   44.0   45.0   46.0   47.0   48.0   49.0   
 50.0   51.0   52.0   53.0   54.0   55.0   56.0   57.0   58.0   59.0   
 60.0   61.0   62.0   63.0   64.0   65.0   66.0   67.0   68.0   69.0   
 70.0   71.0   72.0   73.0   74.0   75.0   76.0   77.0   78.0   79.0   
 80.0   81.0   82.0   83.0   84.0   85.0   86.0   87.0   88.0   89.0   
 90.0   91.0   92.0   93.0   94.0   95.0   96.0   97.0   98.0   99.0   
 100.0  101.0  102.0  103.0  104.0  105.0  106.0  107.0  108.0  109.0  
 110.0  111.0  112.0  113.0  114.0  115.0  116.0  117.0  118.0  119.0  
 120.0  121.0  122.0  123.0  124.0  125.0  126.0  127.0  128.0  129.0  
 130.0  131.0  132.0  133.0  134.0  135.0  136.0  137.0  138.0  139.0  
 140.0  141.0  142.0  143.0  144.0  145.0  146.0  147.0  148.0  149.0  
 150.0  151.0  152.0  153.0  154.0  155.0  156.0  157.0  158.0  159.0  
 160.0  161.0  162.0  163.0  164.0  165.0  166.0  167.0  168.0  169.0  
 170.0  171.0  172.0  173.0  174.0  175.0  176.0  177.0  178.0  179.0  
 180.0  
0.0    22.5   45.0   67.5   90.0   112.5  135.0  157.5  180.0  202.5  
 225.0  247.5  270.0  292.5  315.0  337.5  360.0  
3833.9 3834.6 3830 3821.5 3816.3 3815.8 3818.8 3819.9 3815.2 3798.9 
 3770.7 3734.5 3699.7 3678.7 3672.8 3681.7 3692.8 3696.4 3681.6 3644 
 3594.1 3543.1 3502.4 3473 3446.3 3404.1 3338.3 3247.8 3144.6 3042.9 
 2955 2881.7 2814.2 2742.2 2659.5 2568.2 2476.1 2389.5 2306.9 2226 
 2143.5 2062.7 1987.6 1924.4 1874.9 1841.1 1821.6 1814.2 1816.4 1822.8 
 1827.4 1828.4 1831.7 1846.4 1877.1 1922.3 1971.5 2011.4 2037.2 2055.5 
 2084.4 2140.1 2218.6 2302.8 2366.4 2388.3 2362.2 2295.7 2200.2 2070.3 
 1896.7 1695.6 1488.6 1284.4 1088.5 918.91 792 702.33 634.13 572.63 
 515.28 461.7 408.33 357.96 317.18 279.46 244.68 217.12 194.79 172.48 
 153.64 138.19 127.59 118.23 109.76 102.88 96.103 90.035 84.291 79.089 
 74.039 69.087 64.126 59.262 54.667 50.388 46.419 42.751 39.518 36.75 
 34.392 32.433 30.771 29.31 28 26.909 25.885 24.931 24.054 23.223 
 22.443 21.742 21.124 20.611 20.256 19.956 19.788 19.768 19.91 20.071 
 20.239 20.448 20.676 20.904 21.157 21.438 21.716 22.009 22.292 22.576 
 22.836 23.083 23.315 23.548 23.777 24.002 24.218 24.444 24.677 24.897 
 25.111 25.318 25.482 25.658 25.8 25.957 26.098 26.254 26.409 26.564 
 26.74 26.928 27.111 27.326 27.537 27.753 27.971 28.181 28.407 28.609 
 28.836 29.031 29.25 29.46 29.658 29.856 30.025 30.154 30.291 30.42 
 30.518 
3833.9 3837.1 3831.5 3822.2 3815.1 3811.2 3809.8 3811.3 3809.4 3798.2 
 3776.4 3745.2 3710.4 3680.2 3660.6 3655.8 3663.6 3673.2 3676 3661.2 
 3627.2 3577.6 3524.1 3476.6 3438.8 3408.4 3373.3 3323.4 3251 3161.3 
 3064.2 2969.9 2887.7 2816.8 2750.1 2679.6 2601.8 2516.5 2427.8 2342.7 
 2259.1 2178 2098.8 2019.9 1944.2 1875.2 1816.4 1768.6 1734.5 1709.8 
 1694.5 1686 1682.8 1683 1687.7 1696.9 1710.1 1730.1 1756.4 1789 
 1828 1873.2 1923.6 1981.1 2046.8 2117.1 2186.5 2236.2 2245.9 2203.2 
 2106.1 1973.4 1816.2 1635.4 1443.2 1252.6 1082.8 939.57 825.47 732.01 
 647.56 572.37 502.39 435.99 384.23 332.53 288.77 252.3 217.6 185.5 
 157.55 135.14 119.67 105.83 93.418 83.147 73.909 65.969 59.526 53.872 
 48.775 44.023 40.078 36.621 33.844 31.51 29.545 27.831 26.452 25.352 
 24.439 23.593 22.773 21.945 21.175 20.57 20.044 19.555 19.136 18.793 
 18.528 18.352 18.217 18.204 18.211 18.284 18.453 18.726 18.994 19.285 
 19.611 19.935 20.268 20.599 20.92 21.254 21.58 21.897 22.202 22.483 
 22.755 23.014 23.248 23.473 23.696 23.902 24.115 24.292 24.486 24.661 
 24.848 25.011 25.168 25.322 25.472 25.603 25.777 25.939 26.114 26.307 
 26.518 26.737 26.96 27.185 27.399 27.62 27.836 28.068 28.296 28.527 
 28.75 28.969 29.184 29.403 29.61 29.779 29.928 30.051 30.162 30.285 
 30.518 
3833.9 3835.6 3829.3 3820.2 3810.7 3802.8 3801.2 3802.6 3802.4 3800 
 3790.1 3770.6 3742.3 3709.1 3670.7 3636.4 3604.7 3580.4 3565 3555.5 
 3550.5 3548.5 3543 3531.5 3509.1 3474.1 3425.6 3371.2 3308.8 3246.8 
 3185.7 3126.3 3064.4 2995 2916.7 2826.6 2730.3 2628 2526 2423.2 
 2321.7 2223.9 2127 2033.4 1941.2 1850.3 1762.4 1677.3 1596.3 1517.6 
 1444.3 1373.7 1309 1252.9 1205.1 1168.1 1141.3 1123 1112.8 1110.6 
 1117.9 1137.3 1170.4 1217.8 1276.3 1344.1 1418.7 1500.7 1591.1 1682.1 
 1770.5 1845 1898.4 1922.7 1913.6 1871 1805.1 1723.2 1622.1 1508.5 
 1384.8 1259.5 1129.2 994.71 853.98 716.57 588.17 475.18 379.88 299.01 
 228.22 194.15 160.09 132.96 108.49 86.543 70.552 59.607 52.166 47.343 
 43.531 40.607 38.108 36.035 34.284 32.768 31.424 30.214 29.241 28.326 
 27.394 26.485 25.469 24.322 23.208 22.138 21.17 20.207 19.341 18.731 
 18.537 18.548 18.715 18.865 19.022 19.158 19.326 19.512 19.721 19.948 
 20.201 20.469 20.751 21.045 21.339 21.635 21.917 22.178 22.439 22.685 
 22.926 23.141 23.355 23.537 23.725 23.874 24.035 24.158 24.302 24.432 
 24.542 24.664 24.775 24.879 24.983 25.132 25.287 25.445 25.626 25.846 
 26.078 26.306 26.558 26.785 27.02 27.274 27.505 27.747 27.986 28.214 
 28.447 28.701 28.932 29.172 29.376 29.564 29.739 29.9 30.064 30.212 
 30.518 
3833.9 3836.5 3830.3 3822.2 3814.9 3811 3808.6 3805.8 3797.9 3781.4 
 3753.5 3720.8 3687.1 3662.4 3649.7 3648.3 3656.2 3659.8 3651.9 3628.2 
 3587.9 3540.4 3491.5 3449.6 3412.9 3374.3 3325.7 3259.2 3179.7 3092.8 
 3003.9 2920.9 2845.6 2775.7 2703.3 2628.2 2549.6 2468.3 2385.9 2305.4 
 2223.4 2142.1 2062.7 1987 1916.8 1856.7 1807.8 1769.8 1742.4 1724.2 
 1711.9 1704 1698.1 1696.9 1701.8 1715.2 1736.7 1763.5 1792.2 1821.6 
 1854.7 1896.5 1952.1 2020.6 2093.7 2158.7 2201.8 2211.1 2183.6 2110.2 
 1996.2 1848.4 1678.2 1497.4 1321.8 1158.4 1019.5 903.6 806.83 718.99 
 638.01 562.77 489.05 426.37 377.4 328.44 291.25 257.03 225.04 196.96 
 172.05 156.24 142.49 129.51 117.4 105.16 92.924 81.167 69.994 59.485 
 53.125 48.096 43.577 39.711 36.303 33.629 31.219 29.22 27.713 26.455 
 25.375 24.329 23.422 22.601 21.911 21.279 20.745 20.294 19.921 19.604 
 19.349 19.132 18.916 18.801 18.756 18.788 18.945 19.127 19.329 19.544 
 19.777 20.021 20.284 20.543 20.841 21.139 21.455 21.744 22.032 22.324 
 22.617 22.871 23.144 23.395 23.638 23.857 24.085 24.298 24.506 24.673 
 24.842 24.998 25.133 25.263 25.401 25.53 25.652 25.802 25.959 26.133 
 26.31 26.509 26.717 26.938 27.152 27.361 27.582 27.807 28.041 28.27 
 28.488 28.723 28.956 29.19 29.409 29.611 29.805 29.993 30.161 30.317 
 30.518 
3833.9 3831 3825 3814.6 3808.8 3807.3 3807.2 3805.3 3794.5 3771.2 
 3739.4 3702.8 3672.8 3655.6 3652.4 3658.1 3663.3 3654.7 3627.6 3583.5 
 3534 3485.7 3448.3 3416.1 3377.8 3323.5 3248.3 3155.8 3058.2 2967.9 
 2888.4 2817.3 2744.4 2665.6 2579.9 2491.2 2404.9 2321.3 2237.7 2152.9 
 2069.1 1992.3 1924.1 1869.4 1829.8 1803.8 1789.6 1785.4 1786.1 1787.4 
 1789 1793.2 1808 1836 1876.5 1921.6 1961.8 1989.6 2013.1 2045 
 2098.8 2176.4 2261.5 2330.7 2359.8 2344 2287.5 2198.3 2068.6 1900.9 
 1707.2 1500.7 1299.7 1112.1 955.85 837.12 747.62 672.66 603.71 539.97 
 479.01 420.89 374.49 328.09 287.39 253.64 226.07 201.13 179.54 160.49 
 145.21 134.96 125.74 117.32 110.26 103.43 96.889 90.469 84.035 78.014 
 72.42 67.562 62.884 58.44 54.256 50.481 46.906 43.689 40.86 38.364 
 36.161 34.205 32.483 30.861 29.554 28.386 27.302 26.365 25.591 24.956 
 24.382 23.904 23.514 23.225 23.025 22.96 23.006 23.181 23.357 23.544 
 23.752 23.954 24.167 24.395 24.622 24.859 25.146 25.446 25.688 25.954 
 26.212 26.472 26.737 26.99 27.249 27.479 27.717 27.929 28.125 28.313 
 28.481 28.617 28.753 28.864 28.987 29.117 29.228 29.332 29.435 29.545 
 29.643 29.746 29.843 29.948 30.071 30.175 30.278 30.388 30.493 30.564 
 30.609 30.687 30.725 30.797 30.862 30.888 30.887 30.868 30.842 30.81 
 30.518 
3833.9 3829.3 3819.9 3809.3 3799.5 3795.8 3792.8 3789.4 3780.9 3761.3 
 3733.1 3697.7 3664.1 3638.3 3625.7 3625.5 3629 3629 3617 3588 
 3544.3 3493.5 3445.8 3403.2 3364.9 3325.7 3273.7 3207.3 3126 3039.3 
 2952.4 2872.5 2797.7 2725 2650.9 2571.7 2491.3 2407.1 2323.8 2241.3 
 2158.9 2077.6 1998.9 1924.6 1858.3 1802.7 1756.7 1721.2 1696.1 1678.5 
 1667.3 1661.7 1659.8 1663.3 1673.9 1690.6 1714.5 1742.6 1775.7 1813 
 1858.1 1914 1979.2 2051.2 2118.4 2169.1 2193.1 2176.5 2115 2010.9 
 1870.5 1707.6 1530.4 1355.5 1189.1 1042.8 919.94 813.3 718.85 632.14 
 553.91 482.52 420.19 366.74 320.91 283.86 248.94 215.87 191.23 166.64 
 151.95 139.74 126.96 114.53 102.06 89.833 77.471 67.325 58.976 52.979 
 48.114 43.826 40.022 36.782 34.434 32.523 30.976 29.665 28.579 27.709 
 26.877 26.119 25.437 24.758 24.122 23.612 23.19 22.832 22.554 22.339 
 22.195 22.078 22.019 21.999 21.993 22.108 22.309 22.515 22.737 22.983 
 23.244 23.517 23.786 24.066 24.351 24.663 24.977 25.282 25.559 25.85 
 26.143 26.422 26.675 26.945 27.175 27.404 27.624 27.786 27.952 28.103 
 28.24 28.349 28.48 28.577 28.675 28.785 28.908 29.019 29.121 29.232 
 29.336 29.414 29.485 29.563 29.68 29.784 29.856 29.953 30.043 30.109 
 30.167 30.245 30.264 30.329 30.394 30.446 30.479 30.492 30.492 30.492 
 30.518 
3833.9 3829.1 3818.9 3807.8 3795.4 3787.4 3783.4 3782.2 3779.4 3770.7 
 3754.1 3729.7 3696.9 3661.1 3625.4 3593.2 3566.9 3547.9 3534.6 3525.3 
 3518.5 3510.5 3497.6 3473.6 3440.1 3394.9 3339.9 3280.6 3219.3 3159.2 
 3097.1 3032.9 2960.4 2879.5 2788.9 2692.6 2593.5 2494.3 2394.9 2296.8 
 2198.3 2101.9 2007.2 1915.2 1826.3 1739.3 1656.3 1575.4 1499.8 1425.1 
 1356 1293.1 1237.8 1193 1158.5 1133.1 1114.6 1102.9 1099.2 1108.3 
 1131.7 1169.9 1219.7 1276.7 1340.4 1412.8 1496.2 1584.1 1673.1 1752.5 
 1817.3 1860 1872.1 1853.9 1809.3 1743 1660.4 1557.8 1440.6 1321.7 
 1197.8 1070.2 934.14 795.37 660.18 538.82 442.73 346.95 268.77 217.17 
 189.39 164.81 142.41 121.65 103.55 85.945 70.443 59.762 52.097 47.19 
 43.648 40.898 38.591 36.635 35.051 33.738 32.588 31.602 30.596 29.68 
 28.682 27.57 26.447 25.377 24.426 23.507 22.663 22.012 21.766 21.846 
 22.032 22.208 22.377 22.52 22.661 22.818 23.006 23.195 23.416 23.661 
 23.902 24.168 24.448 24.703 24.984 25.251 25.522 25.788 26.035 26.281 
 26.508 26.742 26.949 27.12 27.28 27.437 27.579 27.697 27.833 27.961 
 28.072 28.197 28.313 28.417 28.534 28.677 28.812 28.929 29.071 29.209 
 29.35 29.447 29.559 29.65 29.771 29.895 30 30.09 30.208 30.285 
 30.336 30.414 30.453 30.518 30.583 30.576 30.576 30.569 30.537 30.498 
 30.518 
3833.9 3826.9 3816.4 3805.5 3798 3794.6 3791.4 3785 3771.2 3746 
 3713.9 3681.1 3653.1 3636.1 3632 3635.8 3640 3634.5 3612.7 3574.3 
 3525 3474.3 3429.1 3390.2 3351.1 3302.8 3239.8 3160.8 3071.2 2982.9 
 2899.5 2823.2 2751.1 2676.5 2598.4 2514.3 2429.5 2345.3 2262.1 2179.1 
 2095.6 2014.1 1936.1 1864.8 1803.4 1754.1 1716.4 1690 1672.1 1660 
 1652 1646.5 1647.4 1654.7 1670.5 1692.2 1718.8 1748 1780.6 1822.6 
 1876.4 1944.6 2020.6 2099 2167 2213 2226.4 2190.1 2099.5 1968 
 1804.4 1622.9 1435.9 1255.3 1102 974.25 865.96 773.14 687.59 607.22 
 526.11 451.84 388.67 339.47 300.34 266.13 233.69 207.9 182.15 164.24 
 151.59 139.44 128.14 117.65 106.75 95.469 84.087 73.477 62.921 53.852 
 48.179 44.101 40.65 37.594 34.957 32.804 31.232 29.914 28.838 27.926 
 27.042 26.232 25.513 24.817 24.17 23.585 23.13 22.755 22.47 22.235 
 22.059 21.987 21.941 21.922 22.077 22.283 22.522 22.783 23.04 23.292 
 23.543 23.801 24.062 24.347 24.644 24.938 25.222 25.504 25.797 26.097 
 26.356 26.612 26.864 27.196 27.447 27.654 27.844 28.02 28.169 28.298 
 28.433 28.531 28.635 28.726 28.824 28.94 29.064 29.168 29.298 29.419 
 29.531 29.64 29.725 29.797 29.932 30.043 30.147 30.25 30.348 30.4 
 30.459 30.53 30.563 30.602 30.647 30.686 30.686 30.686 30.661 30.602 
 30.518 
3833.9 3826.6 3815.4 3806.3 3800.9 3799.6 3798 3790.2 3773.3 3744.9 
 3710.7 3677.9 3656.6 3647.7 3651.4 3657.7 3654.9 3634 3595.9 3542.7 
 3492 3450.6 3418.6 3383.5 3334.7 3263.3 3171.7 3070.8 2975.3 2893.1 
 2819.4 2746.5 2665.9 2577.1 2485.3 2396.6 2312 2228.7 2145.2 2060.4 
 1978.4 1907.1 1848.1 1805.3 1776 1761.9 1759.4 1763.5 1768.3 1766.6 
 1764.1 1770.8 1797.1 1842.7 1898.5 1945 1972.1 1985.2 2006.5 2059.4 
 2146.8 2255.5 2342.7 2381 2368.5 2318.8 2234.9 2105.9 1921.8 1712.1 
 1494.2 1283.4 1085.7 932.8 832.11 760.14 689.36 618.86 552.77 480.44 
 415.31 350.39 309.09 271.08 241.83 216.02 192.44 172.55 155.49 143.02 
 133.96 125.35 117.9 111.12 104.59 98.189 91.841 85.558 79.321 73.275 
 67.333 61.893 57.279 53.015 49.067 45.511 42.293 39.571 37.157 35.089 
 33.296 31.838 30.615 29.48 28.387 27.351 26.452 25.666 25.022 24.452 
 23.967 23.619 23.356 23.161 23.194 23.323 23.459 23.621 23.792 23.972 
 24.168 24.35 24.565 24.767 25.005 25.251 25.515 25.775 26.017 26.289 
 26.555 26.787 27.055 27.289 27.522 27.731 27.945 28.125 28.273 28.358 
 28.385 28.554 28.805 28.981 29.078 29.188 29.298 29.397 29.512 29.603 
 29.681 29.772 29.831 29.902 30.007 30.116 30.193 30.278 30.362 30.408 
 30.46 30.524 30.544 30.609 30.667 30.686 30.68 30.654 30.621 30.583 
 30.518 
3833.9 3826.5 3815.1 3804.4 3796.4 3793.1 3790.1 3782.8 3768.5 3746 
 3716.9 3685.5 3659.1 3642.4 3636.9 3640.1 3642.9 3636.1 3615.5 3577.5 
 3526.9 3476.5 3430.5 3390.9 3353.4 3309.5 3248 3170.7 3082 2990.4 
 2904.1 2826.8 2754.8 2683.9 2604.5 2519.7 2432.9 2347.2 2265.3 2183.6 
 2101 2020.4 1940.6 1866.7 1802.5 1750 1708.6 1678.5 1658.6 1646.9 
 1640.5 1638.1 1638.2 1641.7 1651.5 1670.2 1699.3 1736.3 1777.1 1818.6 
 1862.3 1916.1 1985.9 2073.8 2159.5 2218.9 2232.7 2192.8 2105.2 1979.1 
 1817 1630.8 1432.6 1246.3 1091.8 966.53 867.22 777.3 693.1 614.41 
 530.86 451.91 387.49 336.7 296.71 261.57 229.14 203.26 177.43 159.88 
 148.63 137.75 126.4 114.12 102.48 91.241 80.51 70.539 61.538 52.976 
 45.656 41.869 38.797 36.035 33.407 31.195 29.546 28.407 27.582 26.857 
 26.19 25.581 25.029 24.44 23.851 23.389 23.047 22.761 22.52 22.333 
 22.189 22.097 22.026 22.012 22.181 22.374 22.556 22.78 22.996 23.248 
 23.501 23.751 24.027 24.299 24.568 24.86 25.152 25.436 25.727 26 
 26.266 26.547 26.792 27.043 27.298 27.52 27.72 27.896 28.051 28.188 
 28.317 28.434 28.538 28.629 28.713 28.804 28.882 28.973 29.071 29.11 
 29.11 29.291 29.363 29.479 29.634 29.732 29.804 29.895 29.984 30.03 
 30.096 30.154 30.186 30.251 30.303 30.355 30.381 30.407 30.407 30.407 
 30.518 
3833.9 3826.9 3816.3 3805.1 3796.4 3791.9 3787.8 3786.2 3783.2 3772.8 
 3755.3 3727.3 3692.1 3657.3 3623.4 3593.5 3570.4 3552.4 3541.2 3534.5 
 3527.2 3517.2 3501 3473.5 3436.2 3387.9 3328.8 3266.9 3206 3145.9 
 3084 3019.9 2946.8 2865.8 2774.1 2677.9 2578 2477.7 2377.5 2277.2 
 2178.1 2080.4 1986 1892.3 1800.9 1714.2 1630.9 1551 1476.5 1406.2 
 1338.3 1275.3 1221.5 1177.5 1144.5 1122.9 1109.3 1101.1 1099.1 1107.6 
 1130 1167.5 1221.4 1287.2 1359.1 1435.7 1517.2 1605 1695.9 1777.1 
 1842.9 1883.8 1891.6 1865.3 1812 1741.9 1659.9 1558.2 1442.1 1321.6 
 1201.3 1078.8 945.22 807.88 670.41 547.25 450.51 353.76 277.42 222.9 
 194.13 170.05 149.16 130.71 112.57 94.611 78.398 62.932 52.932 47.875 
 44.065 40.923 38.428 36.381 34.68 33.303 32.164 31.163 30.169 29.225 
 28.167 27.032 25.929 24.88 23.991 23.084 22.239 21.668 21.578 21.722 
 21.957 22.168 22.345 22.507 22.682 22.858 23.059 23.28 23.514 23.759 
 24.014 24.26 24.523 24.784 25.055 25.331 25.595 25.854 26.108 26.348 
 26.575 26.79 27.002 27.184 27.352 27.501 27.638 27.755 27.879 27.982 
 28.098 28.202 28.281 28.383 28.481 28.612 28.74 28.826 28.948 29.091 
 29.208 29.319 29.409 29.494 29.604 29.733 29.838 29.941 30.038 30.116 
 30.174 30.258 30.284 30.362 30.42 30.414 30.414 30.414 30.381 30.343 
 30.518 
3833.9 3829.8 3819.9 3811.6 3805.9 3802.9 3801.9 3795.8 3782.7 3757.6 
 3725 3690.9 3663.2 3645.3 3639 3641 3642.9 3636.3 3614.2 3577.1 
 3530.4 3481.3 3437.7 3397.8 3356.9 3311.8 3253.9 3181 3097.1 3011.1 
 2927 2848.4 2773.7 2700.3 2624.8 2543.8 2462.8 2380.7 2298.5 2218.5 
 2138.2 2060.5 1986.4 1917.6 1856.7 1805.6 1764.1 1732.1 1708.7 1691.5 
 1680 1674.2 1673.5 1679.6 1692.5 1711.7 1734 1758.9 1787.4 1821.7 
 1867.3 1927.5 1995 2059.4 2109.7 2139.9 2146.5 2124 2064 1957.4 
 1813.1 1651.9 1477.8 1301.5 1138.2 999.23 887.51 795.15 717.34 647.74 
 578.02 504.64 436.79 381.1 334.74 298.44 265.45 233.5 207.5 181.55 
 164.93 151.25 138.65 127.15 115.72 104.05 92.332 80.413 69.037 59.795 
 53.237 48.034 43.897 39.999 36.781 34.118 32.083 30.673 29.452 28.458 
 27.606 26.788 26.022 25.28 24.566 23.878 23.288 22.82 22.458 22.189 
 21.962 21.8 21.715 21.701 21.74 21.971 22.239 22.521 22.813 23.094 
 23.384 23.67 23.952 24.247 24.548 24.871 25.178 25.487 25.8 26.112 
 26.407 26.693 26.946 27.205 27.422 27.641 27.829 27.994 28.149 28.286 
 28.389 28.505 28.578 28.623 28.617 28.874 29.019 29.134 29.258 29.374 
 29.491 29.577 29.666 29.739 29.861 29.959 30.043 30.128 30.219 30.277 
 30.323 30.374 30.394 30.446 30.491 30.518 30.511 30.511 30.511 30.492 
 30.518 
3833.9 3828.4 3821.6 3815.9 3813.8 3815.4 3813.5 3806 3788.1 3758.9 
 3722.9 3692.1 3671.5 3664.8 3667 3672.2 3667.4 3645.3 3606.4 3559.5 
 3509.9 3467 3432.1 3396.1 3349.9 3285.4 3202.4 3109.5 3016.7 2929.7 
 2854.1 2781 2705.7 2623.6 2538.6 2450.9 2367.1 2286.4 2207.2 2128.8 
 2053.6 1985.3 1926.4 1880 1845.2 1821.4 1808.1 1803.8 1805.8 1811.6 
 1818.4 1827.4 1843.7 1869.4 1903.4 1942.1 1979 2011.1 2042.1 2080 
 2130.3 2191.4 2248.8 2290.2 2301.9 2277.5 2215.3 2114.7 1977.4 1812.5 
 1623.7 1427.8 1238.3 1059.9 910.56 799.15 722.42 664.62 611.43 560.34 
 502.12 437.04 375.67 326.58 281.85 249.72 222.05 199.97 177.89 158.91 
 144.46 134.05 124.78 116.69 109.17 102.35 95.709 88.997 82.537 75.963 
 69.644 63.86 58.78 54.322 50.153 46.292 42.71 39.585 36.82 34.335 
 32.25 30.434 28.821 27.446 26.151 24.97 23.925 23.054 22.31 21.67 
 21.119 20.646 20.28 20.04 19.835 19.723 19.755 19.87 20.006 20.183 
 20.37 20.57 20.812 21.045 21.33 21.622 21.927 22.214 22.512 22.771 
 23.028 23.281 23.508 23.73 23.952 24.186 24.386 24.618 24.854 25.053 
 25.237 25.423 25.599 25.748 25.898 26.047 26.189 26.338 26.508 26.67 
 26.87 27.071 27.284 27.494 27.744 27.973 28.207 28.44 28.676 28.881 
 29.1 29.31 29.529 29.745 29.944 30.127 30.283 30.445 30.57 30.706 
 30.518 
3833.9 3831.5 3824.7 3819.3 3814 3811.8 3809.6 3804.4 3792.3 3770.6 
 3741.5 3708.9 3680.6 3662.4 3655 3658.2 3662.4 3658.2 3641.3 3609.4 
 3565.9 3517.4 3470.4 3429.5 3391.4 3350.3 3298.4 3231.6 3151.9 3067 
 2979.8 2900.2 2825.1 2753.2 2680.9 2603.4 2522.6 2439.8 2357.7 2279.7 
 2201.1 2124.4 2049.5 1978.5 1913.3 1856.2 1809.7 1771.6 1742.7 1721.3 
 1706.8 1698.9 1695.4 1697.5 1704.1 1716.4 1733.4 1754.4 1780.7 1812.9 
 1853.9 1902.8 1956.1 2010.7 2061.9 2106.6 2142.1 2155.7 2138.8 2077.7 
 1970.7 1832.7 1674.5 1497.1 1320.2 1152.1 1009 893.47 801.65 725.68 
 656.11 588.95 515.07 443.14 385.74 328.45 287.68 251.8 220.76 194.06 
 170.49 154.67 141.24 129.39 118.09 107.34 96.397 84.792 72.935 62.163 
 51.899 43.352 39.656 36.385 33.636 31.212 29.216 27.632 26.37 25.283 
 24.337 23.496 22.662 21.927 21.288 20.665 20.158 19.728 19.369 19.104 
 18.872 18.696 18.568 18.561 18.575 18.731 18.957 19.242 19.524 19.808 
 20.109 20.395 20.712 21.012 21.314 21.638 21.932 22.218 22.507 22.773 
 23.017 23.267 23.493 23.726 23.927 24.134 24.351 24.558 24.763 24.926 
 25.077 25.256 25.401 25.536 25.665 25.828 25.986 26.141 26.309 26.504 
 26.717 26.932 27.185 27.407 27.626 27.848 28.066 28.289 28.489 28.703 
 28.905 29.105 29.305 29.5 29.694 29.851 29.999 30.136 30.265 30.389 
 30.518 
3833.9 3833.8 3827.1 3819.3 3810.4 3803.7 3803.4 3802.7 3802 3798.5 
 3787 3767.4 3739.1 3706.2 3671.1 3637.4 3609.1 3587.2 3572.6 3564.6 
 3558.4 3552.9 3543 3526.9 3501.5 3463.9 3415.3 3359.7 3297.3 3234.3 
 3171.1 3108.9 3044.2 2972.4 2892.7 2802.7 2705.8 2606 2504.1 2402.4 
 2302.5 2203.6 2105.6 2011.8 1919.8 1828.4 1742.2 1657.8 1576.4 1500 
 1428.6 1361.5 1300.7 1248.3 1203.7 1168.6 1143.7 1127.8 1120.9 1122.3 
 1133.5 1156.2 1190.5 1236.6 1294.6 1363.4 1440.2 1523.1 1608.8 1692.1 
 1768.5 1832.2 1876.4 1896.9 1883.5 1840.4 1776.7 1696.1 1600.8 1493.7 
 1374 1250.1 1124.2 996.75 864.72 731.26 604.19 491.05 393.64 310.54 
 236.56 199.93 163.3 137.36 116.02 97.582 80.993 67.07 55.982 49.333 
 44.9 41.458 38.786 36.485 34.589 32.999 31.611 30.345 29.355 28.355 
 27.389 26.45 25.424 24.286 23.185 22.181 21.204 20.266 19.464 18.95 
 18.809 18.84 19.002 19.163 19.306 19.448 19.585 19.753 19.936 20.157 
 20.397 20.666 20.954 21.245 21.553 21.841 22.129 22.406 22.648 22.899 
 23.131 23.347 23.536 23.719 23.872 24.029 24.185 24.32 24.439 24.549 
 24.672 24.769 24.873 24.984 25.094 25.236 25.391 25.54 25.734 25.938 
 26.164 26.397 26.635 26.869 27.122 27.363 27.602 27.851 28.077 28.311 
 28.549 28.785 29.024 29.289 29.504 29.68 29.867 30.024 30.174 30.323 
 30.518 
3833.9 3835.7 3830.9 3822.9 3814.8 3810.6 3809.3 3810 3806.9 3795.1 
 3774.8 3745.7 3713.5 3686.1 3669.3 3664.7 3671.2 3678.4 3677.1 3659.5 
 3624.5 3579.1 3528.3 3480.6 3439.7 3403.5 3363.3 3311.9 3240.6 3156.1 
 3063.2 2975.7 2894.2 2819.8 2750.3 2676.3 2597.8 2513.5 2426.7 2340.6 
 2256.4 2174.1 2093.5 2015.7 1941 1873.5 1816.8 1771.6 1737.8 1714.1 
 1697.5 1687.1 1682.5 1682.1 1687.7 1699.1 1715.7 1735.7 1760.7 1790.8 
 1829.6 1877.6 1934.3 1997 2059.5 2117.6 2169.3 2207.5 2213.7 2174.1 
 2077.8 1944.1 1785.1 1605.3 1417.3 1233 1072.8 936.64 824.78 732.5 
 653.72 583.71 515.07 448.11 395.98 344.03 302.22 266.64 233.84 204.05 
 177.68 156.17 139.97 124.76 111.42 98.842 86.743 76.111 68.811 62.261 
 56.244 50.843 45.954 41.84 38.324 35.414 32.892 30.731 29.065 27.765 
 26.63 25.666 24.8 23.939 23.115 22.414 21.83 21.304 20.841 20.472 
 20.129 19.831 19.564 19.332 19.196 19.146 19.204 19.348 19.523 19.698 
 19.919 20.168 20.411 20.686 20.973 21.262 21.568 21.872 22.171 22.46 
 22.742 23.014 23.287 23.538 23.771 24.011 24.234 24.467 24.667 24.848 
 25.023 25.172 25.297 25.426 25.536 25.654 25.777 25.912 26.076 26.236 
 26.438 26.632 26.836 27.047 27.262 27.458 27.678 27.917 28.157 28.377 
 28.606 28.833 29.048 29.281 29.506 29.74 29.915 30.096 30.265 30.414 
 30.518 
3833.9 3834.6 3830 3821.5 3816.3 3815.8 3818.8 3819.9 3815.2 3798.9 
 3770.7 3734.5 3699.7 3678.7 3672.8 3681.7 3692.8 3696.4 3681.6 3644 
 3594.1 3543.1 3502.4 3473 3446.3 3404.1 3338.3 3247.8 3144.6 3042.9 
 2955 2881.7 2814.2 2742.2 2659.5 2568.2 2476.1 2389.5 2306.9 2226 
 2143.5 2062.7 1987.6 1924.4 1874.9 1841.1 1821.6 1814.2 1816.4 1822.8 
 1827.4 1828.4 1831.7 1846.4 1877.1 1922.3 1971.5 2011.4 2037.2 2055.5 
 2084.4 2140.1 2218.6 2302.8 2366.4 2388.3 2362.2 2295.7 2200.2 2070.3 
 1896.7 1695.6 1488.6 1284.4 1088.5 918.91 792 702.33 634.13 572.63 
 515.28 461.7 408.33 357.96 317.18 279.46 244.68 217.12 194.79 172.48 
 153.64 138.19 127.59 118.23 109.76 102.88 96.103 90.035 84.291 79.089 
 74.039 69.087 64.126 59.262 54.667 50.388 46.419 42.751 39.518 36.75 
 34.392 32.433 30.771 29.31 28 26.909 25.885 24.931 24.054 23.223 
 22.443 21.742 21.124 20.611 20.256 19.956 19.788 19.768 19.91 20.071 
 20.239 20.448 20.676 20.904 21.157 21.438 21.716 22.009 22.292 22.576 
 22.836 23.083 23.315 23.548 23.777 24.002 24.218 24.444 24.677 24.897 
 25.111 25.318 25.482 25.658 25.8 25.957 26.098 26.254 26.409 26.564 
 26.74 26.928 27.111 27.326 27.537 27.753 27.971 28.181 28.407 28.609 
 28.836 29.031 29.25 29.46 29.658 29.856 30.025 30.154 30.291 30.42 
 30.518 
