IESNA:LM-63-2002
[TEST] 1
[TESTLAB] 
[TESTDATE] 2024-12-23
[ISSUEDATE] 2024-12-23 10:59:14
[LAMPPOSITION] 0,0
[OTHER] EVERFINE GO-2000A_V1 SYSTEM
[MANUFAC] 
[LUMINAIRE] 80W-5000K
[LAMP] CP08-10-80L-S2D5C3
TILT=NONE
1 12655 1 181 17 1 2 0.250 0.250 0.000
1.000 1 79.4309
0.0    1.0    2.0    3.0    4.0    5.0    6.0    7.0    8.0    9.0    
 10.0   11.0   12.0   13.0   14.0   15.0   16.0   17.0   18.0   19.0   
 20.0   21.0   22.0   23.0   24.0   25.0   26.0   27.0   28.0   29.0   
 30.0   31.0   32.0   33.0   34.0   35.0   36.0   37.0   38.0   39.0   
 40.0   41.0   42.0   43.0   44.0   45.0   46.0   47.0   48.0   49.0   
 50.0   51.0   52.0   53.0   54.0   55.0   56.0   57.0   58.0   59.0   
 60.0   61.0   62.0   63.0   64.0   65.0   66.0   67.0   68.0   69.0   
 70.0   71.0   72.0   73.0   74.0   75.0   76.0   77.0   78.0   79.0   
 80.0   81.0   82.0   83.0   84.0   85.0   86.0   87.0   88.0   89.0   
 90.0   91.0   92.0   93.0   94.0   95.0   96.0   97.0   98.0   99.0   
 100.0  101.0  102.0  103.0  104.0  105.0  106.0  107.0  108.0  109.0  
 110.0  111.0  112.0  113.0  114.0  115.0  116.0  117.0  118.0  119.0  
 120.0  121.0  122.0  123.0  124.0  125.0  126.0  127.0  128.0  129.0  
 130.0  131.0  132.0  133.0  134.0  135.0  136.0  137.0  138.0  139.0  
 140.0  141.0  142.0  143.0  144.0  145.0  146.0  147.0  148.0  149.0  
 150.0  151.0  152.0  153.0  154.0  155.0  156.0  157.0  158.0  159.0  
 160.0  161.0  162.0  163.0  164.0  165.0  166.0  167.0  168.0  169.0  
 170.0  171.0  172.0  173.0  174.0  175.0  176.0  177.0  178.0  179.0  
 180.0  
0.0    22.5   45.0   67.5   90.0   112.5  135.0  157.5  180.0  202.5  
 225.0  247.5  270.0  292.5  315.0  337.5  360.0  
4252.5 4250 4244.8 4236.5 4231.6 4229 4231.2 4233.6 4227.3 4208.7 
 4179 4139.9 4107.3 4081.8 4075.2 4083.9 4095.4 4099.2 4080.6 4040.9 
 3987.7 3931.8 3886 3849.9 3817.2 3771.9 3700.3 3607.9 3497.9 3389.3 
 3291.1 3206.2 3127.3 3043.2 2953.6 2854.3 2754.5 2658.5 2565.2 2472.2 
 2381.3 2292.9 2210.8 2141.9 2087.4 2050.2 2028.2 2019.1 2021.7 2030.3 
 2035.4 2037.3 2044 2061.8 2098 2146 2198.6 2242.1 2273.3 2298.1 
 2335.2 2395.9 2481.1 2572.3 2641.9 2671.1 2650.8 2584.4 2477.3 2325.9 
 2130.1 1908.8 1679.2 1447.4 1224.6 1033.5 889.12 784.97 708.76 638.89 
 569.81 503.62 440.74 386.85 347.95 310.7 274.62 244.29 216.27 195.03 
 173.86 157.19 144.8 133.45 123.06 114.52 106.66 99.898 93.676 88.15 
 82.649 77.144 71.628 66.231 61.002 56.12 51.64 47.559 43.844 40.792 
 38.129 35.927 34.069 32.432 31.062 29.788 28.635 27.539 26.559 25.628 
 24.753 23.97 23.269 22.697 22.284 21.945 21.735 21.733 21.863 22.036 
 22.225 22.44 22.677 22.926 23.21 23.492 23.787 24.1 24.404 24.708 
 24.976 25.256 25.507 25.772 26.071 26.344 26.59 26.825 27.063 27.292 
 27.513 27.741 27.923 28.11 28.28 28.415 28.552 28.681 28.824 28.979 
 29.16 29.354 29.542 29.769 30.002 30.246 30.483 30.732 30.964 31.198 
 31.419 31.638 31.867 32.079 32.282 32.507 32.689 32.841 32.996 33.132 
 33.268 
4252.5 4242.2 4236.9 4227.9 4218.7 4214.1 4213 4214.5 4210.4 4199.3 
 4176.2 4142.8 4104.8 4071.6 4051.1 4045 4051.5 4060.3 4061.3 4043.9 
 4008.1 3956.6 3899 3848.6 3807.1 3771.5 3729.8 3672.8 3594.8 3498.4 
 3394.2 3293.9 3202.4 3123.3 3047.2 2969.3 2883.1 2789.3 2695 2600.3 
 2508.8 2418.9 2330.8 2243.1 2157.4 2080.8 2016.3 1962 1923.3 1897.2 
 1880 1870.1 1865.7 1865.9 1872.7 1884.2 1899.5 1920.2 1946.9 1982.9 
 2026.1 2078.5 2138.4 2205.4 2275.3 2350.4 2424.3 2481.6 2500.7 2458.8 
 2357.8 2211.2 2037.4 1836.6 1623.7 1411.2 1220.8 1059.3 928.08 819.45 
 724.22 642.4 566.11 493.57 431.12 378.46 325.82 282.85 243.9 208.53 
 177.33 151.52 133.19 117.23 103.41 91.948 81.887 73.162 66.138 59.897 
 54.081 48.827 44.371 40.587 37.391 34.856 32.641 30.723 29.16 27.954 
 26.889 25.955 25.063 24.155 23.317 22.646 22.087 21.545 21.078 20.694 
 20.394 20.181 20.027 19.995 20.008 20.067 20.237 20.517 20.834 21.148 
 21.492 21.842 22.202 22.554 22.922 23.273 23.613 23.95 24.267 24.583 
 24.891 25.156 25.421 25.662 25.912 26.141 26.353 26.538 26.742 26.932 
 27.132 27.315 27.496 27.645 27.808 27.964 28.132 28.308 28.501 28.71 
 28.911 29.145 29.386 29.649 29.884 30.126 30.363 30.612 30.851 31.104 
 31.326 31.563 31.792 32.004 32.212 32.399 32.543 32.691 32.828 32.97 
 33.268 
4252.5 4234 4227.1 4216.7 4205.3 4198.2 4195.4 4194.7 4194.3 4191.5 
 4178.4 4157.3 4126.1 4088.6 4050.7 4012.9 3980.9 3956.4 3939.7 3927.6 
 3921 3917.6 3911.3 3899.9 3877.7 3840.6 3790.3 3727.7 3658.4 3589.9 
 3522.2 3456.5 3391.9 3314.5 3231.5 3133 3026 2913.2 2799.2 2686.3 
 2575.6 2466.5 2360.4 2254.9 2151.3 2050.5 1952.6 1857.3 1767.2 1680.3 
 1599.7 1521.3 1448.4 1382.9 1327.3 1285.5 1256.9 1239.4 1227.8 1222.3 
 1224.6 1241.9 1279.7 1337.9 1410.5 1487.3 1568.4 1658 1762.3 1872.1 
 1975.1 2055.3 2112.2 2141.7 2134.5 2087.2 2014 1924.1 1811.9 1683 
 1546.1 1407.2 1262.7 1113 956.76 804.07 660.38 533.61 425.87 336.03 
 256.62 212.97 180.95 149 121.04 96.271 78.464 66.148 57.917 52.416 
 48.205 44.856 42.131 39.736 37.759 36.081 34.572 33.254 32.134 31.101 
 30.086 29.07 27.906 26.649 25.432 24.25 23.172 22.127 21.143 20.495 
 20.261 20.287 20.466 20.637 20.799 20.96 21.128 21.342 21.568 21.803 
 22.102 22.385 22.703 23.031 23.335 23.642 23.942 24.221 24.514 24.774 
 25.025 25.278 25.477 25.681 25.865 26.04 26.184 26.326 26.454 26.585 
 26.702 26.825 26.955 27.064 27.176 27.324 27.486 27.654 27.863 28.09 
 28.329 28.583 28.814 29.086 29.336 29.608 29.873 30.113 30.368 30.637 
 30.886 31.138 31.412 31.644 31.857 32.054 32.241 32.417 32.606 32.768 
 33.268 
4252.5 4222.3 4218.8 4206.5 4202.5 4193.9 4193.4 4191.3 4179.7 4161.2 
 4130.7 4096.7 4062.3 4035.8 4021.2 4020.5 4027.1 4032.7 4021.7 3997.1 
 3956.3 3904.5 3854.3 3809.3 3767.9 3721.9 3666.6 3596 3508.7 3415.8 
 3319.3 3229.6 3146.7 3065.1 2983.3 2900.3 2813 2724.8 2637 2548.8 
 2459.5 2369.7 2281.7 2198.9 2121.2 2056.9 2003.5 1962.9 1933.9 1914.6 
 1901.6 1892.5 1885.1 1885.3 1891.6 1905.5 1928.2 1955 1986.5 2018.4 
 2055.2 2104.1 2166 2239.4 2319.2 2390.4 2437.8 2453.1 2426.6 2348.7 
 2218.4 2053.4 1867.4 1666.9 1472.2 1290.5 1134.6 1005.3 895.94 798.64 
 711 628.46 547.91 478.99 422.48 366.19 324.41 285.9 250.46 219.12 
 191.11 173.23 157.66 142.96 129.29 115.87 102.37 89.443 77.065 65.558 
 58.713 53.079 48.123 43.747 40.036 36.966 34.304 32.077 30.295 28.916 
 27.716 26.564 25.569 24.701 23.95 23.255 22.689 22.193 21.776 21.447 
 21.149 20.914 20.688 20.552 20.482 20.515 20.673 20.891 21.099 21.342 
 21.578 21.862 22.133 22.417 22.743 23.062 23.398 23.707 24.024 24.345 
 24.648 24.949 25.233 25.497 25.727 25.998 26.244 26.457 26.66 26.822 
 27.004 27.164 27.321 27.457 27.599 27.717 27.86 28.015 28.183 28.354 
 28.555 28.786 29 29.24 29.489 29.697 29.974 30.192 30.448 30.713 
 30.952 31.19 31.447 31.688 31.915 32.146 32.348 32.569 32.751 32.932 
 33.268 
4252.5 4276.4 4272.9 4269.4 4260.4 4257.7 4255.3 4251.7 4239 4214.1 
 4176.8 4138.5 4106.1 4087.3 4084.6 4092.1 4097.4 4089 4061.2 4014.8 
 3959.7 3906.3 3862.9 3825.1 3782.8 3723.8 3643 3544.4 3440.7 3340.4 
 3248.1 3167 3083 2995.5 2901.2 2804.1 2707.6 2613 2518.8 2424.3 
 2331.3 2245.1 2168.5 2107.7 2062.3 2032.5 2017.4 2013 2013.7 2015.4 
 2017.6 2023.7 2040.4 2073.1 2118.9 2168 2211.1 2243.5 2271.6 2310.3 
 2372.9 2460.5 2557.3 2637.7 2675.3 2663.2 2604.3 2503.9 2354.9 2168.3 
 1952 1719.9 1493.8 1281.3 1099.3 960.4 854.77 765.74 681.96 603.74 
 529.37 461.69 412.89 364.09 322.5 286.53 256.53 228.98 205.54 184.96 
 167.94 155.88 144.39 133.79 124.94 116.76 109.21 102.16 95.05 88.327 
 82.2 76.778 71.628 66.599 61.769 57.397 53.411 49.752 46.421 43.532 
 41.036 38.748 36.733 34.844 33.193 31.802 30.54 29.426 28.516 27.748 
 27.096 26.572 26.152 25.833 25.632 25.555 25.614 25.823 26.034 26.258 
 26.485 26.729 26.99 27.244 27.528 27.823 28.101 28.418 28.733 29.042 
 29.345 29.635 29.935 30.226 30.492 30.767 30.998 31.218 31.433 31.623 
 31.796 31.971 32.095 32.185 32.303 32.431 32.523 32.633 32.73 32.84 
 32.938 33.022 33.107 33.198 33.309 33.418 33.509 33.606 33.69 33.768 
 33.813 33.872 33.898 33.963 34.041 34.073 34.079 34.066 34.04 33.995 
 33.268 
4252.5 4260.9 4251.1 4237.6 4227.1 4221.3 4216.1 4212.1 4199.9 4177.8 
 4146.9 4108.6 4071.2 4045.5 4031.6 4030.2 4034.7 4033.5 4020 3988.9 
 3942.5 3888.7 3836.2 3790.4 3748.3 3704.5 3646 3572.9 3484.4 3389.7 
 3293 3201.8 3117 3034.9 2951.9 2866.4 2776.4 2684 2594.5 2502.4 
 2410.1 2319.8 2233 2149.3 2075.6 2014.5 1962.9 1932.7 1902.6 1883 
 1869.7 1863.1 1861.2 1866.7 1877.7 1896.1 1921.1 1952.3 1989.6 2034 
 2086.5 2149 2220.7 2300.3 2374.1 2435.8 2466.4 2454.4 2388.3 2273.4 
 2116.7 1933.8 1736.5 1537.5 1352.6 1182.9 1042 918.23 809.58 715.51 
 629.19 549.2 479.4 417.9 365.94 322.56 282.39 244.86 214.08 192.58 
 171.16 156.75 141.89 127.65 113.45 99.71 86.24 75.213 66.133 59.456 
 54.115 49.196 45.02 41.352 38.738 36.548 34.757 33.323 32.013 30.958 
 29.983 29.079 28.293 27.488 26.739 26.113 25.597 25.168 24.816 24.552 
 24.388 24.303 24.283 24.277 24.341 24.508 24.73 24.986 25.249 25.514 
 25.809 26.115 26.432 26.759 27.099 27.446 27.795 28.153 28.488 28.824 
 29.158 29.479 29.775 30.075 30.339 30.569 30.796 30.975 31.145 31.287 
 31.432 31.561 31.652 31.744 31.841 31.957 32.062 32.139 32.242 32.353 
 32.43 32.502 32.554 32.612 32.717 32.801 32.879 32.957 33.021 33.093 
 33.138 33.184 33.203 33.28 33.333 33.372 33.411 33.418 33.418 33.418 
 33.268 
4252.5 4261.6 4249.7 4236.6 4224.3 4216.1 4210.6 4207 4201.5 4189.5 
 4170.1 4143.4 4109.9 4072.6 4034.4 4000.2 3971.5 3951 3935.7 3925.7 
 3919.4 3911.9 3898.9 3876 3839.5 3789 3727.3 3658.8 3590.7 3524.7 
 3457.3 3387.5 3305.9 3214.8 3113.1 3007.5 2899.7 2789.3 2679.5 2569.3 
 2458 2350.4 2245.5 2143.3 2043.8 1946.1 1852.4 1762.3 1676.7 1593.7 
 1515.4 1441.7 1377.3 1325.9 1286.9 1260.2 1240.7 1225.9 1218.9 1225.3 
 1251.9 1300.2 1362.2 1429.4 1499 1580.2 1678.7 1785.8 1886.5 1971.6 
 2040.1 2086.1 2099 2077.2 2026.3 1953.8 1862.1 1746.5 1616.7 1486.5 
 1351.5 1208.1 1057.3 902.67 750.66 613.16 494.86 400.25 306 246.54 
 215.1 187.26 161.67 137.73 117.06 96.718 79.295 67.522 58.745 53.176 
 49.187 45.931 43.33 41.114 39.285 37.655 36.349 35.21 34.01 32.915 
 31.66 30.33 29.084 27.849 26.79 25.788 24.938 24.276 24.063 24.169 
 24.376 24.589 24.798 24.977 25.153 25.336 25.548 25.766 26.029 26.302 
 26.586 26.892 27.197 27.504 27.821 28.13 28.429 28.742 29.038 29.314 
 29.586 29.833 30.057 30.252 30.447 30.596 30.727 30.849 30.959 31.077 
 31.193 31.31 31.42 31.505 31.635 31.778 31.906 32.03 32.16 32.296 
 32.418 32.523 32.589 32.678 32.802 32.912 32.996 33.081 33.185 33.268 
 33.327 33.386 33.418 33.509 33.541 33.541 33.534 33.521 33.482 33.437 
 33.268 
4252.5 4249.8 4237.9 4227.2 4218.2 4212.8 4206.8 4200 4184.2 4157.5 
 4124.9 4089.6 4060.5 4043.4 4038.2 4040.3 4040.8 4031.5 4006.5 3967.5 
 3914.7 3861.7 3814.1 3770.6 3725.9 3672.7 3603.7 3517.9 3423 3326.5 
 3235.1 3151.3 3068.7 2985.3 2898.7 2807.5 2714.3 2620.7 2528.6 2435.1 
 2341.8 2250.1 2163.4 2083.1 2014.1 1957.7 1915 1883.8 1862.5 1846.5 
 1836.3 1830.1 1831.6 1840.5 1857.1 1879.2 1907.5 1937.3 1973.7 2022.7 
 2085.3 2160.6 2242.3 2327 2399.9 2455.6 2479.8 2445.9 2353.6 2212.5 
 2032.7 1833.6 1622.8 1420.5 1247.5 1097.9 972.09 866.86 773.86 687.17 
 596.94 513.55 442.23 386.17 340.47 299.89 263.68 231.6 207.97 184.34 
 169.67 155.66 142.52 130.58 118.66 106.16 93.585 81.878 69.926 60.1 
 53.793 49.099 45.086 41.442 38.613 36.385 34.716 33.295 32.018 30.976 
 30.005 29.096 28.273 27.516 26.804 26.166 25.639 25.257 24.941 24.699 
 24.51 24.427 24.368 24.367 24.562 24.801 25.051 25.356 25.648 25.918 
 26.188 26.467 26.767 27.102 27.459 27.777 28.123 28.439 28.77 29.087 
 29.417 29.713 30.002 30.269 30.509 30.731 30.919 31.094 31.256 31.367 
 31.484 31.6 31.685 31.757 31.854 31.944 32.067 32.152 32.267 32.385 
 32.495 32.594 32.671 32.755 32.852 32.93 33.002 33.099 33.177 33.249 
 33.3 33.34 33.353 33.424 33.475 33.534 33.528 33.528 33.489 33.418 
 33.268 
4252.5 4242.3 4231.8 4220.2 4214.9 4211.4 4208.2 4199.2 4179.3 4148.8 
 4112.2 4075.4 4051 4041.1 4043.3 4051.9 4050.2 4028.6 3987.6 3932.8 
 3876.5 3827.6 3788.1 3748.9 3696.2 3621.6 3528.4 3420.8 3316.4 3223 
 3136.4 3054.9 2967.3 2871.6 2770.4 2673.4 2578.4 2483.3 2390.1 2295.3 
 2205.8 2124.7 2059.6 2010.5 1978 1961.2 1959.2 1964.1 1968.5 1968 
 1967.6 1977.2 2005.9 2054.7 2112.7 2163.2 2195.7 2215.2 2243.1 2302.4 
 2399 2515.5 2612.8 2666.8 2664.5 2614.9 2518.9 2373.2 2172.3 1940.5 
 1698.6 1459.8 1234.3 1059.6 941.27 856.41 775.62 691.18 608.61 522.15 
 438.98 389.41 339.88 301.06 270.3 241.03 215.46 195.34 178.04 164.21 
 152.9 141.76 132.22 123.95 116.42 109.46 102.53 95.745 88.903 82.182 
 75.565 69.464 64.369 59.549 55.026 51.063 47.402 44.254 41.608 39.217 
 37.169 35.435 34.063 32.801 31.569 30.413 29.356 28.48 27.723 27.065 
 26.514 26.131 25.826 25.588 25.62 25.738 25.907 26.101 26.289 26.496 
 26.699 26.919 27.173 27.425 27.698 27.991 28.276 28.586 28.871 29.185 
 29.487 29.746 30.027 30.28 30.537 30.759 30.948 31.095 31.167 31.285 
 31.577 31.816 31.959 32.043 32.141 32.231 32.322 32.42 32.509 32.587 
 32.64 32.717 32.769 32.828 32.926 33.029 33.106 33.166 33.23 33.295 
 33.327 33.353 33.353 33.411 33.476 33.489 33.489 33.463 33.431 33.379 
 33.268 
4252.5 4233 4221.1 4210.7 4202.8 4196.8 4192 4184.8 4166.8 4144.2 
 4110.8 4076.2 4046.5 4028.7 4023.6 4025.7 4025.8 4017.6 3994.8 3954.3 
 3899.7 3845.5 3796.6 3753.1 3710.6 3659.4 3592.9 3508.2 3410.3 3311.6 
 3217.9 3132.8 3054.2 2973.1 2886.6 2793.7 2699.6 2604.1 2512.1 2423.5 
 2332.8 2242.1 2155.1 2073.4 2002.5 1944.2 1897.6 1864.4 1841.3 1826.6 
 1819.6 1815.1 1815.8 1821.3 1834.3 1854.6 1885.2 1924 1968.5 2017 
 2069 2129.8 2206 2301 2392.4 2463.7 2487.9 2452 2360.4 2221.5 
 2041.3 1831 1609.6 1400 1224.2 1081.4 966.17 865.63 776.47 693.61 
 603.07 513.04 437.8 379.6 333.08 292.35 257.17 226.6 202.48 178.36 
 164.35 151.52 138.89 125.8 113.32 101.06 89.425 78.399 68.452 58.848 
 50.801 46.606 43.138 40.051 37.16 34.605 32.77 31.515 30.585 29.768 
 29.02 28.346 27.701 27.056 26.377 25.851 25.46 25.132 24.882 24.647 
 24.448 24.342 24.238 24.238 24.411 24.618 24.834 25.081 25.334 25.589 
 25.857 26.161 26.468 26.778 27.097 27.418 27.766 28.093 28.433 28.762 
 29.05 29.356 29.647 29.923 30.202 30.437 30.647 30.833 30.976 31.114 
 31.238 31.353 31.47 31.549 31.601 31.691 31.776 31.841 31.905 31.919 
 31.906 32.079 32.236 32.34 32.444 32.528 32.587 32.645 32.723 32.781 
 32.82 32.853 32.866 32.911 32.963 33.015 33.048 33.074 33.074 33.08 
 33.268 
4252.5 4225.8 4215.7 4204.6 4194.9 4188.8 4182.7 4182.5 4176.9 4163.8 
 4142.5 4113.2 4076.6 4038.9 4001.4 3970.6 3942.6 3924.3 3911.4 3902.5 
 3894.4 3882.4 3866.8 3838.5 3798 3743.3 3678.2 3609.2 3538.8 3475.9 
 3409.1 3340.3 3262.8 3171.6 3072.7 2965.7 2855.3 2745.4 2635.4 2526.2 
 2415.9 2309.5 2204.7 2100.3 2000.5 1903.1 1810.5 1721.7 1639.6 1561.2 
 1485.9 1414.6 1350.9 1298.8 1263.1 1240 1227 1217.4 1210.7 1213.2 
 1233.6 1279.5 1347.3 1426.4 1504.7 1582.1 1671 1775 1884.7 1976.9 
 2047.3 2091 2100.5 2075.4 2015.7 1940.3 1849.8 1735.5 1607 1475.2 
 1343.3 1206.1 1056.7 903.41 751.9 613.27 497.01 404.06 311.19 250.14 
 217.64 190.54 166.81 145.72 125.14 104.86 86.635 69.711 58.859 53.297 
 48.989 45.43 42.67 40.405 38.503 36.906 35.652 34.519 33.404 32.348 
 31.176 29.911 28.676 27.514 26.499 25.461 24.529 23.879 23.747 23.904 
 24.158 24.394 24.582 24.758 24.959 25.16 25.386 25.63 25.912 26.188 
 26.454 26.744 27.042 27.355 27.665 27.973 28.271 28.567 28.847 29.107 
 29.371 29.612 29.838 30.038 30.208 30.369 30.499 30.61 30.72 30.818 
 30.946 31.032 31.148 31.239 31.331 31.453 31.575 31.673 31.792 31.933 
 32.037 32.146 32.218 32.303 32.407 32.536 32.621 32.711 32.795 32.86 
 32.912 32.938 32.964 33.041 33.067 33.067 33.074 33.048 33.028 32.989 
 33.268 
4252.5 4218.9 4210.4 4205.1 4198.3 4195.4 4192.7 4186.3 4168.9 4142.4 
 4106.7 4069.9 4040.2 4022 4012.1 4014.1 4015.6 4007 3980.6 3939.8 
 3888.5 3840 3788.1 3745.5 3702.4 3650.4 3584 3507.8 3418.1 3323.4 
 3230.6 3146.2 3063.8 2978.4 2896.2 2811.3 2722.4 2630.8 2540.5 2452.9 
 2362.4 2277.7 2196.9 2119.8 2052.4 1995.8 1948.1 1913.4 1885.6 1865 
 1851.9 1842.9 1843 1851.4 1867.3 1888.4 1912.4 1938.1 1966.4 2005.5 
 2059 2126.6 2203.4 2271.5 2325.5 2363.4 2375.1 2358.9 2297.4 2181 
 2022.3 1844 1651.3 1456.8 1274.8 1119.1 994.43 887.19 799.16 722.79 
 646.25 563.77 488.65 423.57 370.94 329.48 291.58 256.99 226.28 203.78 
 181.36 165.85 151.85 139.27 126.77 114.13 101.42 88.504 76.151 66.277 
 59.023 53.257 48.598 44.314 40.692 37.741 35.445 33.898 32.545 31.407 
 30.452 29.532 28.669 27.845 27.049 26.287 25.623 25.101 24.716 24.407 
 24.169 23.975 23.907 23.875 23.932 24.177 24.475 24.801 25.122 25.434 
 25.747 26.092 26.415 26.761 27.112 27.459 27.815 28.168 28.505 28.834 
 29.16 29.447 29.726 30.007 30.264 30.485 30.671 30.821 30.983 31.101 
 31.243 31.335 31.412 31.491 31.568 31.652 31.698 31.834 31.912 32.074 
 32.228 32.308 32.386 32.444 32.541 32.651 32.723 32.794 32.885 32.943 
 32.989 33.015 33.015 33.073 33.099 33.132 33.145 33.139 33.1 33.061 
 33.268 
4252.5 4273.2 4265.4 4258.3 4257.6 4257 4254.4 4246 4223.4 4191.1 
 4154.6 4121.3 4097.8 4090.1 4093.2 4097.1 4090 4066.1 4025.3 3970 
 3917.1 3866.9 3824.1 3782.1 3730 3659.5 3572.2 3472.1 3370.1 3275.7 
 3187 3102.3 3017.3 2927.6 2834.3 2738 2645.2 2554.6 2465.2 2376.9 
 2293 2217.5 2150.6 2098.8 2059.6 2033.6 2019.3 2016.8 2018.7 2025.2 
 2033.6 2045.9 2065.2 2094.8 2133.4 2175.4 2216.6 2254.2 2291.7 2337.6 
 2394.6 2462 2527.9 2575 2592.4 2569.9 2507.8 2395.7 2237.4 2049.4 
 1838.7 1627.9 1412 1209.4 1036.5 905.57 815.22 746.27 681.95 617.75 
 545.99 471.66 406.85 357.59 312.21 280.44 251.07 223.96 202.96 181.99 
 165.85 153.64 142.07 131.94 122.91 114.88 107.2 99.696 92.57 85.265 
 78.274 71.78 66.117 61.012 56.296 51.959 47.952 44.289 41.178 38.433 
 35.976 33.923 32.125 30.569 29.182 27.856 26.628 25.636 24.812 24.095 
 23.47 22.946 22.536 22.255 22.003 21.884 21.921 22.05 22.181 22.369 
 22.564 22.788 23.037 23.291 23.586 23.913 24.229 24.55 24.872 25.166 
 25.432 25.682 25.935 26.183 26.427 26.662 26.902 27.135 27.384 27.596 
 27.804 28.018 28.212 28.375 28.533 28.681 28.83 28.991 29.16 29.36 
 29.545 29.778 30.011 30.251 30.511 30.783 31.044 31.303 31.547 31.794 
 32.027 32.249 32.48 32.715 32.903 33.093 33.267 33.437 33.592 33.749 
 33.268 
4252.5 4266.7 4266 4261.6 4256.1 4253.2 4252.6 4245 4232.7 4209.3 
 4175.9 4140.5 4109.3 4087.5 4078.2 4079.1 4082.2 4078.1 4059.3 4023.4 
 3976.5 3923.1 3872.6 3828 3784.6 3737.1 3680.5 3607.7 3520.9 3426.4 
 3332.4 3242.3 3157.9 3077.5 2996.4 2911.7 2823.1 2731.3 2641.1 2553.4 
 2465.1 2379.4 2295.8 2215.1 2142.2 2079.7 2027.2 1984.5 1952.8 1930.2 
 1915.3 1906.7 1903 1905 1912.9 1927.8 1946.9 1970.3 1999.2 2034.7 
 2079.2 2134.2 2196.3 2258.6 2315.9 2368.1 2408.5 2425.3 2404.7 2333.1 
 2212.6 2056.8 1878.5 1682.3 1484.8 1298.2 1139.8 1008.2 903.98 815.97 
 739.41 665.71 584.28 503.39 432.46 379.03 325.68 284.29 248.78 218.66 
 191.85 173.68 158.18 144.28 131.52 119.45 107.05 94.201 80.905 68.856 
 57.452 48.325 44.227 40.589 37.402 34.728 32.52 30.728 29.309 28.096 
 27.031 26.104 25.174 24.37 23.671 22.987 22.41 21.934 21.536 21.218 
 20.965 20.753 20.598 20.566 20.586 20.737 21.001 21.308 21.604 21.932 
 22.219 22.548 22.89 23.213 23.555 23.891 24.202 24.514 24.832 25.127 
 25.409 25.646 25.908 26.149 26.387 26.621 26.835 27.057 27.256 27.431 
 27.619 27.801 27.97 28.111 28.267 28.43 28.599 28.756 28.936 29.145 
 29.364 29.61 29.853 30.105 30.351 30.586 30.823 31.048 31.287 31.513 
 31.733 31.946 32.167 32.369 32.568 32.731 32.899 33.062 33.204 33.347 
 33.268 
4252.5 4267.4 4261.5 4252.4 4243 4237.7 4235.6 4235.3 4234.6 4229.5 
 4214.9 4191.7 4159.4 4120.7 4080.7 4044.7 4013.3 3990.6 3974.6 3964.7 
 3958.9 3953 3942.8 3926.3 3898.2 3856.1 3801.1 3737.4 3666.8 3596.2 
 3527.5 3458.3 3385.9 3306.4 3216.7 3117.2 3012.1 2902.4 2790.9 2679 
 2566 2456.5 2349.2 2247.2 2145.6 2045.7 1949.8 1855.6 1766 1681.3 
 1601.4 1524.9 1453.4 1390.3 1338.7 1301.2 1276.2 1261 1251.3 1246.4 
 1251 1272.1 1315.1 1377.5 1450.6 1527 1604.4 1690.3 1788.5 1890 
 1979.8 2048.3 2095.4 2118.5 2105.9 2058.5 1988 1900.9 1792.7 1671.5 
 1540.1 1405 1264.8 1122.4 973.45 824.66 682.11 553.79 444.39 350.04 
 266.66 216.8 185.39 153.97 130.45 109.16 90.631 74.781 62.47 55.03 
 50.075 46.183 43.163 40.574 38.418 36.594 35.025 33.664 32.494 31.364 
 30.301 29.249 28.075 26.813 25.59 24.477 23.373 22.328 21.465 20.873 
 20.754 20.799 20.967 21.142 21.297 21.46 21.597 21.797 21.991 22.219 
 22.489 22.791 23.102 23.418 23.738 24.05 24.363 24.658 24.918 25.187 
 25.423 25.638 25.839 26.039 26.214 26.384 26.527 26.656 26.779 26.89 
 27.015 27.125 27.233 27.352 27.481 27.618 27.78 27.954 28.156 28.382 
 28.61 28.868 29.108 29.381 29.648 29.918 30.186 30.439 30.71 30.97 
 31.229 31.49 31.756 31.995 32.21 32.411 32.6 32.8 32.977 33.145 
 33.268 
4252.5 4260.2 4254.8 4246.9 4239 4236.1 4234 4233.7 4230.3 4219.2 
 4195.1 4163.4 4127.5 4097.1 4077.6 4070.9 4076.2 4083.5 4080.7 4061.8 
 4025.4 3974.8 3918.4 3866.1 3821.6 3784 3740.6 3682.2 3603.1 3509 
 3406 3306.5 3214.7 3132.5 3054.3 2973 2888.1 2794.7 2699.4 2604.4 
 2511.3 2418.4 2329.7 2243.8 2161.9 2087.5 2025.6 1974.8 1938.1 1912.8 
 1895.5 1884.5 1878.7 1878.2 1884.3 1896.4 1913.4 1936.8 1964.6 1998.6 
 2041.8 2094.4 2158.4 2231.4 2300.2 2365.8 2425.4 2468.1 2476.3 2432.5 
 2327.7 2177.1 2003.8 1804.4 1592.9 1385.4 1202.9 1047.4 920.23 814.21 
 724.5 649.49 577.2 504.63 441.33 389.73 338.22 298.22 261.42 227.99 
 198.56 173.79 155.27 137.99 122.99 109.03 96.042 84.651 76.635 69.176 
 62.553 56.485 51.083 46.372 42.511 39.202 36.34 33.93 32.075 30.598 
 29.335 28.249 27.286 26.359 25.46 24.694 24.052 23.478 22.976 22.549 
 22.171 21.855 21.562 21.304 21.142 21.085 21.158 21.312 21.478 21.685 
 21.916 22.179 22.47 22.761 23.079 23.393 23.709 24.04 24.344 24.665 
 24.979 25.272 25.533 25.815 26.088 26.33 26.57 26.797 27.004 27.197 
 27.374 27.528 27.67 27.806 27.929 28.046 28.184 28.327 28.482 28.671 
 28.858 29.059 29.269 29.503 29.742 29.993 30.223 30.477 30.722 30.985 
 31.24 31.48 31.726 31.965 32.198 32.438 32.641 32.867 33.049 33.243 
 33.268 
4252.5 4250 4244.8 4236.5 4231.6 4229 4231.2 4233.6 4227.3 4208.7 
 4179 4139.9 4107.3 4081.8 4075.2 4083.9 4095.4 4099.2 4080.6 4040.9 
 3987.7 3931.8 3886 3849.9 3817.2 3771.9 3700.3 3607.9 3497.9 3389.3 
 3291.1 3206.2 3127.3 3043.2 2953.6 2854.3 2754.5 2658.5 2565.2 2472.2 
 2381.3 2292.9 2210.8 2141.9 2087.4 2050.2 2028.2 2019.1 2021.7 2030.3 
 2035.4 2037.3 2044 2061.8 2098 2146 2198.6 2242.1 2273.3 2298.1 
 2335.2 2395.9 2481.1 2572.3 2641.9 2671.1 2650.8 2584.4 2477.3 2325.9 
 2130.1 1908.8 1679.2 1447.4 1224.6 1033.5 889.12 784.97 708.76 638.89 
 569.81 503.62 440.74 386.85 347.95 310.7 274.62 244.29 216.27 195.03 
 173.86 157.19 144.8 133.45 123.06 114.52 106.66 99.898 93.676 88.15 
 82.649 77.144 71.628 66.231 61.002 56.12 51.64 47.559 43.844 40.792 
 38.129 35.927 34.069 32.432 31.062 29.788 28.635 27.539 26.559 25.628 
 24.753 23.97 23.269 22.697 22.284 21.945 21.735 21.733 21.863 22.036 
 22.225 22.44 22.677 22.926 23.21 23.492 23.787 24.1 24.404 24.708 
 24.976 25.256 25.507 25.772 26.071 26.344 26.59 26.825 27.063 27.292 
 27.513 27.741 27.923 28.11 28.28 28.415 28.552 28.681 28.824 28.979 
 29.16 29.354 29.542 29.769 30.002 30.246 30.483 30.732 30.964 31.198 
 31.419 31.638 31.867 32.079 32.282 32.507 32.689 32.841 32.996 33.132 
 33.268 
