IESNA:LM-63-2002
[TEST] 1
[TESTLAB] 
[TESTDATE] 2024-12-23
[ISSUEDATE] 2024-12-23 11:15:08
[LAMPPOSITION] 0,0
[OTHER] EVERFINE GO-2000A_V1 SYSTEM
[MANUFAC] 
[LUMINAIRE] 80W-3000K
[LAMP] CP08-10-80L-S2D5C3
TILT=NONE
1 11672 1 181 17 1 2 0.250 0.250 0.000
1.000 1 78.6706
0.0    1.0    2.0    3.0    4.0    5.0    6.0    7.0    8.0    9.0    
 10.0   11.0   12.0   13.0   14.0   15.0   16.0   17.0   18.0   19.0   
 20.0   21.0   22.0   23.0   24.0   25.0   26.0   27.0   28.0   29.0   
 30.0   31.0   32.0   33.0   34.0   35.0   36.0   37.0   38.0   39.0   
 40.0   41.0   42.0   43.0   44.0   45.0   46.0   47.0   48.0   49.0   
 50.0   51.0   52.0   53.0   54.0   55.0   56.0   57.0   58.0   59.0   
 60.0   61.0   62.0   63.0   64.0   65.0   66.0   67.0   68.0   69.0   
 70.0   71.0   72.0   73.0   74.0   75.0   76.0   77.0   78.0   79.0   
 80.0   81.0   82.0   83.0   84.0   85.0   86.0   87.0   88.0   89.0   
 90.0   91.0   92.0   93.0   94.0   95.0   96.0   97.0   98.0   99.0   
 100.0  101.0  102.0  103.0  104.0  105.0  106.0  107.0  108.0  109.0  
 110.0  111.0  112.0  113.0  114.0  115.0  116.0  117.0  118.0  119.0  
 120.0  121.0  122.0  123.0  124.0  125.0  126.0  127.0  128.0  129.0  
 130.0  131.0  132.0  133.0  134.0  135.0  136.0  137.0  138.0  139.0  
 140.0  141.0  142.0  143.0  144.0  145.0  146.0  147.0  148.0  149.0  
 150.0  151.0  152.0  153.0  154.0  155.0  156.0  157.0  158.0  159.0  
 160.0  161.0  162.0  163.0  164.0  165.0  166.0  167.0  168.0  169.0  
 170.0  171.0  172.0  173.0  174.0  175.0  176.0  177.0  178.0  179.0  
 180.0  
0.0    22.5   45.0   67.5   90.0   112.5  135.0  157.5  180.0  202.5  
 225.0  247.5  270.0  292.5  315.0  337.5  360.0  
3960.1 3953.5 3956.2 3940.1 3940.4 3943.8 3943.4 3951.7 3946.5 3928.6 
 3886.4 3858.1 3819.8 3797.1 3779.6 3804 3815.5 3822.8 3794.9 3758.8 
 3692.5 3648.9 3606.3 3579.4 3561.8 3511.8 3441.9 3334.7 3237.2 3127.9 
 3023.9 2959.8 2892.8 2822.2 2740.3 2645.6 2545.9 2454.4 2370.5 2295.9 
 2208.5 2124.1 2042.5 1976.2 1923.7 1890.8 1869.3 1858.5 1859.8 1863.6 
 1869.5 1872.2 1873.3 1879.7 1910.2 1958.8 2016 2054.8 2074.7 2092.9 
 2119.4 2169.8 2261.2 2346.1 2415.6 2441.1 2407.2 2331.1 2233.2 2112.8 
 1935.9 1725.9 1515.1 1306.6 1112.5 939.73 808.56 720.02 650.87 588.25 
 535.09 488.46 434.66 382.15 332.61 287.68 249.58 220.77 197.82 174.92 
 154.31 137.97 127.69 119.08 111.21 105.11 98.512 92.191 86.073 80.551 
 75.302 70.146 64.917 59.971 55.284 50.935 46.869 43.248 39.953 37.157 
 34.802 32.733 31.124 29.619 28.341 27.234 26.245 25.255 24.323 23.491 
 22.727 22.014 21.369 20.857 20.455 20.199 19.952 19.969 20.111 20.266 
 20.422 20.65 20.813 21.095 21.323 21.622 21.926 22.179 22.452 22.748 
 23.042 23.244 23.504 23.742 23.982 24.212 24.438 24.656 24.895 25.081 
 25.377 25.541 25.723 25.884 26.055 26.223 26.345 26.52 26.663 26.792 
 26.961 27.148 27.351 27.564 27.798 27.998 28.2 28.429 28.653 28.887 
 29.069 29.297 29.53 29.724 29.925 30.135 30.264 30.44 30.583 30.731 
 30.842 
3960.1 3947 3955 3938.6 3936.6 3925.9 3928.9 3931.9 3931.7 3927.2 
 3901.8 3868.2 3828.2 3793.3 3774.1 3764.7 3773.3 3777.8 3790.6 3782.4 
 3749.1 3692.6 3620.9 3581.8 3543.2 3518.7 3477.1 3430.1 3354.8 3258.9 
 3152.5 3051 2962.7 2898 2825.9 2757.8 2675 2587 2501.6 2401 
 2321.3 2240.4 2153.7 2073.5 1993.8 1928 1862.5 1823.2 1779.1 1754.3 
 1732 1728.4 1725.4 1728.6 1731.3 1739.3 1749.8 1771.8 1801.9 1840.8 
 1881.2 1916.5 1968 2019.7 2097.5 2168.6 2243.4 2290.1 2297.7 2250.7 
 2148.2 2010.1 1853.1 1666.4 1470.6 1274.2 1102.1 955.88 843.1 747.59 
 664.95 586.01 511.25 440.55 387.59 334.71 292.72 257.54 222.14 188.49 
 159.82 137.38 122.37 108.62 95.87 85.265 75.539 67.254 60.594 54.935 
 49.605 44.716 40.688 37.249 34.35 32.014 30 28.286 26.844 25.702 
 24.81 23.945 23.104 22.276 21.49 20.885 20.352 19.839 19.427 19.051 
 18.781 18.586 18.45 18.38 18.405 18.453 18.634 18.892 19.175 19.458 
 19.762 20.1 20.404 20.795 21.092 21.418 21.766 22.058 22.353 22.661 
 22.944 23.214 23.401 23.669 23.891 24.097 24.279 24.485 24.668 24.875 
 25.037 25.198 25.355 25.491 25.622 25.829 25.959 26.173 26.341 26.491 
 26.698 26.907 27.114 27.394 27.618 27.839 28.027 28.271 28.484 28.708 
 28.956 29.189 29.384 29.586 29.76 29.968 30.097 30.252 30.343 30.498 
 30.842 
3960.1 3959.2 3940.5 3942 3927 3913.4 3918.7 3904.9 3924.6 3912 
 3911.3 3896.9 3864 3819 3784 3742.3 3711.4 3686.1 3669.1 3661.8 
 3659 3645.2 3659.4 3636.5 3621.7 3582 3523.5 3465.5 3411.5 3342.8 
 3272.1 3221.9 3155.4 3071.3 2989.9 2900.9 2803 2696.3 2591.5 2491.5 
 2388.8 2277.3 2185.4 2086.2 1990.2 1903.3 1811.4 1724.1 1641.2 1560 
 1480.2 1409.2 1345.6 1291 1246.7 1208.7 1178.8 1156.2 1148.1 1147.5 
 1157.1 1180.2 1217.8 1257.3 1310.4 1374.6 1450.6 1538.4 1625.5 1712.5 
 1791.2 1869.1 1931.8 1949.4 1943.5 1900.9 1837.6 1753.2 1653 1538.6 
 1414.7 1285.4 1155 1013.1 870.35 731.81 601.64 485.4 387.91 305.48 
 232.45 197.38 162.62 135.38 110.55 88.499 71.99 60.72 53.068 48.174 
 44.268 41.253 38.732 36.57 34.688 33.148 31.789 30.579 29.66 28.626 
 27.739 26.785 25.768 24.61 23.455 22.382 21.378 20.397 19.51 18.859 
 18.633 18.716 18.858 19.034 19.163 19.312 19.489 19.676 19.869 20.092 
 20.387 20.654 20.935 21.25 21.547 21.842 22.108 22.349 22.63 22.868 
 23.126 23.347 23.549 23.75 23.947 24.095 24.269 24.411 24.542 24.678 
 24.763 24.892 24.977 25.114 25.23 25.341 25.489 25.618 25.812 26.046 
 26.241 26.45 26.721 26.962 27.21 27.468 27.69 27.943 28.188 28.39 
 28.629 28.883 29.147 29.37 29.538 29.732 29.909 30.11 30.297 30.453 
 30.842 
3960.1 3938.7 3945.2 3931.3 3927.6 3913.8 3913.7 3918.3 3905.3 3898.8 
 3862.4 3821.6 3786.2 3765.7 3748.7 3748.1 3767.4 3763.5 3768.3 3730.3 
 3689.3 3635 3579.7 3547.8 3499.8 3468.9 3405.7 3341.5 3265.3 3162.8 
 3072.1 2994.3 2919.9 2843.9 2777.7 2697.8 2611.1 2528.7 2443.8 2358.7 
 2280.1 2193.6 2110.2 2033.8 1960.4 1900.4 1850.1 1807.3 1775.4 1757.5 
 1746.6 1742.7 1736.9 1730.8 1737.8 1750.6 1772.4 1804.7 1834.1 1861.3 
 1897.6 1935.7 1995.8 2065.7 2137.7 2211.3 2252.1 2259.4 2217.6 2152.6 
 2033.7 1884.7 1714.2 1526 1347.7 1180.1 1042.2 926.99 825.79 737.86 
 649.69 572.15 495.59 429.6 381.16 332.83 296.74 261.69 228.37 200.23 
 175.08 159.29 145.98 132.76 120.3 107.77 94.977 82.827 71.449 60.327 
 53.734 48.659 44.121 40.111 36.789 33.94 31.438 29.462 27.893 26.597 
 25.455 24.391 23.563 22.783 22.048 21.416 20.863 20.407 20.072 19.754 
 19.46 19.229 19.015 18.917 18.834 18.874 19.041 19.243 19.427 19.633 
 19.873 20.138 20.42 20.671 20.953 21.277 21.613 21.872 22.162 22.454 
 22.722 23.034 23.313 23.572 23.791 24.058 24.259 24.452 24.641 24.861 
 24.992 25.134 25.29 25.408 25.55 25.704 25.809 25.965 26.074 26.29 
 26.451 26.645 26.848 27.121 27.302 27.543 27.808 27.995 28.263 28.455 
 28.722 28.905 29.157 29.37 29.604 29.779 30.006 30.213 30.35 30.557 
 30.842 
3960.1 3974.1 3971.2 3962.6 3955.3 3950.4 3961 3960.4 3948 3924.7 
 3892.6 3853.3 3817.9 3799.5 3796.4 3796.9 3804.2 3795.3 3766.5 3720.4 
 3662.9 3614.5 3575.5 3538.8 3505.8 3450.1 3368.9 3265.6 3161.7 3067.8 
 2982.1 2914.4 2843.3 2760.2 2667.8 2576.7 2482.7 2397.3 2308.2 2224.7 
 2139.4 2056.2 1985.1 1925.8 1885.1 1856.1 1842.2 1838.4 1837.2 1836.7 
 1837.5 1843.7 1852.2 1882.3 1924.9 1972.2 2016.1 2044.5 2067.6 2097.4 
 2144.5 2226.2 2314 2380.4 2413.9 2395.6 2333.6 2244.5 2117.9 1948.7 
 1748.3 1534.1 1327 1134.3 975.21 856 767.68 692.35 627.33 567.2 
 509.19 449.78 398.1 346.47 301.16 263.06 233.59 206.8 183.41 162.78 
 146.48 136.31 127.56 119.97 113.65 106.9 100.22 93.412 86.623 80.291 
 74.448 69.353 64.592 60.042 55.758 51.832 48.205 44.94 41.977 39.415 
 37.15 35.15 33.339 31.688 30.303 29.064 27.966 26.992 26.208 25.539 
 24.957 24.48 24.092 23.761 23.582 23.485 23.56 23.759 23.948 24.13 
 24.377 24.615 24.861 25.11 25.343 25.566 25.881 26.142 26.419 26.705 
 26.963 27.244 27.531 27.796 28.069 28.295 28.555 28.801 28.994 29.19 
 29.344 29.493 29.616 29.727 29.806 29.921 30 30.098 30.213 30.284 
 30.44 30.479 30.565 30.687 30.791 30.927 30.991 31.083 31.147 31.232 
 31.283 31.297 31.336 31.394 31.433 31.491 31.491 31.471 31.439 31.4 
 30.842 
3960.1 3968.1 3961.2 3945.5 3939.6 3937.3 3931.7 3935.8 3923.1 3906.6 
 3871.6 3836.9 3796.3 3776.2 3759.3 3757.4 3758.3 3765 3745.5 3712.8 
 3670 3614.2 3560.4 3522.5 3481.8 3443.5 3391 3318.2 3233.2 3142.1 
 3052.3 2968.5 2896.9 2817.8 2745 2658 2577.6 2486.7 2400.8 2313.6 
 2229.8 2146.8 2060.6 1984.5 1916.8 1856.6 1806.4 1771.3 1746 1728.6 
 1715.9 1707.1 1708.8 1711.1 1720.2 1737 1762.5 1795.3 1826.6 1865.4 
 1907.8 1964.8 2032.2 2108 2177.8 2229 2246.9 2224.4 2167.1 2058.1 
 1911.5 1749.4 1568.7 1388.9 1219 1070.7 944.56 839.05 742.57 651.07 
 566.42 491.51 426.26 372.52 325.79 288.7 254.26 220.85 195.82 170.81 
 156.2 144.19 131.7 119.09 106.26 93.545 80.363 69.749 60.987 54.657 
 49.558 45.112 41.204 37.72 35.304 33.334 31.729 30.381 29.28 28.354 
 27.515 26.695 25.959 25.245 24.596 24.051 23.597 23.233 22.932 22.664 
 22.539 22.454 22.409 22.415 22.44 22.607 22.802 23.009 23.27 23.542 
 23.832 24.119 24.409 24.718 25.026 25.365 25.661 25.939 26.271 26.574 
 26.874 27.149 27.466 27.724 27.952 28.206 28.435 28.627 28.777 28.94 
 29.043 29.187 29.31 29.402 29.459 29.557 29.647 29.771 29.83 29.913 
 30.023 30.089 30.134 30.212 30.322 30.393 30.485 30.581 30.647 30.712 
 30.738 30.751 30.764 30.815 30.874 30.907 30.933 30.946 30.933 30.868 
 30.842 
3960.1 3970.3 3952.7 3942.8 3928.5 3921.1 3922.4 3917 3916.8 3907.4 
 3887.1 3866.2 3836.8 3792.6 3750 3716.5 3686.9 3676 3656.6 3644.8 
 3638.4 3621.1 3617.1 3584.5 3551.6 3506.2 3455.4 3397.4 3326.6 3260.5 
 3203.9 3126.9 3063.1 2976.1 2881.9 2783.9 2680.4 2569 2476.1 2370.3 
 2266 2169.5 2074.1 1972.7 1881.5 1791.1 1707.1 1625.1 1546.9 1472.8 
 1397.3 1337 1285.6 1239.6 1203.6 1173.7 1155.6 1143 1144.7 1153.6 
 1174.7 1210.3 1254.7 1309.5 1372.5 1448.7 1527.7 1610.6 1698.5 1784.7 
 1853.9 1902.9 1919.1 1903.7 1861.2 1788.8 1707.3 1606.5 1481 1356 
 1230.3 1098.2 956.28 815.57 675.34 552.57 460.27 367.97 276.18 222.34 
 193.68 168.36 145.46 124.52 106.4 88.36 72.226 61.241 53.278 48.379 
 44.766 41.858 39.541 37.597 35.933 34.503 33.339 32.313 31.28 30.284 
 29.227 28.056 26.904 25.767 24.832 23.88 23.066 22.4 22.188 22.325 
 22.475 22.637 22.839 23 23.135 23.292 23.5 23.739 23.928 24.206 
 24.537 24.811 25.057 25.387 25.649 25.934 26.252 26.492 26.775 27.015 
 27.283 27.521 27.718 27.911 28.073 28.268 28.354 28.495 28.637 28.76 
 28.851 28.928 29.032 29.143 29.253 29.352 29.467 29.597 29.696 29.845 
 29.98 30.072 30.167 30.278 30.396 30.499 30.602 30.688 30.784 30.836 
 30.894 30.9 30.901 30.985 31.024 31.043 31.037 31.024 30.978 30.939 
 30.842 
3960.1 3954.6 3943.5 3924.5 3923.8 3927.7 3918.5 3911.7 3893.4 3876.8 
 3839 3813.4 3771.2 3753.2 3750.2 3762.8 3767.7 3767.6 3734.7 3698.6 
 3644.2 3594.5 3542.8 3504.8 3458.3 3414.4 3343.6 3264.8 3160.2 3075.4 
 2985.1 2900.1 2832 2757.5 2674.3 2586.9 2499.2 2409.6 2323.7 2238 
 2150.5 2066.4 1987.4 1919.4 1851.3 1799.2 1767 1736.7 1720.1 1710.3 
 1700.7 1696.1 1694.8 1700.6 1719.9 1742.3 1769.9 1804.3 1835.2 1879.8 
 1928.8 2000.6 2083.4 2166.5 2242.8 2286.7 2295.4 2257.1 2154.2 2017.3 
 1849.3 1656.7 1470.6 1286.6 1126.8 997.58 891.48 797.12 707.88 620.81 
 534.95 458.88 393.09 343.24 305.4 270.93 239.3 210.2 189.17 168.14 
 155.69 143.74 132.53 121.75 110.5 98.541 86.646 75.658 64.566 55.085 
 49.258 45.054 41.6 38.388 35.669 33.479 31.883 30.591 29.448 28.465 
 27.587 26.801 26.015 25.298 24.629 24.038 23.558 23.174 22.852 22.661 
 22.486 22.397 22.35 22.369 22.576 22.821 23.084 23.355 23.657 23.898 
 24.174 24.484 24.756 25.077 25.396 25.661 25.924 26.219 26.52 26.83 
 27.098 27.323 27.633 27.948 28.221 28.422 28.616 28.802 28.952 29.064 
 29.194 29.272 29.362 29.446 29.537 29.609 29.7 29.816 29.926 30.017 
 30.128 30.226 30.271 30.4 30.505 30.628 30.719 30.795 30.9 30.939 
 30.991 31.011 30.985 31.036 31.075 31.101 31.076 31.043 30.966 30.92 
 30.842 
3960.1 3950.6 3933.6 3930.6 3925.2 3927.8 3931.7 3919.2 3903 3859.9 
 3835.5 3800.2 3764 3760.4 3776.9 3781.7 3769.6 3749.1 3704.9 3649.2 
 3594 3560.4 3526.9 3506 3449.2 3365.6 3267 3158.9 3059.4 2982.5 
 2899.3 2828.8 2747.2 2653.3 2552 2456.9 2371.3 2294.8 2206.3 2116.7 
 2035.2 1957.7 1901.6 1854.1 1823.6 1809.1 1804.8 1813.5 1810.4 1813.7 
 1803.5 1810.8 1838.2 1887.3 1944.4 1999.2 2024.8 2032 2045.9 2098.4 
 2187.7 2302.9 2388.6 2424 2400.9 2352.8 2271.5 2144.7 1956 1739.8 
 1518.2 1302.6 1106.6 950.18 848.14 777.05 707 639.24 581.15 513.84 
 435.45 379.57 323.82 280.76 248.32 221.98 197.25 174.41 155.06 141.96 
 133.74 126.77 120.5 114.18 107.56 100.83 94.068 87.437 80.927 74.663 
 68.569 62.995 58.358 53.933 49.911 46.316 43.135 40.271 37.832 35.769 
 33.988 32.439 31.203 30.047 28.929 27.874 26.932 26.132 25.439 24.92 
 24.403 24.01 23.784 23.55 23.571 23.7 23.888 24.031 24.226 24.433 
 24.636 24.821 25.095 25.343 25.582 25.854 26.095 26.34 26.633 26.875 
 27.211 27.469 27.709 27.937 28.182 28.429 28.651 28.806 28.929 28.994 
 29.065 29.318 29.539 29.65 29.739 29.811 29.87 29.973 30.077 30.167 
 30.226 30.258 30.342 30.388 30.493 30.583 30.654 30.746 30.791 30.849 
 30.868 30.862 30.881 30.946 30.998 31.017 31.037 31.037 30.985 30.926 
 30.842 
3960.1 3952.5 3929.5 3921.6 3905.6 3896.6 3904.8 3902.5 3884.3 3857.9 
 3821.9 3798.2 3766.5 3759.4 3742.8 3752.8 3758.6 3753.1 3737 3689.5 
 3642.2 3588.9 3534.9 3485.1 3459.4 3404.2 3346.3 3266.3 3178 3073.6 
 2990.2 2912.2 2837.5 2758.2 2684.1 2594 2505.1 2416.1 2323.6 2247.9 
 2159.8 2080.9 1993.8 1918.1 1853.2 1795.5 1756.3 1719.4 1704.4 1692 
 1683.6 1680.4 1684.2 1684 1694.7 1709.8 1738.6 1782.7 1824.6 1863.6 
 1903.4 1958.5 2029.1 2125.1 2214.6 2269.1 2281.6 2233.8 2140.8 2011.1 
 1846.1 1664.4 1460.3 1274.5 1117 992.94 893.57 802.94 711.04 621.99 
 536.82 455.65 391.95 342.9 302.68 267.68 232.94 206.53 180.18 163.47 
 153.42 142.92 131.19 118.13 105.4 93.518 82.442 72.039 62.887 54.174 
 46.691 42.883 39.663 36.838 34.204 31.878 30.12 29.004 28.203 27.441 
 26.692 26.153 25.548 24.993 24.296 23.857 23.448 23.19 22.896 22.708 
 22.508 22.41 22.325 22.362 22.516 22.716 22.936 23.17 23.379 23.664 
 23.896 24.216 24.535 24.808 25.104 25.39 25.654 25.974 26.281 26.575 
 26.869 27.124 27.377 27.627 27.941 28.128 28.329 28.582 28.707 28.842 
 28.953 29.102 29.187 29.259 29.304 29.369 29.473 29.545 29.583 29.622 
 29.577 29.79 29.823 30.016 30.109 30.212 30.277 30.33 30.4 30.465 
 30.491 30.498 30.511 30.53 30.621 30.647 30.654 30.66 30.628 30.622 
 30.842 
3960.1 3938.5 3918.3 3918.2 3910.2 3896.1 3908.3 3902.3 3904 3881.3 
 3867.8 3834.8 3798.9 3772.1 3728.3 3689.9 3671.3 3651.8 3644.8 3646.5 
 3630.2 3616.4 3599.4 3574.1 3524.9 3478 3424.5 3366 3304.8 3240.5 
 3169.4 3099.3 3026.5 2945.2 2847.3 2753.6 2640.3 2545.4 2444.3 2338.2 
 2232.3 2128.8 2030.4 1938.2 1843.5 1760.8 1671 1588.9 1513.9 1440.3 
 1372 1308.1 1256 1217.1 1180.6 1155.1 1140.3 1130 1134.1 1151.6 
 1173.1 1214.2 1255.3 1321 1392.4 1475.8 1566.6 1643.1 1728.1 1810.6 
 1880.3 1926 1928.8 1906.2 1849.4 1773 1689.1 1594.4 1473.5 1347.4 
 1223.7 1101.5 962.03 820.55 680.9 558.03 451.42 367.08 283.06 227 
 197.72 173.38 152.06 133.64 115.44 96.965 80.062 64.225 53.874 48.778 
 44.807 41.728 39.179 37.147 35.446 33.972 32.816 31.81 30.777 29.799 
 28.734 27.551 26.422 25.358 24.426 23.481 22.607 22.064 21.883 22.078 
 22.272 22.474 22.676 22.842 22.974 23.187 23.387 23.64 23.863 24.184 
 24.387 24.725 24.966 25.279 25.536 25.848 26.114 26.386 26.644 26.898 
 27.137 27.372 27.536 27.768 27.924 28.099 28.221 28.35 28.488 28.565 
 28.675 28.759 28.857 28.942 29.046 29.118 29.266 29.325 29.44 29.571 
 29.667 29.784 29.849 29.96 30.089 30.181 30.266 30.369 30.395 30.492 
 30.53 30.563 30.538 30.628 30.641 30.673 30.693 30.667 30.647 30.635 
 30.842 
3960.1 3936.5 3925.8 3915.4 3914.4 3915.3 3908.7 3914.6 3888.7 3868.3 
 3836.7 3798.5 3761.7 3757.5 3747.2 3751.3 3751.4 3741.7 3719.1 3677.9 
 3620.7 3576.9 3541.9 3499.2 3450.1 3413.9 3351.9 3275.8 3189.8 3094 
 3007 2930.5 2848.2 2772.9 2703.9 2604.8 2523.9 2445.3 2362.1 2278.7 
 2195.8 2112.9 2034.4 1972.2 1903.8 1852.3 1806.1 1777.8 1748.8 1731.2 
 1726.9 1722.4 1716.2 1721.4 1728.3 1757 1777.8 1807.3 1838.7 1865.3 
 1909.7 1968.9 2035.3 2107.6 2155.2 2186.7 2192.1 2168.6 2101.9 1994.1 
 1847 1687.3 1503.6 1327.5 1158.1 1016.6 901.83 810.96 732.74 659.18 
 586.02 513.14 443.5 389.16 342.95 306.6 274.73 241.08 211.94 190.99 
 170.14 156.04 143.43 131.67 119.74 107.63 95.321 82.953 70.812 61.256 
 54.34 49.139 44.851 40.89 37.517 34.859 32.724 31.278 30.068 29.035 
 28.159 27.29 26.524 25.751 25.052 24.338 23.689 23.22 22.836 22.498 
 22.285 22.13 22.058 21.987 22.096 22.296 22.6 22.925 23.227 23.498 
 23.774 24.13 24.424 24.755 25.133 25.401 25.692 26.004 26.352 26.648 
 26.947 27.273 27.5 27.807 28.03 28.201 28.447 28.609 28.763 28.888 
 29.058 29.122 29.194 29.272 29.266 29.323 29.376 29.525 29.768 29.848 
 29.932 30.011 30.115 30.18 30.257 30.373 30.452 30.524 30.609 30.66 
 30.699 30.725 30.732 30.745 30.796 30.809 30.816 30.778 30.712 30.686 
 30.842 
3960.1 3971.8 3960.1 3954.6 3957.9 3959.8 3962 3954.6 3929.5 3901 
 3865.9 3825.1 3799.4 3799.7 3799.8 3806.1 3807.5 3787.1 3734.8 3692.6 
 3640.4 3602.6 3564.5 3531.4 3486.9 3418.8 3325.1 3225 3123.6 3032.6 
 2953.3 2886.1 2805.7 2721.2 2625.8 2537.2 2451.1 2367.8 2287.2 2204.7 
 2127.2 2056.3 1993.1 1946.4 1910.1 1883.5 1867.9 1861.9 1863.9 1868.8 
 1873.9 1881.9 1893 1917.9 1955.9 1996.6 2033.9 2064.6 2091.1 2130.8 
 2180.2 2246.6 2309 2351 2358.3 2329.5 2262.9 2156.4 2022.7 1858.2 
 1662.6 1460.3 1266.3 1084.5 934.57 820.72 746.65 689.96 638.52 591.45 
 538.04 471.8 404.59 347 295.75 257.58 227.62 204.21 180.82 160.37 
 145.29 135.07 126.5 119.03 111.98 105.13 98.462 91.559 84.681 77.75 
 71.242 65.17 59.972 55.408 51.086 47.114 43.466 40.301 37.433 34.932 
 32.75 30.934 29.281 27.862 26.586 25.398 24.327 23.446 22.66 22.015 
 21.443 20.964 20.607 20.345 20.107 20.015 20.046 20.15 20.31 20.459 
 20.641 20.861 21.085 21.343 21.63 21.906 22.209 22.509 22.795 23.076 
 23.328 23.569 23.805 24.036 24.285 24.495 24.69 24.938 25.163 25.39 
 25.574 25.781 25.955 26.111 26.254 26.415 26.566 26.689 26.87 27.046 
 27.227 27.436 27.649 27.909 28.117 28.369 28.601 28.85 29.101 29.297 
 29.535 29.762 29.964 30.171 30.393 30.55 30.724 30.893 31.03 31.185 
 30.842 
3960.1 3971.2 3969 3958.6 3954.4 3942.4 3943.3 3944.9 3933 3909.5 
 3876.2 3837.1 3803.5 3790.7 3792.2 3798.3 3801.1 3798.2 3783.3 3752.5 
 3706.3 3650.9 3599.9 3559.7 3517.5 3472.3 3425.2 3353.7 3266.9 3174.2 
 3083.2 2999 2922.6 2855.9 2773.2 2699.4 2608.9 2527.5 2441.7 2355.9 
 2272.4 2198.7 2120.9 2046.6 1980.6 1917.9 1867.5 1827.7 1798.2 1775.2 
 1756.1 1750.2 1744.8 1745.5 1751.6 1762.8 1777.5 1801.7 1826.9 1864 
 1903.8 1952.1 2007.1 2061 2116.8 2162.1 2199.4 2212.4 2203.8 2144 
 2038.2 1899.5 1735.7 1551.5 1370.6 1192.2 1041.6 920 827.55 751.84 
 677.45 606.02 527.24 452.81 394.25 335.81 295.13 259.65 227.32 199.32 
 175.05 158.82 145.51 133.65 122.28 111.19 99.736 87.593 75.145 63.877 
 53.343 44.34 40.561 37.18 34.31 31.856 29.802 28.162 26.841 25.718 
 24.776 23.922 23.04 22.303 21.67 21.033 20.483 20.063 19.709 19.408 
 19.169 18.97 18.846 18.808 18.821 18.96 19.207 19.48 19.749 20.077 
 20.347 20.661 20.963 21.269 21.598 21.913 22.21 22.489 22.812 23.044 
 23.324 23.545 23.793 24.046 24.259 24.466 24.629 24.829 25.057 25.246 
 25.401 25.564 25.724 25.862 26.01 26.145 26.303 26.471 26.652 26.847 
 27.055 27.257 27.491 27.722 27.964 28.195 28.384 28.659 28.884 29.074 
 29.314 29.495 29.721 29.882 30.065 30.232 30.357 30.512 30.629 30.771 
 30.842 
3960.1 3962.5 3963.8 3944 3946.7 3922.3 3934.2 3935.1 3940.1 3931.3 
 3920.8 3899.5 3873.5 3838.2 3809.9 3773.4 3746.2 3713.7 3693.6 3696.2 
 3680.1 3680.5 3666.4 3653.5 3625.5 3575.9 3541.5 3478.9 3422 3353.3 
 3283.8 3216.6 3158.5 3085.3 3000.8 2907.7 2805.7 2698.9 2588.8 2487.6 
 2383.2 2282.1 2178.1 2078.6 1977 1886.4 1792.2 1704.8 1623.1 1544.1 
 1468.9 1404 1341 1291.6 1247.9 1212 1181.1 1160.5 1155.9 1162.9 
 1179.8 1204.7 1239.1 1274 1322.2 1393.3 1479.7 1574 1658.8 1728.6 
 1804.1 1877.9 1924.3 1948.6 1933.3 1890.3 1827.6 1740.8 1645 1540.4 
 1414.2 1282.6 1153.4 1023.9 888.26 750.58 621.17 505.52 405.77 319.97 
 243.34 205.7 168.17 141.2 118.93 99.862 83.066 68.693 56.989 50.178 
 45.626 42.147 39.339 37.004 35.07 33.434 31.994 30.763 29.734 28.702 
 27.742 26.788 25.7 24.555 23.432 22.399 21.423 20.484 19.687 19.121 
 18.963 19.053 19.189 19.376 19.525 19.662 19.793 19.975 20.15 20.376 
 20.617 20.905 21.2 21.496 21.806 22.094 22.386 22.679 22.933 23.154 
 23.379 23.607 23.789 24.002 24.16 24.307 24.445 24.605 24.71 24.814 
 24.938 25.055 25.159 25.255 25.373 25.502 25.652 25.826 25.963 26.213 
 26.434 26.69 26.928 27.163 27.406 27.654 27.921 28.148 28.39 28.626 
 28.892 29.108 29.369 29.588 29.777 30.009 30.198 30.348 30.524 30.711 
 30.842 
3960.1 3961.7 3958 3948.9 3926.4 3929.8 3939.6 3939.4 3927.3 3921.3 
 3897 3866.1 3837.5 3806.5 3785.9 3790 3795.2 3806.1 3802.5 3787.7 
 3744.9 3699 3642.1 3584.5 3559.4 3515 3474.4 3417.4 3345.3 3259.5 
 3167.3 3077.3 2990.9 2914.4 2844 2759.9 2687 2599.6 2509 2419.6 
 2334.5 2245.7 2164 2082.7 2000.7 1927.4 1869.8 1819.6 1786.7 1763.3 
 1746.8 1730.5 1726.9 1726.9 1731.2 1742.6 1755.8 1780.3 1804.8 1837.1 
 1879.1 1929.2 1985.3 2044 2105.5 2167.9 2215.7 2257.7 2266.4 2227.4 
 2130.9 2000.3 1830.4 1646.1 1459.1 1273.5 1105.4 967.98 855.01 762.73 
 682.73 606.97 531.51 458.59 406.24 353.95 311.1 274.65 240.7 209.88 
 182.88 160.84 144.26 128.99 115.39 102.37 89.394 77.96 70.515 63.69 
 57.448 51.814 46.85 42.538 39.062 35.95 33.339 31.203 29.478 28.108 
 26.919 25.948 25.089 24.199 23.375 22.642 22.068 21.551 21.062 20.7 
 20.344 20.027 19.748 19.54 19.391 19.327 19.392 19.509 19.691 19.92 
 20.112 20.388 20.645 20.926 21.211 21.49 21.807 22.099 22.341 22.671 
 22.937 23.24 23.526 23.765 24 24.26 24.48 24.714 24.893 25.127 
 25.257 25.407 25.568 25.667 25.803 25.893 26.049 26.16 26.321 26.47 
 26.68 26.862 27.068 27.27 27.502 27.679 27.956 28.179 28.411 28.663 
 28.878 29.13 29.315 29.56 29.772 29.999 30.183 30.401 30.57 30.745 
 30.842 
3960.1 3953.5 3956.2 3940.1 3940.4 3943.8 3943.4 3951.7 3946.5 3928.6 
 3886.4 3858.1 3819.8 3797.1 3779.6 3804 3815.5 3822.8 3794.9 3758.8 
 3692.5 3648.9 3606.3 3579.4 3561.8 3511.8 3441.9 3334.7 3237.2 3127.9 
 3023.9 2959.8 2892.8 2822.2 2740.3 2645.6 2545.9 2454.4 2370.5 2295.9 
 2208.5 2124.1 2042.5 1976.2 1923.7 1890.8 1869.3 1858.5 1859.8 1863.6 
 1869.5 1872.2 1873.3 1879.7 1910.2 1958.8 2016 2054.8 2074.7 2092.9 
 2119.4 2169.8 2261.2 2346.1 2415.6 2441.1 2407.2 2331.1 2233.2 2112.8 
 1935.9 1725.9 1515.1 1306.6 1112.5 939.73 808.56 720.02 650.87 588.25 
 535.09 488.46 434.66 382.15 332.61 287.68 249.58 220.77 197.82 174.92 
 154.31 137.97 127.69 119.08 111.21 105.11 98.512 92.191 86.073 80.551 
 75.302 70.146 64.917 59.971 55.284 50.935 46.869 43.248 39.953 37.157 
 34.802 32.733 31.124 29.619 28.341 27.234 26.245 25.255 24.323 23.491 
 22.727 22.014 21.369 20.857 20.455 20.199 19.952 19.969 20.111 20.266 
 20.422 20.65 20.813 21.095 21.323 21.622 21.926 22.179 22.452 22.748 
 23.042 23.244 23.504 23.742 23.982 24.212 24.438 24.656 24.895 25.081 
 25.377 25.541 25.723 25.884 26.055 26.223 26.345 26.52 26.663 26.792 
 26.961 27.148 27.351 27.564 27.798 27.998 28.2 28.429 28.653 28.887 
 29.069 29.297 29.53 29.724 29.925 30.135 30.264 30.44 30.583 30.731 
 30.842 
