IESNA:LM-63-2002
[TEST] 1
[TESTLAB] 
[TESTDATE] 2024-12-23
[ISSUEDATE] 2024-12-23 11:31:10
[LAMPPOSITION] 0,0
[OTHER] EVERFINE GO-2000A_V1 SYSTEM
[MANUFAC] 
[LUMINAIRE] 80W-4000K
[LAMP] CP08-10-80L-S2D5C3
TILT=NONE
1 12595 1 181 17 1 2 0.250 0.250 0.000
1.000 1 76.1566
0.0    1.0    2.0    3.0    4.0    5.0    6.0    7.0    8.0    9.0    
 10.0   11.0   12.0   13.0   14.0   15.0   16.0   17.0   18.0   19.0   
 20.0   21.0   22.0   23.0   24.0   25.0   26.0   27.0   28.0   29.0   
 30.0   31.0   32.0   33.0   34.0   35.0   36.0   37.0   38.0   39.0   
 40.0   41.0   42.0   43.0   44.0   45.0   46.0   47.0   48.0   49.0   
 50.0   51.0   52.0   53.0   54.0   55.0   56.0   57.0   58.0   59.0   
 60.0   61.0   62.0   63.0   64.0   65.0   66.0   67.0   68.0   69.0   
 70.0   71.0   72.0   73.0   74.0   75.0   76.0   77.0   78.0   79.0   
 80.0   81.0   82.0   83.0   84.0   85.0   86.0   87.0   88.0   89.0   
 90.0   91.0   92.0   93.0   94.0   95.0   96.0   97.0   98.0   99.0   
 100.0  101.0  102.0  103.0  104.0  105.0  106.0  107.0  108.0  109.0  
 110.0  111.0  112.0  113.0  114.0  115.0  116.0  117.0  118.0  119.0  
 120.0  121.0  122.0  123.0  124.0  125.0  126.0  127.0  128.0  129.0  
 130.0  131.0  132.0  133.0  134.0  135.0  136.0  137.0  138.0  139.0  
 140.0  141.0  142.0  143.0  144.0  145.0  146.0  147.0  148.0  149.0  
 150.0  151.0  152.0  153.0  154.0  155.0  156.0  157.0  158.0  159.0  
 160.0  161.0  162.0  163.0  164.0  165.0  166.0  167.0  168.0  169.0  
 170.0  171.0  172.0  173.0  174.0  175.0  176.0  177.0  178.0  179.0  
 180.0  
0.0    22.5   45.0   67.5   90.0   112.5  135.0  157.5  180.0  202.5  
 225.0  247.5  270.0  292.5  315.0  337.5  360.0  
4253.5 4255.9 4249.9 4241.1 4236.1 4235.1 4240 4241.5 4234.9 4216 
 4183 4143.9 4105.8 4081.3 4076.1 4084.9 4098.7 4103.3 4086.7 4044.6 
 3989.2 3931.1 3885.6 3852.7 3822.5 3776.3 3702.4 3602.9 3489.2 3376 
 3278.9 3197.4 3122.9 3042.1 2950.8 2849.6 2747.3 2649.7 2558.8 2468.9 
 2378.8 2288.4 2204.3 2134.5 2079.9 2042 2020.2 2011.8 2014.4 2022.3 
 2026.9 2028.5 2032.1 2047.6 2081.8 2132.1 2187 2230.8 2259 2279.1 
 2312 2371.6 2458.7 2553.1 2624.6 2648.7 2619.4 2547.8 2441.2 2298.5 
 2105.7 1882.1 1652.5 1424.9 1207.7 1019.3 879.25 780.05 703.43 635.51 
 571.74 512.54 453.13 397.57 351.79 309.79 271.38 240.91 213.68 191.84 
 169.99 152.93 141.09 130.7 121.36 113.67 106.23 99.484 93.05 87.316 
 81.761 76.243 70.792 65.408 60.222 55.471 51.059 47.088 43.452 40.437 
 37.794 35.635 33.788 32.178 30.804 29.525 28.401 27.327 26.354 25.441 
 24.561 23.78 23.079 22.512 22.088 21.761 21.56 21.539 21.673 21.837 
 22.032 22.225 22.447 22.694 22.972 23.273 23.57 23.883 24.191 24.483 
 24.778 25.039 25.3 25.534 25.795 26.035 26.288 26.532 26.785 27.02 
 27.264 27.493 27.696 27.883 28.044 28.212 28.358 28.507 28.674 28.842 
 29.03 29.214 29.447 29.653 29.888 30.119 30.361 30.613 30.848 31.082 
 31.32 31.536 31.776 31.983 32.195 32.417 32.601 32.775 32.924 33.074 
 33.191 
4253.5 4254.5 4249.5 4239.6 4229.8 4226.2 4224.9 4226.9 4224.1 4213.1 
 4189.4 4154.9 4115.2 4081 4060.5 4055.1 4062.8 4073.6 4077 4061.2 
 4023.2 3968.7 3908.1 3856.4 3816 3781.3 3741.9 3686.4 3605.7 3506.7 
 3398.2 3293.4 3202.1 3123.4 3049.2 2972 2885.8 2791.2 2693 2598 
 2506 2417.2 2329 2241.4 2156.1 2080.8 2015.9 1963 1923.4 1896 
 1879.6 1870.2 1867 1867.3 1872.3 1882 1896.6 1918.9 1948.6 1985 
 2028 2077.4 2133.6 2197.2 2270.7 2348 2425 2481.3 2492 2445.2 
 2337.9 2189.7 2014.6 1815.4 1601.2 1388.6 1201.7 1043.5 916.25 812.24 
 718.46 634.91 557.32 483.27 421.44 370.6 319.89 279.57 241.1 205.49 
 174.55 149.58 132.32 116.98 103.28 91.927 81.641 72.74 65.715 59.505 
 53.75 48.562 44.124 40.384 37.209 34.687 32.503 30.624 29.069 27.847 
 26.817 25.887 24.991 24.071 23.22 22.537 21.938 21.406 20.93 20.546 
 20.239 20.005 19.838 19.8 19.82 19.873 20.05 20.337 20.641 20.958 
 21.288 21.635 21.991 22.353 22.711 23.075 23.422 23.765 24.09 24.4 
 24.688 24.968 25.225 25.486 25.724 25.953 26.165 26.369 26.567 26.776 
 26.983 27.172 27.354 27.529 27.678 27.847 28.015 28.197 28.378 28.572 
 28.793 29.021 29.262 29.508 29.755 30.002 30.24 30.48 30.728 30.989 
 31.24 31.473 31.7 31.922 32.127 32.33 32.484 32.653 32.789 32.932 
 33.191 
4253.5 4252.4 4247.1 4236.2 4224.6 4216.1 4212.4 4213.7 4216.3 4213.1 
 4202.3 4181.2 4150.6 4112.5 4070.6 4031.4 3995.7 3970 3953.7 3943.2 
 3938.6 3935.1 3928.9 3916 3890.9 3853 3801.1 3738.6 3670.2 3601 
 3533.8 3467.8 3398.6 3320.3 3233.9 3134.4 3027.3 2914.8 2800.2 2687.1 
 2575.3 2466.3 2359.2 2254.9 2152.4 2052.2 1954.7 1859.8 1770.6 1683.6 
 1601.1 1523.2 1452.2 1388.5 1336.3 1295.4 1265.5 1245.5 1234 1231.6 
 1239.2 1261.3 1298 1350.3 1415.5 1490.1 1572.4 1664.2 1763 1865.1 
 1962.7 2045.7 2104.7 2131.5 2121.5 2074.9 2001 1909.5 1799 1672.9 
 1536.3 1396.2 1251.7 1102.9 946.99 794.94 652.38 526.55 420.79 331.83 
 252.83 210.13 176.91 147.25 120.04 95.697 77.973 65.808 57.583 52.212 
 48.004 44.722 42.015 39.651 37.699 36.028 34.526 33.225 32.124 31.095 
 30.066 29.042 27.89 26.61 25.402 24.208 23.132 22.071 21.082 20.415 
 20.192 20.202 20.377 20.55 20.701 20.854 21.03 21.211 21.428 21.686 
 21.947 22.232 22.547 22.86 23.171 23.483 23.801 24.094 24.364 24.637 
 24.871 25.105 25.333 25.534 25.714 25.891 26.04 26.188 26.336 26.467 
 26.611 26.74 26.864 26.98 27.091 27.246 27.395 27.563 27.769 27.993 
 28.22 28.478 28.737 29.003 29.264 29.537 29.788 30.06 30.308 30.586 
 30.847 31.119 31.37 31.605 31.837 32.046 32.249 32.444 32.625 32.807 
 33.191 
4253.5 4251.9 4244.5 4235.8 4227.3 4222.8 4219.8 4217.6 4209 4188.8 
 4159.7 4122.9 4086.7 4059.2 4045.2 4046.1 4053.6 4057.6 4049.9 4023 
 3978.8 3924.2 3870.1 3823.5 3781.8 3740 3686.2 3614.5 3524.5 3427.2 
 3327.8 3236.7 3154.2 3074.8 2996 2912.7 2825.8 2734.9 2644.6 2554.9 
 2464.4 2375.1 2286.6 2202.8 2124.1 2057.9 2004 1961.5 1931.7 1911.4 
 1897.8 1888.4 1882.4 1881.4 1886.1 1901 1924.9 1954.8 1986.4 2018.4 
 2055.8 2101.3 2163.1 2239.8 2321.5 2393.2 2439.6 2450.3 2419.2 2339.6 
 2212.7 2048 1860.7 1660.4 1465.5 1285 1131.4 1003.7 895.63 798.1 
 708.28 624.06 542.89 472.93 418.35 363.98 322.71 284.78 249.18 218.2 
 190.57 172.98 157.83 143.29 129.85 116.33 102.69 89.676 77.232 65.568 
 58.444 52.885 47.974 43.635 39.912 36.85 34.228 32.045 30.317 28.952 
 27.749 26.605 25.605 24.709 23.931 23.238 22.661 22.154 21.733 21.393 
 21.084 20.843 20.616 20.467 20.397 20.431 20.593 20.788 21.007 21.228 
 21.463 21.738 22 22.281 22.6 22.925 23.26 23.577 23.891 24.201 
 24.511 24.806 25.09 25.382 25.643 25.9 26.133 26.362 26.582 26.77 
 26.952 27.12 27.276 27.424 27.553 27.703 27.848 27.994 28.152 28.321 
 28.513 28.721 28.955 29.178 29.417 29.677 29.916 30.165 30.422 30.668 
 30.94 31.207 31.435 31.675 31.913 32.14 32.362 32.588 32.783 32.944 
 33.191 
4253.5 4253.3 4244.4 4236.5 4229.4 4227.9 4227.7 4225.2 4212.9 4187.4 
 4152.4 4112.2 4077.3 4057.8 4054 4060 4064.6 4056.6 4026.9 3977.5 
 3922.6 3868.9 3827 3792 3750.6 3691.2 3607.6 3504.7 3397.1 3295.8 
 3207.2 3127.2 3045.8 2958.4 2864.2 2766.1 2670.7 2577 2484.8 2392.1 
 2298.7 2213.7 2137.8 2076.8 2032.4 2003.1 1987.5 1982.7 1983.3 1985.2 
 1986.3 1990.6 2006 2037.7 2082.2 2133.2 2176.9 2207.7 2233.6 2268.6 
 2327.8 2412.4 2508.7 2586.3 2620.6 2602.5 2541 2443.3 2299.9 2114.1 
 1899.3 1670.8 1448.9 1238.7 1063.5 931.62 832 748.61 671.71 600.62 
 532.62 467.49 416.08 364.76 319.53 281.73 251.42 223.65 199.35 178.22 
 161.24 149.78 139.52 130.27 122.45 114.87 107.55 100.42 93.276 86.531 
 80.364 75.032 69.909 65.005 60.377 56.117 52.244 48.704 45.495 42.742 
 40.319 38.167 36.28 34.441 32.876 31.564 30.326 29.252 28.326 27.558 
 26.916 26.398 25.942 25.61 25.418 25.321 25.38 25.555 25.75 25.957 
 26.186 26.426 26.68 26.932 27.192 27.462 27.747 28.014 28.308 28.575 
 28.858 29.125 29.391 29.675 29.963 30.214 30.461 30.693 30.92 31.129 
 31.316 31.44 31.576 31.699 31.816 31.927 32.018 32.14 32.238 32.36 
 32.464 32.575 32.691 32.75 32.821 32.932 33.049 33.173 33.276 33.373 
 33.469 33.541 33.574 33.645 33.697 33.71 33.716 33.684 33.651 33.599 
 33.191 
4253.5 4251.2 4241 4229.1 4218.7 4213.1 4210.1 4207.2 4195.6 4176.7 
 4144.6 4104.4 4068 4039.8 4024.4 4022.9 4027.7 4029.2 4015.7 3983.7 
 3934.5 3877.2 3822.9 3776.9 3736.4 3690.6 3633.2 3558.7 3469.7 3372.8 
 3277 3189.1 3106.4 3024.8 2943.5 2855.6 2765 2671.2 2579.4 2488.6 
 2396.5 2306.3 2218.7 2136.7 2064.1 2000.8 1949.2 1910.4 1882.2 1862.3 
 1849.9 1843.6 1842.3 1846.5 1857.4 1875.4 1901.1 1934.1 1970.1 2011.6 
 2061.2 2124 2195.7 2276 2350.6 2406.1 2432.1 2415.8 2348.1 2233.1 
 2077.5 1897 1701.1 1505.8 1321.9 1158.5 1021.8 903.63 799.08 702.54 
 615.15 535.99 466.98 407.01 356.08 314.54 276.22 239.72 210.01 184.61 
 168.61 155.06 140.86 127.01 113.25 99.688 85.977 74.72 65.503 58.773 
 53.443 48.619 44.486 40.811 38.207 36.073 34.351 32.943 31.72 30.734 
 29.817 28.953 28.199 27.41 26.706 26.132 25.635 25.261 24.93 24.694 
 24.518 24.376 24.309 24.264 24.264 24.399 24.599 24.834 25.077 25.363 
 25.638 25.947 26.261 26.577 26.895 27.232 27.555 27.878 28.197 28.484 
 28.775 29.071 29.352 29.638 29.923 30.159 30.374 30.568 30.744 30.905 
 31.041 31.166 31.269 31.38 31.484 31.586 31.685 31.781 31.873 31.989 
 32.087 32.196 32.287 32.353 32.392 32.482 32.56 32.651 32.756 32.846 
 32.918 32.989 33.009 33.074 33.126 33.164 33.19 33.191 33.197 33.197 
 33.191 
4253.5 4249.5 4238.1 4226.3 4212.3 4203.2 4199.2 4198.4 4193.2 4183.9 
 4165.2 4139.3 4102.8 4062.7 4021.5 3985.6 3956.9 3935.7 3921.6 3912.5 
 3905.4 3895.4 3879.9 3854.9 3817.8 3767.1 3707 3641 3573.2 3506.1 
 3438.1 3366.8 3286.2 3196.5 3096 2988.9 2879.5 2768.6 2659 2549.3 
 2440.5 2333.5 2227.8 2125.5 2027 1931 1838.9 1749.4 1664.4 1582.8 
 1505.4 1435.4 1374.4 1324.7 1285.9 1257.8 1237.3 1224.2 1220.5 1229.7 
 1255.8 1297.6 1352.5 1416.1 1486.5 1566.8 1659.6 1756.2 1855.2 1943.1 
 2014.3 2063 2076.2 2056.5 2006.9 1933.8 1842.2 1729.3 1600.3 1468.2 
 1331.4 1188.4 1038 883.76 733.86 598.53 482.98 390.82 298.92 241.2 
 210.32 183.06 158.19 134.98 114.99 95.58 78.178 66.376 57.787 52.28 
 48.447 45.347 42.831 40.694 38.897 37.387 36.145 35.042 33.935 32.913 
 31.796 30.531 29.298 28.102 27.018 26.002 25.083 24.347 24.024 24.11 
 24.31 24.499 24.693 24.848 24.992 25.173 25.368 25.568 25.808 26.068 
 26.352 26.671 26.975 27.275 27.579 27.887 28.182 28.451 28.74 28.993 
 29.249 29.48 29.69 29.891 30.07 30.239 30.377 30.506 30.623 30.759 
 30.868 30.965 31.07 31.181 31.31 31.433 31.557 31.668 31.824 31.966 
 32.1 32.231 32.361 32.445 32.509 32.62 32.73 32.828 32.945 33.035 
 33.119 33.178 33.223 33.288 33.307 33.307 33.314 33.301 33.236 33.197 
 33.191 
4253.5 4247 4234.5 4221.4 4214.3 4210.3 4206.9 4201.6 4184.2 4158.4 
 4123.1 4085.8 4054.7 4036.1 4032.5 4036.5 4041.1 4033.7 4009.2 3966.4 
 3910.6 3855.7 3804.2 3761.8 3719.4 3665.9 3596 3508.6 3409.6 3311.8 
 3218.2 3133.6 3052.6 2971.2 2883.8 2791.4 2697.6 2603.3 2510.3 2418.6 
 2326.5 2235.9 2149.4 2069.9 2001.8 1947.4 1905.2 1874.5 1854.8 1841.4 
 1832.3 1826.8 1827.4 1835.6 1852.5 1877 1906.6 1938.7 1974.9 2021.3 
 2080.7 2156 2240.5 2328.3 2403.5 2455.2 2471 2431 2331.3 2185.4 
 2004.6 1805.4 1597 1396.2 1226.3 1082.2 962.79 859.5 764.97 675.41 
 585.07 502.21 431.99 377.23 333.69 295.52 259.62 228.6 205.51 182.43 
 168.29 155 142.38 130.67 118.69 106 93.412 81.62 69.797 59.739 
 53.442 48.896 45.053 41.667 38.735 36.329 34.537 33.156 31.927 30.872 
 29.902 28.99 28.169 27.399 26.668 26.016 25.513 25.095 24.768 24.513 
 24.331 24.239 24.193 24.173 24.366 24.606 24.868 25.158 25.453 25.734 
 26.038 26.323 26.644 26.965 27.272 27.601 27.911 28.225 28.523 28.82 
 29.094 29.35 29.634 29.992 30.269 30.498 30.696 30.872 31.041 31.173 
 31.282 31.373 31.47 31.555 31.652 31.755 31.834 31.938 32.068 32.177 
 32.307 32.425 32.534 32.593 32.665 32.761 32.878 32.981 33.079 33.177 
 33.248 33.3 33.32 33.359 33.405 33.424 33.424 33.431 33.372 33.301 
 33.191 
4253.5 4245.7 4233.5 4223.7 4217.8 4216.5 4213.2 4204.5 4185.2 4153.3 
 4116.5 4079.4 4055 4046.2 4050.5 4057.7 4055.7 4034.2 3989.5 3932 
 3874 3828.9 3792.8 3755.2 3701.5 3622.2 3520.2 3408.7 3302.8 3209.6 
 3127.7 3047.3 2958.3 2860.8 2758.1 2659.2 2564.3 2472.3 2380.3 2286.8 
 2196.8 2117.2 2051.2 2003.2 1971.1 1955 1952.2 1957.7 1961.8 1960.3 
 1957.1 1964.1 1992.3 2044 2105.4 2156.8 2187 2202 2225.4 2283.5 
 2381.9 2501 2597.8 2642.5 2628.1 2573.5 2480.7 2336.9 2134.4 1902.6 
 1661.9 1427.2 1207.9 1037.2 924.71 844.33 765.59 687.47 614.32 533.93 
 450.7 396.89 343.12 300.99 268.35 239.63 213.66 191.5 172.56 158.64 
 148.64 139.16 130.95 123.44 116.12 108.92 101.9 94.917 87.999 81.306 
 74.722 68.641 63.577 58.79 54.351 50.464 46.895 43.834 41.232 38.925 
 36.918 35.226 33.887 32.636 31.422 30.297 29.256 28.389 27.638 26.994 
 26.467 26.077 25.769 25.535 25.562 25.679 25.835 26.017 26.192 26.381 
 26.601 26.809 27.057 27.301 27.586 27.864 28.133 28.415 28.683 28.937 
 29.221 29.469 29.745 30.019 30.265 30.499 30.727 30.928 31.083 31.147 
 31.181 31.413 31.654 31.829 31.92 32.011 32.095 32.179 32.276 32.373 
 32.452 32.555 32.633 32.678 32.73 32.802 32.905 32.983 33.068 33.152 
 33.21 33.262 33.275 33.333 33.392 33.392 33.385 33.359 33.32 33.255 
 33.191 
4253.5 4245.2 4231.5 4219.3 4211.5 4205.9 4202.7 4195.1 4180.3 4154.3 
 4121.9 4086.6 4058.6 4041.1 4034.9 4037.1 4041.9 4034.9 4009.3 3966.6 
 3912.4 3855.3 3803.5 3759.7 3719.2 3668.7 3602.7 3516.8 3417.1 3315.1 
 3220.4 3135.3 3056.1 2975.8 2889.5 2795.7 2699.5 2604.5 2512.9 2421.7 
 2332 2241.4 2153.2 2071.4 2000.2 1942 1895.8 1862.6 1840.7 1826.8 
 1820.3 1817.3 1817.1 1821.1 1832.1 1852.9 1885.3 1926.3 1971.7 2017.3 
 2066 2125.1 2203.3 2300.1 2394 2461.6 2476.8 2432.3 2334.6 2195.3 
 2015.8 1809.9 1591 1384.2 1212.2 1072.6 963.01 862.85 769.05 681.74 
 589.3 501.74 429.94 373.64 329.18 290.03 254.04 223.09 200.09 177.18 
 164.69 152.71 140.03 126.54 113.6 101.11 89.304 78.216 68.268 58.699 
 50.604 46.437 43.018 39.962 37.092 34.565 32.719 31.474 30.561 29.742 
 29.004 28.325 27.696 27.057 26.387 25.857 25.492 25.177 24.902 24.686 
 24.491 24.375 24.296 24.283 24.451 24.657 24.865 25.097 25.347 25.591 
 25.871 26.174 26.481 26.791 27.099 27.407 27.701 28.03 28.328 28.628 
 28.902 29.186 29.456 29.718 29.995 30.243 30.458 30.666 30.84 30.977 
 31.094 31.205 31.309 31.399 31.478 31.568 31.634 31.718 31.795 31.822 
 31.822 32.041 32.113 32.255 32.34 32.425 32.489 32.587 32.665 32.749 
 32.807 32.866 32.885 32.943 32.989 33.054 33.054 33.074 33.074 33.074 
 33.191 
4253.5 4244.9 4233.5 4220.2 4210.8 4204.2 4202.2 4200.4 4196.1 4184.2 
 4162.4 4133.3 4095.9 4054.9 4016.5 3983.2 3957.8 3939.7 3927.3 3919.5 
 3911.3 3899.8 3881.7 3853.2 3810.9 3756 3691.9 3623.6 3555.2 3488.3 
 3419.3 3348 3268.5 3177.1 3076.9 2970.2 2859.3 2747.3 2636.1 2526.1 
 2416.5 2308.9 2201.6 2098.3 1997.8 1901 1808.1 1719.9 1638.1 1559.1 
 1483.6 1415.2 1355.1 1306.1 1269.8 1244.8 1229.3 1220.5 1219 1228.3 
 1252.6 1295 1354.4 1427.6 1507.1 1591.1 1681.4 1780.2 1879.6 1970.3 
 2043.6 2088.7 2097.7 2068.3 2009.1 1930.8 1840.1 1728.8 1599.2 1464.9 
 1333 1196.4 1048.6 894.92 743.66 606.75 491.28 399.54 308.12 247.29 
 215.1 188.61 165.39 144.83 124.83 104.98 86.829 69.883 58.596 53.082 
 48.798 45.311 42.592 40.321 38.421 36.864 35.623 34.503 33.402 32.365 
 31.192 29.924 28.714 27.541 26.515 25.513 24.584 23.944 23.811 23.97 
 24.219 24.454 24.637 24.81 24.984 25.18 25.395 25.634 25.88 26.153 
 26.44 26.727 27.037 27.328 27.627 27.934 28.237 28.518 28.781 29.034 
 29.267 29.494 29.71 29.911 30.097 30.259 30.409 30.526 30.649 30.765 
 30.862 30.946 31.025 31.123 31.232 31.331 31.453 31.564 31.686 31.81 
 31.946 32.069 32.18 32.263 32.329 32.433 32.536 32.633 32.744 32.828 
 32.886 32.97 33.003 33.061 33.074 33.074 33.074 33.067 33.028 32.989 
 33.191 
4253.5 4245.3 4233.9 4225.5 4218.9 4217.2 4213.9 4209.1 4192.8 4166.8 
 4129.7 4092.9 4061.9 4043.6 4036.8 4037.1 4040.6 4032.1 4006.4 3965.2 
 3914.1 3861.1 3811.3 3766.7 3723 3672.4 3607.9 3526.2 3435 3339.9 
 3246.1 3158.2 3076.2 2994.1 2909.4 2820.8 2729.7 2637.7 2548 2458.4 
 2369.7 2283.4 2201.4 2125.6 2057.9 2002 1955.4 1919.9 1893.1 1874.5 
 1861.8 1855.3 1854.4 1860.7 1875.3 1896.5 1921.5 1949.6 1980.5 2018.7 
 2069.5 2135.5 2209.6 2281.2 2336.3 2369.9 2377.8 2352.9 2287.9 2168.9 
 2010.1 1831.6 1638.4 1443.9 1263.5 1109.3 984.24 881.39 795.61 718.6 
 641.27 559.51 484.8 423.05 371.29 330.86 294.27 258.87 228.17 205.43 
 182.82 167.57 153.74 141.01 128.31 115.42 102.34 89.258 76.557 66.365 
 58.994 53.318 48.572 44.356 40.74 37.817 35.497 33.977 32.656 31.485 
 30.542 29.608 28.752 27.93 27.12 26.361 25.682 25.16 24.741 24.446 
 24.195 24.018 23.933 23.895 23.932 24.182 24.468 24.782 25.109 25.427 
 25.753 26.096 26.427 26.769 27.112 27.447 27.786 28.133 28.456 28.781 
 29.081 29.388 29.672 29.955 30.197 30.42 30.64 30.807 30.982 31.126 
 31.218 31.321 31.38 31.451 31.465 31.542 31.652 31.89 31.989 32.107 
 32.223 32.346 32.444 32.496 32.555 32.632 32.722 32.8 32.91 32.982 
 33.028 33.073 33.08 33.132 33.183 33.203 33.197 33.197 33.184 33.145 
 33.191 
4253.5 4249.8 4241.6 4234.9 4232.5 4234.3 4232.1 4224.4 4204.2 4171.6 
 4133.6 4097.2 4074.9 4067.4 4070.6 4076.9 4070.6 4047.5 4004.2 3950.2 
 3896.1 3848.7 3808.1 3769.1 3718.9 3648.3 3556.7 3453.5 3349.1 3254.2 
 3168.7 3087.5 3004 2914.1 2819.1 2721.9 2628.7 2538.5 2450.8 2364.6 
 2281.2 2204.9 2139.3 2086.7 2048.1 2021.7 2007.1 2003 2004.6 2010.5 
 2018.7 2029.8 2045.9 2074.4 2112.8 2154.9 2196 2231 2266.1 2308.3 
 2362.9 2430.4 2495.1 2540.6 2553.9 2527.2 2458.2 2347.9 2195.7 2013.9 
 1804.1 1587.9 1377.2 1178.4 1013.6 888.02 802.5 738 679.13 622.14 
 557.44 485.54 417.13 362.9 312.86 276.67 246.49 219.48 197.85 176.28 
 160.06 148.54 138.13 129.1 120.74 113.12 105.75 98.324 91.073 83.85 
 76.905 70.428 64.886 59.869 55.244 51.002 47.059 43.566 40.511 37.829 
 35.43 33.435 31.643 30.119 28.747 27.448 26.216 25.258 24.43 23.7 
 23.096 22.567 22.151 21.864 21.625 21.495 21.526 21.655 21.792 21.966 
 22.161 22.373 22.608 22.859 23.161 23.482 23.79 24.132 24.439 24.729 
 24.988 25.266 25.501 25.747 25.995 26.236 26.469 26.719 26.963 27.187 
 27.409 27.628 27.812 27.973 28.144 28.298 28.453 28.615 28.778 28.958 
 29.161 29.374 29.608 29.853 30.126 30.385 30.639 30.901 31.139 31.399 
 31.638 31.873 32.092 32.325 32.527 32.743 32.924 33.086 33.249 33.411 
 33.191 
4253.5 4251.3 4244.2 4237.6 4231 4229.7 4229.7 4222.4 4209.8 4185.3 
 4153.8 4116.1 4085.1 4064.5 4057.1 4060.6 4065.6 4060.4 4042.6 4007.1 
 3958.9 3905.1 3851.5 3806 3763.4 3717.3 3660 3588.5 3499.1 3403.2 
 3309 3219.6 3135 3055.3 2976.4 2892.1 2802.2 2710.3 2618 2532 
 2444.2 2358.9 2276 2197.1 2124 2060.9 2008.7 1966.7 1934.2 1909.9 
 1894.8 1885.3 1881.3 1883 1890.7 1904.9 1922.9 1946.4 1975.5 2011.3 
 2055.4 2109 2168.7 2229.1 2286.6 2336.3 2376 2392.1 2373.8 2307.4 
 2189.4 2037.7 1860.8 1666.6 1467.9 1281.5 1121.9 992.74 890.32 806.47 
 729.43 654.43 572.17 492.22 428.08 363.96 319.23 279.9 245.29 215.3 
 189.01 171.36 156.41 143.14 130.78 118.81 106.66 93.871 80.59 68.654 
 57.364 47.835 43.735 40.152 36.978 34.351 32.117 30.389 28.968 27.76 
 26.718 25.795 24.845 24.046 23.336 22.632 22.072 21.586 21.186 20.869 
 20.601 20.384 20.241 20.203 20.217 20.365 20.628 20.926 21.224 21.537 
 21.841 22.16 22.49 22.821 23.134 23.491 23.819 24.124 24.434 24.722 
 24.994 25.247 25.506 25.731 25.972 26.206 26.426 26.646 26.872 27.043 
 27.229 27.411 27.579 27.736 27.878 28.054 28.216 28.378 28.572 28.761 
 28.988 29.228 29.475 29.717 29.988 30.222 30.461 30.695 30.934 31.163 
 31.403 31.622 31.824 32.032 32.231 32.399 32.575 32.731 32.88 33.022 
 33.191 
4253.5 4253.5 4246.6 4236.8 4227.8 4221.6 4219.6 4220.6 4221.3 4216.6 
 4202.2 4180.8 4150.3 4112.4 4074.8 4037.4 4004.2 3978.8 3963.1 3954.7 
 3949.8 3942.2 3932.5 3914.6 3886.9 3844.4 3790.2 3728 3659.5 3589.5 
 3519.9 3450.8 3377.6 3297.7 3210.9 3110.6 3003.2 2892.2 2778.9 2666.8 
 2554.6 2445.6 2337.6 2233.1 2129.3 2030.5 1934.5 1840.3 1750.4 1665.4 
 1585.9 1511.1 1444.5 1385.3 1336 1297.3 1268.9 1251.6 1243.2 1244.9 
 1256.9 1281.9 1320 1372.1 1434.9 1510.7 1595 1688.2 1782.8 1875 
 1959.9 2031.1 2080.7 2103 2088.7 2043.1 1971.8 1882 1777.4 1659.5 
 1526 1389.2 1249.1 1108.4 960.3 813.24 672.1 546.29 437.89 344.83 
 262.69 214.02 183.1 152.17 128.64 107.89 89.601 74.137 61.723 54.34 
 49.452 45.619 42.686 40.146 38.019 36.243 34.719 33.369 32.218 31.099 
 30.055 29.002 27.832 26.589 25.386 24.25 23.171 22.141 21.249 20.657 
 20.502 20.546 20.709 20.877 21.024 21.167 21.324 21.498 21.699 21.922 
 22.18 22.47 22.776 23.102 23.414 23.735 24.054 24.342 24.621 24.874 
 25.111 25.338 25.547 25.741 25.931 26.1 26.248 26.37 26.521 26.644 
 26.753 26.876 26.988 27.104 27.228 27.39 27.545 27.709 27.901 28.123 
 28.361 28.613 28.843 29.129 29.409 29.674 29.938 30.2 30.458 30.73 
 30.99 31.251 31.509 31.757 32.004 32.191 32.405 32.607 32.794 32.957 
 33.191 
4253.5 4254.9 4249.7 4239.8 4231.9 4226.9 4227.1 4228 4223.8 4211.7 
 4188.5 4155.8 4120.3 4090.8 4072.3 4067.5 4073.3 4081 4079.5 4061 
 4021.6 3970.7 3913.1 3861.9 3817.3 3775.9 3732.2 3673.2 3595.3 3501.5 
 3399.9 3301.9 3211.6 3129.3 3050.6 2968.2 2882.9 2790 2694.2 2598.4 
 2503.8 2413.4 2323.6 2236.9 2153.4 2079.5 2016.7 1966 1928.7 1901.8 
 1884 1872.5 1866.5 1865.9 1872 1884.7 1901.7 1923.9 1952.1 1986.4 
 2029 2081.7 2144.2 2213.1 2283.6 2348.4 2407.2 2448.5 2456.1 2411.6 
 2307.3 2159.3 1982.7 1786 1575 1372.8 1192.4 1041.5 916.33 814.38 
 725.93 648.25 572.17 497.12 434.3 384.89 335.64 295.92 259.4 226.12 
 197.03 172.86 155.04 138.14 123.36 109.3 95.85 83.996 76.003 68.633 
 62.016 55.972 50.654 45.992 42.178 38.878 36.094 33.719 31.884 30.412 
 29.183 28.112 27.148 26.194 25.31 24.525 23.871 23.294 22.778 22.362 
 21.975 21.647 21.348 21.083 20.923 20.865 20.91 21.06 21.228 21.432 
 21.652 21.905 22.175 22.459 22.775 23.081 23.428 23.752 24.066 24.377 
 24.674 24.972 25.251 25.527 25.789 26.038 26.304 26.531 26.748 26.95 
 27.151 27.294 27.45 27.581 27.735 27.845 27.995 28.133 28.293 28.477 
 28.671 28.871 29.091 29.313 29.54 29.772 30.029 30.273 30.534 30.794 
 31.045 31.296 31.546 31.785 32.043 32.271 32.491 32.691 32.893 33.074 
 33.191 
4253.5 4255.9 4249.9 4241.1 4236.1 4235.1 4240 4241.5 4234.9 4216 
 4183 4143.9 4105.8 4081.3 4076.1 4084.9 4098.7 4103.3 4086.7 4044.6 
 3989.2 3931.1 3885.6 3852.7 3822.5 3776.3 3702.4 3602.9 3489.2 3376 
 3278.9 3197.4 3122.9 3042.1 2950.8 2849.6 2747.3 2649.7 2558.8 2468.9 
 2378.8 2288.4 2204.3 2134.5 2079.9 2042 2020.2 2011.8 2014.4 2022.3 
 2026.9 2028.5 2032.1 2047.6 2081.8 2132.1 2187 2230.8 2259 2279.1 
 2312 2371.6 2458.7 2553.1 2624.6 2648.7 2619.4 2547.8 2441.2 2298.5 
 2105.7 1882.1 1652.5 1424.9 1207.7 1019.3 879.25 780.05 703.43 635.51 
 571.74 512.54 453.13 397.57 351.79 309.79 271.38 240.91 213.68 191.84 
 169.99 152.93 141.09 130.7 121.36 113.67 106.23 99.484 93.05 87.316 
 81.761 76.243 70.792 65.408 60.222 55.471 51.059 47.088 43.452 40.437 
 37.794 35.635 33.788 32.178 30.804 29.525 28.401 27.327 26.354 25.441 
 24.561 23.78 23.079 22.512 22.088 21.761 21.56 21.539 21.673 21.837 
 22.032 22.225 22.447 22.694 22.972 23.273 23.57 23.883 24.191 24.483 
 24.778 25.039 25.3 25.534 25.795 26.035 26.288 26.532 26.785 27.02 
 27.264 27.493 27.696 27.883 28.044 28.212 28.358 28.507 28.674 28.842 
 29.03 29.214 29.447 29.653 29.888 30.119 30.361 30.613 30.848 31.082 
 31.32 31.536 31.776 31.983 32.195 32.417 32.601 32.775 32.924 33.074 
 33.191 
