IESNA:LM-63-2002 
[TEST] 4791498147.3-9a
[TESTLAB] UL-CCIC Company Limited
[ISSUEDATE] 2024-11-18
[MANUFAC] Foshan MLS Technology Co., Ltd.
[LUMINAIRE] Low Bay Luminaires (Commercial and Industrial)
[LUMCAT] BPANEL-50S54-UNV-D-8SC61-22-G-WH-H
[BALLAST] 120VAC 60Hz 
TILT=NONE
1 -1 1 181 17 1 2 0.55 0.55 0
1 1 48.3
0 1 2 3 4 5 6 7 8 9 10 11 12 13 14 15 16 17 18 19 20 21 22 23 24 25 26 27 28 29 30 31 32 33 34 35 36 37 38 39 40 41 42 43 44 45 46 47 48 49 50 51 52 53 54 55 56 57 58 59 60 61 62 63 64 65 66 67 68 69 70 71 72 73 74 75 76 77 78 79 80 81 82 83 84 85 86 87 88 89 90 91 92 93 94 95 96 97 98 99 100 101 102 103 104 105 106 107 108 109 110 111 112 113 114 115 116 117 118 119 120 121 122 123 124 125 126 127 128 129 130 131 132 133 134 135 136 137 138 139 140 141 142 143 144 145 146 147 148 149 150 151 152 153 154 155 156 157 158 159 160 161 162 163 164 165 166 167 168 169 170 171 172 173 174 175 176 177 178 179 180 
0 22.5 45 67.5 90 112.5 135 157.5 180 202.5 225 247.5 270 292.5 315 337.5 360 
2090.031 2091.840 2086.250 2090.460 2085.660 2084.980 2083.160 2077.150 2073.760 2066.970 2062.980 2049.350 2045.020 2029.380 2026.240 2015.860 2005.030 1999.140 1987.970 1978.430 1963.000 1949.870 1930.480 1916.100 1902.090 1880.500 1863.990 1850.750 1832.280 1817.900 1801.590 1786.750 1766.240 1745.080 1722.550 1702.280 1674.860 1651.570 1628.660 1599.370 1573.900 1549.310 1518.640 1491.860 1467.480 1437.740 1408.110 1381.490 1352.350 1322.630 1294.770 1264.330 1233.340 1205.120 1178.330 1146.510 1116.670 1089.530 1056.280 1027.370 994.681 958.872 920.114 885.837 848.851 809.249 772.941 737.401 700.143 665.908 633.462 596.888 561.694 528.363 494.621 460.864 429.168 397.800 366.521 337.197 305.574 273.400 241.180 208.355 175.317 144.701 115.828 86.739 61.255 35.718 13.977 2.830 2.198 2.110 1.781 2.318 1.557 2.118 1.509 1.818 1.766 1.617 1.882 1.425 2.085 1.473 2.364 1.828 1.935 1.322 1.483 2.455 1.727 2.223 1.566 2.371 1.594 2.177 1.690 1.942 2.282 1.644 2.334 1.821 2.131 2.145 2.137 2.352 1.946 2.604 1.991 2.728 2.049 2.884 2.228 2.811 2.343 2.519 2.694 2.402 3.060 2.486 3.273 2.541 3.256 2.771 3.238 3.044 3.225 3.135 3.330 2.914 3.289 2.965 3.323 2.963 3.521 2.933 3.662 3.186 3.381 3.839 3.318 3.639 4.077 3.619 3.676 4.195 4.533 4.341 4.158 4.158 4.292 4.297 4.439 4.622 5.277 4.729 5.267 4.792 5.048
2090.031 2088.290 2086.350 2087.820 2087.880 2085.350 2077.690 2073.420 2077.650 2066.600 2066.050 2054.840 2043.120 2039.510 2023.780 2019.600 2004.410 2000.590 1990.340 1977.820 1971.780 1955.400 1941.470 1925.810 1908.260 1893.960 1871.070 1854.260 1840.140 1817.480 1802.910 1786.970 1763.560 1748.370 1731.210 1707.810 1693.840 1673.850 1644.950 1618.140 1592.170 1560.990 1531.940 1505.770 1473.370 1442.590 1415.290 1384.350 1349.250 1320.750 1288.670 1256.490 1222.790 1195.530 1161.710 1128.640 1094.850 1065.720 1033.480 1001.180 970.777 937.219 906.143 873.924 842.039 810.897 781.263 751.725 721.540 691.366 667.392 632.706 594.153 556.521 516.310 476.465 436.692 401.337 363.009 327.994 293.629 260.251 227.247 196.772 166.467 137.784 111.087 84.308 60.878 37.684 18.164 4.722 2.341 1.685 1.787 1.789 1.948 1.702 1.278 1.969 1.083 2.084 1.260 1.929 1.683 1.611 1.873 1.507 2.283 1.301 2.126 1.379 2.037 1.536 1.919 1.898 1.827 2.218 1.489 2.197 1.884 2.068 2.154 1.843 2.341 1.718 2.524 1.919 2.518 2.115 2.167 2.647 2.081 2.833 2.060 2.806 2.391 2.805 2.646 2.691 3.004 2.604 3.183 2.497 3.281 2.678 3.446 3.012 2.746 3.557 2.829 3.468 2.777 3.668 2.744 3.517 2.965 3.432 3.265 3.130 3.789 3.247 3.567 4.040 3.475 3.677 4.243 4.215 3.856 4.086 4.434 4.611 4.893 5.007 4.899 4.632 4.743 5.340 5.077 5.348 5.048
2090.031 2085.810 2088.710 2085.480 2084.510 2083.030 2078.910 2076.190 2080.130 2071.740 2065.480 2059.050 2045.520 2042.050 2029.790 2023.700 2007.350 2005.040 1990.290 1986.330 1974.830 1961.920 1947.960 1928.670 1914.730 1895.150 1880.450 1860.130 1838.310 1829.180 1808.830 1789.890 1771.420 1751.630 1736.550 1718.820 1696.640 1678.120 1654.930 1624.840 1600.740 1570.440 1539.300 1514.970 1483.850 1450.550 1423.510 1390.070 1358.870 1330.720 1296.280 1264.100 1235.100 1198.920 1169.720 1138.580 1104.980 1071.820 1040.490 1011.090 979.103 944.474 914.899 884.062 853.544 820.561 791.813 760.764 728.625 701.116 675.678 643.906 608.884 570.740 532.403 491.685 452.919 414.753 378.789 341.306 306.507 271.948 240.092 207.509 178.197 148.497 120.430 94.589 68.723 46.482 25.208 9.811 3.368 2.792 2.264 1.960 1.547 1.203 2.021 0.942 2.065 1.341 2.038 1.394 1.873 1.778 2.223 1.738 1.767 2.227 1.628 1.898 1.525 1.858 2.074 1.919 2.076 1.734 2.122 1.582 2.309 1.728 2.238 1.960 2.068 2.274 1.860 2.509 1.783 2.610 1.981 2.454 2.149 2.404 2.427 2.359 2.778 2.259 2.990 2.267 3.051 2.488 3.031 2.836 2.834 3.180 2.881 3.319 2.863 3.378 2.854 3.297 3.073 2.988 3.188 3.103 3.194 3.242 3.502 2.991 3.712 3.395 3.573 3.963 3.397 3.701 4.302 3.966 3.874 4.149 4.516 4.777 4.993 5.047 5.127 4.922 4.740 5.335 5.224 5.362 5.048
2090.031 2090.980 2088.060 2088.900 2086.110 2083.450 2080.260 2079.040 2075.110 2076.900 2071.710 2057.500 2049.250 2042.020 2033.360 2021.970 2016.330 2001.900 1997.020 1984.720 1976.910 1966.100 1950.320 1932.680 1918.420 1899.490 1882.550 1863.730 1848.720 1828.910 1809.110 1793.480 1776.980 1756.810 1740.390 1723.080 1702.160 1680.820 1659.210 1630.460 1601.200 1574.380 1545.660 1514.560 1486.080 1453.490 1424.320 1395.480 1360.720 1332.080 1299.330 1266.850 1237.160 1206.050 1169.560 1140.090 1107.700 1074.340 1043.530 1013.490 980.900 949.053 917.058 888.078 854.162 824.187 794.981 762.680 731.961 705.924 677.340 649.514 617.462 581.581 542.458 501.831 465.174 425.260 388.892 352.354 316.952 282.443 249.361 217.088 185.574 156.883 127.389 101.450 75.365 51.753 30.409 12.378 3.978 1.682 2.190 1.279 1.621 1.073 1.605 1.392 1.398 1.781 1.412 1.977 1.282 2.145 1.492 2.150 1.491 1.947 1.767 1.783 1.857 1.666 2.039 1.527 2.218 1.468 2.247 1.509 2.132 1.909 1.837 2.250 1.677 2.426 1.789 2.509 1.888 2.565 1.979 2.503 2.181 2.370 2.466 2.287 2.815 2.200 2.972 2.331 2.870 2.676 2.786 2.840 2.789 3.255 2.703 3.485 2.811 3.431 2.920 3.402 2.868 3.391 2.832 3.529 2.957 3.418 3.201 3.132 3.770 3.212 3.750 3.780 3.393 3.934 4.201 3.877 3.973 4.618 4.841 4.700 4.704 4.518 4.610 5.009 5.204 4.741 4.845 4.670 5.048
2090.031 2092.700 2090.000 2089.480 2087.790 2082.790 2081.360 2078.850 2081.300 2076.150 2066.760 2064.030 2051.800 2041.720 2035.190 2022.050 2016.310 2008.880 1992.750 1989.470 1977.460 1967.950 1954.200 1933.070 1917.870 1904.690 1882.020 1865.500 1850.800 1828.970 1812.210 1795.690 1776.180 1756.310 1743.090 1720.030 1703.090 1684.540 1656.630 1630.840 1605.120 1574.980 1544.200 1516.860 1486.970 1454.530 1426.720 1397.370 1363.260 1332.350 1299.730 1266.030 1238.090 1204.390 1171.070 1139.390 1107.180 1073.430 1043.570 1011.200 981.005 948.226 914.132 884.778 854.618 823.240 793.924 762.900 734.188 703.753 676.410 649.065 618.217 581.945 543.619 504.203 464.952 427.895 390.015 354.186 317.965 284.687 250.712 219.092 188.566 158.267 130.369 102.794 77.790 53.083 32.225 12.171 3.238 1.758 1.599 1.784 1.052 1.671 1.261 2.400 1.394 1.962 1.246 1.908 1.410 1.895 1.838 1.668 2.078 1.316 1.990 1.505 2.260 1.385 2.302 1.674 1.974 1.941 1.653 2.264 1.452 2.360 1.689 2.374 1.883 2.145 2.103 2.113 2.220 2.132 2.517 2.041 2.647 1.950 2.777 2.175 2.734 2.559 2.560 2.781 2.608 2.885 2.522 3.208 2.545 3.318 2.796 3.308 2.924 3.356 2.992 3.411 2.872 3.357 2.906 3.576 2.854 3.639 2.926 3.664 3.205 3.403 3.895 3.341 3.985 4.003 3.672 4.020 4.568 4.628 4.453 4.290 4.343 4.408 4.493 4.832 5.311 4.609 5.008 4.726 5.048
2090.031 2089.520 2084.740 2087.430 2089.540 2084.800 2084.870 2079.660 2074.720 2076.220 2065.440 2056.870 2051.420 2037.730 2034.510 2020.560 2012.180 2006.410 1992.870 1986.900 1973.460 1968.810 1946.810 1934.560 1912.350 1901.150 1880.180 1861.400 1848.170 1826.690 1812.870 1791.300 1772.590 1757.270 1737.590 1722.160 1703.980 1675.830 1656.450 1627.870 1597.090 1573.110 1543.130 1510.980 1481.500 1453.760 1423.440 1388.370 1359.530 1328.970 1294.280 1264.930 1233.280 1198.370 1167.920 1136.850 1103.930 1071.280 1041.460 1009.200 976.729 947.439 916.340 883.030 852.006 823.989 792.159 760.642 732.704 703.460 678.294 647.174 614.676 577.876 538.666 500.393 461.935 422.703 387.011 348.801 314.411 280.047 245.905 214.805 183.348 153.753 124.640 98.799 72.250 48.805 27.723 11.074 3.433 2.033 2.805 2.037 2.488 1.436 2.118 1.474 2.046 1.525 1.774 1.632 1.583 1.923 1.718 2.234 1.510 2.021 1.261 2.050 1.514 2.014 1.787 1.787 2.275 1.543 2.307 1.461 2.336 1.857 2.238 2.174 1.925 2.423 1.826 2.523 1.791 2.490 2.036 2.492 2.316 2.173 2.869 2.177 2.932 2.331 2.713 2.707 2.666 3.000 2.597 3.269 2.573 3.378 2.731 3.358 2.775 3.426 2.895 3.457 2.869 3.524 2.979 3.557 2.897 3.710 2.952 3.571 3.431 3.368 4.010 3.412 3.916 4.207 3.861 3.991 4.543 4.697 4.278 4.333 4.453 4.530 4.528 4.817 5.341 4.648 5.359 4.854 5.048
2090.031 2086.250 2084.110 2087.260 2082.940 2081.040 2077.830 2080.040 2074.970 2075.280 2065.840 2054.050 2047.200 2037.560 2031.330 2016.750 2012.650 2000.680 1995.510 1982.090 1974.630 1957.000 1946.610 1928.620 1909.030 1893.800 1875.870 1860.350 1842.890 1821.460 1808.110 1791.750 1769.800 1757.990 1735.930 1718.820 1696.340 1671.890 1648.120 1618.750 1588.280 1565.490 1535.840 1501.760 1475.960 1445.120 1413.450 1385.380 1351.290 1321.400 1293.450 1257.400 1229.100 1194.780 1162.360 1133.040 1098.610 1067.090 1036.450 1004.700 969.804 941.151 911.737 877.486 846.687 817.296 783.960 753.809 723.551 691.885 668.968 637.459 603.621 567.602 528.905 488.312 449.919 411.486 375.219 338.001 302.342 268.080 235.750 203.173 172.893 143.441 115.201 88.400 63.028 40.219 19.680 7.370 2.601 2.318 2.097 1.362 1.749 1.171 1.911 1.164 1.825 1.563 1.637 1.795 1.516 2.223 1.471 2.178 1.550 1.965 1.573 2.070 1.646 1.483 2.329 1.552 2.193 1.700 2.112 1.884 1.853 2.362 1.671 2.372 1.822 2.313 2.102 2.050 2.447 1.866 2.676 1.972 2.467 2.406 2.346 2.807 2.254 2.952 2.327 3.046 2.550 2.981 2.705 2.867 3.086 2.865 3.373 2.810 3.285 2.805 3.593 2.854 3.590 2.895 3.507 3.058 3.513 3.272 3.243 3.972 3.249 3.922 3.887 3.499 4.154 4.401 3.952 3.960 4.518 4.791 4.572 4.415 4.376 4.496 4.711 4.986 5.460 4.756 5.304 4.840 5.048
2090.031 2084.510 2087.650 2087.560 2087.460 2082.030 2076.520 2079.650 2074.030 2066.010 2063.220 2049.580 2045.420 2037.800 2021.090 2016.780 2003.350 1997.860 1988.070 1979.560 1968.030 1955.650 1942.800 1922.940 1906.310 1887.000 1867.460 1849.940 1837.170 1817.170 1796.530 1782.390 1762.740 1745.050 1728.020 1706.020 1687.630 1668.510 1640.030 1614.020 1587.290 1556.390 1529.810 1497.130 1467.710 1438.350 1404.790 1375.160 1345.740 1309.740 1281.410 1248.550 1216.310 1182.530 1154.340 1120.320 1084.740 1056.430 1024.420 989.883 958.637 925.721 894.544 863.017 830.257 800.768 767.068 737.965 706.906 680.234 651.323 621.436 589.619 551.920 516.203 476.384 436.475 399.911 361.796 325.513 289.047 255.989 221.831 190.535 159.778 130.457 102.320 76.210 51.151 28.305 9.899 2.824 2.457 1.585 2.325 1.744 1.838 2.347 1.347 2.016 1.545 2.048 1.376 2.050 1.335 2.001 1.559 1.887 1.803 1.592 2.232 1.638 2.285 1.520 2.055 2.060 2.000 2.030 1.731 2.275 1.786 2.457 1.777 2.394 2.052 2.165 2.397 1.988 2.627 1.979 2.717 2.125 2.682 2.232 2.791 2.520 2.640 2.771 2.539 3.020 2.525 3.089 2.550 3.356 2.640 3.403 2.714 3.415 2.892 3.275 2.966 3.195 3.165 3.205 3.006 3.432 2.912 3.655 3.027 3.557 3.708 3.332 4.000 3.556 3.756 4.436 3.835 4.192 4.740 4.693 4.342 4.325 4.543 4.596 4.544 4.625 4.893 5.342 5.185 5.379 5.048
2090.031 2086.550 2086.610 2091.270 2087.260 2079.610 2076.840 2072.520 2073.980 2068.570 2061.700 2052.890 2040.520 2035.180 2020.540 2014.830 2001.130 1991.670 1982.210 1974.390 1960.710 1950.850 1930.330 1920.390 1895.600 1882.370 1862.950 1841.530 1829.290 1811.020 1790.280 1774.120 1756.050 1735.510 1720.000 1698.830 1679.970 1654.330 1630.190 1600.270 1575.770 1547.560 1513.860 1485.280 1455.510 1425.510 1395.770 1363.230 1331.480 1300.250 1267.710 1237.640 1203.190 1172.130 1141.300 1104.730 1075.740 1040.230 1010.540 978.443 943.225 913.222 880.948 846.435 817.889 785.321 752.181 723.987 691.742 665.065 635.129 606.061 573.414 536.379 501.888 461.852 423.260 385.393 347.197 312.369 277.183 243.026 209.852 178.877 147.890 119.441 91.132 65.649 40.014 18.511 4.408 1.910 2.443 1.652 2.503 1.679 2.437 1.527 2.335 1.762 1.852 1.671 1.670 1.944 1.475 2.160 1.360 2.213 1.795 1.992 1.832 1.893 2.108 1.584 2.222 1.810 2.274 1.787 2.194 1.930 1.935 2.397 1.814 2.532 1.836 2.613 1.943 2.549 2.209 2.443 2.489 2.234 2.765 2.139 2.960 2.304 2.904 2.571 2.848 2.868 2.603 3.155 2.529 3.279 2.654 3.255 2.956 3.370 3.171 3.252 3.137 3.268 3.122 3.399 2.964 3.583 2.949 3.741 3.080 3.789 3.283 3.838 3.699 3.501 4.193 4.132 3.775 4.365 4.722 4.329 4.265 4.365 4.459 4.635 4.627 4.627 5.088 5.195 5.298 5.209 5.048
2090.031 2089.090 2085.250 2088.740 2083.990 2081.140 2078.260 2073.420 2069.880 2063.150 2055.100 2046.940 2035.410 2028.140 2013.370 2005.220 1996.890 1981.130 1977.960 1967.120 1954.330 1941.510 1926.380 1909.580 1887.340 1871.710 1856.040 1836.910 1817.640 1798.140 1784.900 1761.300 1744.730 1727.550 1705.410 1688.690 1668.300 1640.660 1615.530 1588.680 1558.970 1530.440 1501.460 1473.100 1440.470 1412.760 1382.580 1352.210 1319.240 1288.340 1256.640 1224.340 1196.690 1162.800 1130.530 1095.920 1068.110 1033.310 1000.690 969.113 938.330 903.514 871.681 842.057 808.528 778.392 745.351 715.673 684.651 659.513 628.562 594.893 559.969 519.817 481.922 442.734 405.392 368.429 332.962 297.306 264.256 232.160 199.647 169.698 140.103 112.527 85.956 61.015 38.157 16.798 5.224 1.900 1.908 1.782 1.785 2.290 1.865 2.368 1.269 2.050 1.710 1.665 1.959 1.367 2.177 1.490 2.397 1.649 2.068 1.973 1.683 2.193 1.630 2.446 1.631 2.137 2.183 1.692 2.559 1.737 2.426 1.770 2.512 2.020 2.434 2.270 2.200 2.516 2.069 2.691 1.966 2.618 2.497 2.271 2.915 2.221 2.776 2.600 2.616 3.006 2.583 3.238 2.577 3.308 2.755 3.167 3.113 3.206 3.266 3.169 3.205 3.178 3.176 3.310 2.956 3.596 3.023 3.567 3.092 3.674 3.280 3.483 4.020 3.387 4.077 3.958 3.692 4.404 4.500 4.201 4.185 4.567 4.943 5.226 5.248 5.089 4.761 5.231 4.744 4.840 5.048
2090.031 2091.490 2084.010 2083.970 2081.740 2077.380 2074.950 2073.300 2066.340 2059.860 2056.160 2042.850 2036.080 2022.370 2010.910 2000.790 1991.230 1982.040 1969.300 1962.870 1948.360 1936.710 1918.840 1899.530 1881.340 1861.180 1846.780 1828.140 1809.840 1792.300 1769.830 1754.690 1736.700 1717.090 1699.620 1678.200 1654.140 1633.370 1602.510 1573.300 1545.370 1519.070 1487.030 1456.620 1428.890 1397.000 1366.280 1335.600 1303.210 1271.530 1239.700 1206.550 1177.470 1142.870 1111.250 1079.950 1047.140 1015.470 984.234 949.838 917.325 885.671 855.319 823.661 792.650 761.060 730.405 699.784 673.766 644.717 614.760 582.439 550.198 516.228 476.604 437.766 400.462 363.462 326.525 292.676 257.998 224.703 193.263 162.446 133.679 104.974 79.427 53.981 32.063 12.582 4.640 2.273 2.065 2.214 1.734 2.593 1.620 2.117 1.598 2.039 1.587 1.650 2.068 1.333 2.079 1.454 2.138 1.982 1.811 2.395 1.467 2.212 1.475 2.200 1.490 2.617 1.986 1.989 2.125 1.836 2.354 1.864 2.514 1.962 2.667 2.001 2.549 2.270 2.273 2.517 2.235 2.644 2.277 2.862 2.211 2.959 2.364 2.906 2.665 2.783 3.118 2.673 3.304 2.607 3.353 2.720 3.465 2.889 3.501 2.989 3.500 3.083 3.432 3.151 3.478 3.192 3.571 3.071 3.539 3.601 3.286 3.995 3.645 3.572 4.262 4.195 3.876 4.300 4.741 4.525 4.475 4.477 4.485 4.519 4.664 4.833 5.355 4.834 5.377 4.994 5.048
2090.031 2082.240 2090.010 2084.560 2082.460 2081.390 2074.130 2065.580 2066.880 2064.530 2050.830 2042.830 2034.820 2019.210 2010.970 2000.020 1988.670 1975.630 1966.300 1955.690 1947.520 1928.430 1918.060 1896.240 1878.660 1859.270 1837.000 1823.770 1802.950 1784.800 1766.690 1745.200 1725.750 1712.340 1690.820 1669.740 1649.190 1624.550 1597.500 1571.190 1539.960 1509.090 1482.190 1448.670 1423.160 1391.330 1356.220 1328.910 1298.370 1264.780 1232.320 1202.550 1166.890 1134.640 1104.240 1070.590 1039.790 1007.680 974.378 941.995 913.077 878.782 846.325 816.929 784.580 751.560 722.502 692.121 666.993 638.915 609.290 577.533 543.837 510.836 471.861 434.531 397.470 361.218 324.537 290.849 256.983 224.284 191.996 162.765 134.270 105.655 79.984 54.797 33.003 13.404 4.072 2.762 1.758 2.263 1.424 2.513 1.723 1.929 2.108 1.518 2.170 1.344 2.107 1.391 2.087 1.857 2.197 1.996 1.813 2.443 1.577 2.100 1.865 1.792 2.348 2.435 1.592 2.240 2.533 1.772 1.883 2.256 1.870 2.617 1.931 2.349 2.288 2.182 2.619 2.000 2.715 2.077 2.700 2.472 2.593 2.789 2.455 2.981 2.456 3.203 2.480 3.202 2.693 3.217 3.138 2.654 3.186 3.690 2.918 3.185 3.614 2.869 3.441 2.950 3.576 3.028 3.663 2.993 3.537 3.317 3.417 3.771 3.337 3.979 4.016 3.610 4.248 4.568 4.296 4.173 4.358 4.752 4.934 5.165 5.268 5.102 4.727 5.173 4.684 4.728 5.048
2090.031 2090.460 2084.730 2085.050 2080.100 2076.230 2071.480 2071.030 2071.050 2061.380 2050.550 2045.830 2030.300 2019.130 2010.390 1999.050 1990.560 1979.420 1969.460 1955.510 1945.410 1933.480 1911.550 1896.250 1876.570 1857.320 1841.310 1817.170 1801.910 1783.870 1763.240 1745.740 1727.600 1705.980 1691.080 1670.970 1645.970 1622.280 1594.090 1564.420 1537.970 1509.270 1474.590 1449.200 1415.670 1384.670 1353.290 1323.700 1291.940 1257.860 1227.850 1193.940 1161.990 1130.000 1099.620 1065.190 1032.790 1000.930 970.413 937.033 906.072 873.290 841.478 812.605 778.240 749.467 718.533 688.157 665.450 633.015 605.136 575.476 542.216 507.457 470.791 432.823 394.445 359.403 322.821 288.014 254.543 223.901 191.488 161.554 132.738 105.684 79.220 54.806 32.514 12.034 3.359 1.738 2.010 1.312 1.781 1.670 1.364 1.671 1.619 2.097 1.139 2.082 1.332 1.981 1.656 1.979 1.813 1.781 2.187 1.698 2.145 1.673 2.440 1.734 2.114 2.012 2.060 2.072 2.081 2.137 1.992 2.367 1.936 2.605 1.853 2.692 2.044 2.556 2.395 2.153 2.762 2.171 2.843 2.132 2.872 2.358 2.874 2.641 2.650 3.097 2.510 3.275 2.558 3.166 2.774 3.175 3.033 3.169 3.126 3.390 3.092 3.222 3.416 2.980 3.571 2.906 3.595 3.078 3.475 3.539 3.319 3.832 3.386 4.010 3.982 3.657 4.424 4.305 4.072 4.819 4.436 4.298 4.382 4.459 4.545 4.577 5.271 4.865 5.391 4.941 5.048
2090.031 2086.800 2084.150 2083.790 2081.970 2076.210 2071.760 2072.350 2071.410 2060.620 2052.550 2044.400 2031.240 2021.680 2013.970 1998.010 1989.540 1979.890 1967.880 1960.490 1946.700 1932.670 1914.410 1899.020 1877.020 1857.550 1843.780 1821.190 1802.260 1787.640 1769.240 1748.310 1733.470 1714.560 1693.000 1671.460 1651.350 1623.010 1594.400 1566.700 1541.660 1510.900 1482.150 1452.080 1422.590 1393.090 1366.370 1332.860 1299.190 1270.830 1237.920 1207.250 1176.980 1147.680 1112.900 1084.370 1052.430 1017.850 987.395 956.094 923.266 891.428 863.997 830.167 800.871 770.274 741.309 710.819 681.746 650.462 613.912 577.041 538.516 500.635 464.542 427.778 391.735 357.436 322.989 289.765 258.636 226.202 197.943 168.661 140.603 114.504 88.775 65.529 42.722 23.470 8.098 3.133 2.154 2.308 2.509 1.521 2.354 1.786 2.279 1.507 2.186 1.489 1.965 1.579 1.847 1.964 1.794 1.881 1.631 2.381 1.577 2.238 1.332 2.183 1.842 2.083 2.135 1.964 2.580 1.905 2.523 1.564 2.525 2.077 2.401 2.276 2.293 2.546 2.015 2.730 1.998 2.746 2.329 2.553 2.659 2.476 2.899 2.446 3.146 2.473 3.265 2.530 3.294 2.753 3.078 3.328 2.761 3.508 3.520 2.846 3.570 3.235 2.876 3.612 3.017 3.166 3.727 2.935 3.751 3.141 3.551 3.708 3.840 3.447 4.175 4.206 3.836 4.258 4.841 4.763 4.410 4.368 4.486 4.643 4.643 4.716 5.270 4.850 5.237 4.657 5.048
2090.031 2085.160 2085.350 2082.050 2076.610 2082.010 2074.200 2071.740 2064.160 2063.950 2056.470 2044.140 2036.100 2021.030 2016.000 1999.970 1993.230 1980.690 1973.880 1961.940 1949.110 1940.300 1918.410 1904.660 1886.830 1862.690 1850.140 1828.520 1809.090 1794.890 1773.510 1753.040 1742.380 1720.970 1696.650 1681.460 1662.870 1635.190 1606.620 1581.860 1551.510 1520.440 1494.910 1466.400 1430.520 1405.440 1372.760 1339.510 1309.420 1279.960 1245.450 1213.060 1183.630 1147.320 1116.630 1085.140 1052.820 1022.660 988.002 957.214 925.378 892.594 858.831 831.131 796.871 764.286 735.953 704.166 678.632 648.616 618.190 587.290 556.160 519.391 482.800 444.884 405.936 370.070 332.940 298.656 262.903 231.389 199.192 168.398 139.857 110.609 84.712 58.574 36.462 15.988 5.320 2.298 1.764 2.119 1.598 2.303 1.528 2.133 1.624 2.230 1.499 1.780 1.800 1.676 2.071 1.564 2.242 1.366 2.010 2.172 2.084 2.170 1.544 2.377 1.666 2.450 1.744 2.282 1.999 2.005 2.162 2.028 2.516 1.886 2.653 1.972 2.536 2.203 2.418 2.455 2.207 2.750 2.129 2.847 2.221 2.937 2.394 2.884 2.657 2.944 2.871 2.720 3.275 2.604 3.328 2.704 3.390 2.899 3.428 3.148 3.440 3.057 3.378 2.988 3.547 3.062 3.691 3.121 3.851 3.367 3.863 4.000 3.514 4.370 4.051 3.762 4.444 4.504 4.156 4.353 4.670 4.930 5.065 5.106 5.027 4.684 4.820 5.470 5.135 5.334 5.048
2090.031 2085.470 2087.800 2085.570 2083.450 2079.930 2078.740 2070.360 2067.830 2068.510 2056.710 2045.970 2041.070 2027.660 2017.600 2006.090 1995.650 1985.550 1976.790 1969.310 1955.740 1950.040 1926.580 1910.250 1897.550 1873.970 1855.190 1841.550 1818.460 1803.190 1784.880 1765.760 1746.390 1732.730 1713.580 1689.970 1674.860 1648.480 1620.270 1596.390 1567.110 1534.170 1508.270 1479.890 1445.960 1417.980 1389.450 1354.930 1326.570 1292.550 1259.800 1231.040 1195.640 1166.190 1133.920 1099.650 1068.650 1035.720 1003.760 972.134 936.902 906.117 875.135 840.766 809.698 779.110 746.699 714.705 685.714 661.257 630.057 598.932 568.270 531.160 494.836 455.773 416.391 379.649 342.370 308.525 272.731 239.945 207.800 176.157 146.660 117.576 90.980 64.361 41.286 19.489 5.262 2.169 2.133 1.722 1.492 2.000 1.363 1.759 1.531 2.027 1.483 1.763 1.607 1.714 1.660 1.953 1.876 1.592 2.056 1.628 2.395 1.694 1.871 1.881 1.865 2.306 1.623 2.392 1.523 2.273 1.620 2.471 1.913 2.335 2.184 2.149 2.446 1.979 2.617 2.004 2.345 2.628 2.036 2.759 2.205 2.891 2.466 2.640 2.731 2.619 3.109 2.492 3.286 2.662 3.260 2.911 3.278 3.115 3.246 3.145 3.259 3.114 3.295 3.104 3.354 2.957 3.651 3.011 3.603 3.346 3.401 3.877 3.236 3.971 3.933 3.645 4.315 4.517 4.093 4.046 4.407 4.884 4.956 4.967 5.092 4.859 4.722 5.195 5.181 5.368 5.048
2090.031 2085.510 2087.690 2085.240 2082.640 2081.350 2075.920 2079.250 2074.170 2067.100 2062.120 2052.070 2038.970 2032.710 2021.880 2016.460 2000.890 1996.470 1983.200 1977.660 1962.370 1953.550 1935.140 1916.650 1905.130 1885.090 1863.270 1850.450 1831.160 1810.310 1793.710 1778.440 1753.940 1738.240 1723.040 1703.140 1679.740 1663.000 1633.790 1606.940 1581.000 1551.360 1520.060 1492.370 1461.720 1429.940 1402.360 1371.560 1337.530 1305.290 1278.180 1241.620 1208.290 1178.270 1146.410 1111.440 1080.070 1047.380 1012.670 984.560 949.637 918.249 886.829 853.210 820.819 791.460 761.116 729.159 700.232 673.392 644.705 614.432 581.355 545.626 509.402 469.119 429.545 393.327 354.897 319.514 283.821 250.858 216.871 185.644 155.645 125.712 98.451 71.615 47.193 23.654 6.698 1.883 2.384 1.656 2.227 1.935 2.160 1.872 1.309 2.080 1.469 2.007 1.317 2.069 1.465 1.960 1.937 1.664 1.972 1.276 2.014 1.600 2.258 1.714 2.121 1.898 1.938 2.146 1.686 2.320 1.746 2.471 1.831 2.366 2.162 2.144 2.407 2.038 2.664 1.943 2.676 2.117 2.611 2.357 2.491 2.828 2.445 2.965 2.425 3.164 2.392 3.160 2.598 3.117 2.889 3.123 3.134 3.051 3.045 3.163 3.173 3.294 3.124 3.391 3.116 3.449 2.912 3.662 3.074 3.815 3.511 3.268 3.979 3.478 3.807 4.369 4.073 3.805 4.314 4.757 4.787 4.561 4.685 4.759 5.031 5.100 4.518 5.117 4.679 5.322 5.048
