IESNA:LM-63-2002 
[TEST] 4791498147.3-2a
[TESTLAB] UL-CCIC Company Limited
[ISSUEDATE] 2024-11-18
[MANUFAC] Foshan MLS Technology Co., Ltd.
[LUMINAIRE] 2x2 Luminaires for Ambient Lighting of Interior Commercial Spaces
[LUMCAT] BPANEL-50S54-UNV-D-8SC61-22-G-WH-P
[BALLAST] 120VAC 60Hz 
TILT=NONE
1 -1 1 181 17 1 2 0.55 0.55 0
1 1 47.7
0 1 2 3 4 5 6 7 8 9 10 11 12 13 14 15 16 17 18 19 20 21 22 23 24 25 26 27 28 29 30 31 32 33 34 35 36 37 38 39 40 41 42 43 44 45 46 47 48 49 50 51 52 53 54 55 56 57 58 59 60 61 62 63 64 65 66 67 68 69 70 71 72 73 74 75 76 77 78 79 80 81 82 83 84 85 86 87 88 89 90 91 92 93 94 95 96 97 98 99 100 101 102 103 104 105 106 107 108 109 110 111 112 113 114 115 116 117 118 119 120 121 122 123 124 125 126 127 128 129 130 131 132 133 134 135 136 137 138 139 140 141 142 143 144 145 146 147 148 149 150 151 152 153 154 155 156 157 158 159 160 161 162 163 164 165 166 167 168 169 170 171 172 173 174 175 176 177 178 179 180 
0 22.5 45 67.5 90 112.5 135 157.5 180 202.5 225 247.5 270 292.5 315 337.5 360 
2902.578 2899.280 2908.110 2903.550 2904.280 2900.010 2897.030 2888.080 2890.990 2885.790 2870.210 2864.820 2848.030 2844.590 2829.990 2817.810 2810.970 2796.520 2783.720 2763.590 2746.640 2730.400 2705.530 2689.610 2667.340 2647.090 2629.740 2604.060 2585.480 2559.410 2526.610 2497.050 2457.130 2423.850 2379.770 2340.460 2297.680 2249.110 2192.710 2139.970 2071.280 1993.830 1914.700 1818.220 1716.020 1592.510 1468.730 1343.140 1220.360 1110.440 1006.840 918.197 842.293 774.929 714.238 669.738 624.215 581.591 544.899 508.605 475.487 444.379 414.578 385.563 359.034 335.694 313.675 298.716 284.067 273.707 265.427 258.569 253.122 248.307 243.652 236.889 231.058 221.566 211.817 199.863 186.616 171.640 156.593 140.686 123.284 107.661 89.897 74.074 56.432 39.194 21.325 6.562 1.600 0.736 1.058 0.434 1.803 0.953 1.409 1.265 1.142 1.290 0.836 1.400 0.727 1.593 0.926 1.733 0.805 1.307 0.844 1.315 1.036 1.330 1.345 1.199 1.716 0.919 1.652 1.256 1.618 1.788 1.379 2.052 1.455 2.216 1.538 2.192 1.698 2.273 2.019 2.172 2.607 2.072 2.866 2.145 2.985 2.406 3.002 2.847 2.953 3.328 2.854 3.637 2.932 3.674 3.554 3.614 3.836 3.742 4.063 3.777 4.162 3.941 4.224 4.330 4.233 4.653 4.086 4.894 4.349 4.939 4.924 4.631 5.498 5.184 5.262 5.897 6.020 5.787 5.780 5.879 6.204 6.314 6.256 6.298 6.797 6.900 7.245 6.746 7.018
2902.578 2905.740 2898.110 2897.260 2895.880 2899.320 2891.020 2890.290 2891.040 2884.900 2874.290 2866.840 2856.750 2839.820 2833.780 2815.440 2808.880 2789.100 2783.130 2765.930 2756.520 2740.330 2725.220 2704.140 2678.170 2656.200 2625.560 2602.890 2577.650 2545.350 2521.990 2486.350 2459.410 2428.400 2390.280 2350.830 2316.400 2264.420 2199.770 2124.470 2036.280 1939.330 1832.880 1718.220 1609.210 1501.200 1395.810 1294.550 1202.030 1115.280 1030.020 958.023 890.929 832.830 780.525 738.214 701.829 675.025 645.981 621.832 599.058 577.199 558.034 539.296 521.438 503.239 486.757 466.720 449.362 429.845 409.298 386.388 361.929 335.539 308.147 284.864 263.030 244.310 226.327 211.051 195.503 181.021 165.431 150.330 133.685 117.095 99.346 79.286 60.409 39.682 21.947 8.029 2.789 1.551 1.379 1.437 1.458 1.820 0.757 1.208 0.655 1.546 0.796 1.373 0.921 1.234 1.289 1.028 1.332 1.199 1.654 0.997 1.573 0.699 1.471 1.033 1.567 1.251 1.385 1.411 1.423 1.692 1.377 1.990 1.295 2.116 1.518 2.105 1.782 2.146 2.114 2.115 2.446 2.003 2.761 2.086 2.963 2.612 2.819 3.034 2.842 3.399 2.869 3.642 2.974 3.806 3.225 3.931 3.582 3.830 3.898 3.919 3.956 4.264 3.890 4.418 3.951 4.716 4.010 4.806 4.563 4.533 5.220 4.716 4.999 5.628 5.427 5.254 5.806 6.317 6.431 6.406 6.278 6.424 6.659 7.026 6.877 6.621 6.667 6.773 7.018
2902.578 2903.470 2904.810 2902.950 2898.550 2897.970 2897.350 2893.950 2884.030 2883.290 2880.110 2864.710 2857.640 2844.140 2833.790 2819.180 2811.170 2797.710 2785.230 2772.030 2764.620 2744.080 2729.440 2707.170 2685.190 2663.710 2632.240 2610.430 2578.490 2554.630 2523.140 2492.970 2463.250 2425.310 2393.150 2348.200 2300.880 2248.140 2172.130 2085.660 1988.590 1883.370 1772.390 1669.980 1569.740 1474.040 1392.090 1315.350 1244.180 1181.340 1119.110 1058.810 1003.760 944.372 886.476 830.878 776.451 720.082 670.291 623.773 576.084 533.935 495.483 462.365 435.010 411.610 395.858 381.264 369.727 359.686 349.082 338.065 325.889 311.173 295.729 283.244 270.902 261.986 253.016 243.745 231.577 219.526 206.130 190.442 173.254 150.542 126.704 99.434 73.328 49.272 26.472 13.004 4.452 2.393 1.577 1.475 1.560 1.282 1.703 0.867 1.473 0.711 1.539 0.853 1.395 1.108 1.340 1.358 0.936 1.455 0.806 1.626 0.966 1.502 1.260 1.214 1.708 0.989 1.764 1.053 1.836 1.378 1.696 1.882 1.461 2.178 1.439 2.280 1.572 2.371 1.850 2.447 2.120 2.506 2.284 2.538 2.742 2.351 3.126 2.471 3.321 2.652 3.392 3.012 3.393 3.541 3.263 3.978 3.377 4.229 3.521 4.321 3.694 4.400 3.838 4.674 3.949 4.593 4.425 4.375 5.128 4.487 5.215 5.091 4.940 5.607 5.728 5.427 5.724 6.250 6.495 6.345 6.269 6.445 6.395 6.694 7.276 6.610 7.205 6.651 7.018
2902.578 2898.700 2903.210 2905.640 2899.140 2897.790 2897.900 2891.750 2888.220 2886.110 2877.920 2866.130 2861.640 2843.370 2834.550 2822.070 2810.730 2800.790 2793.140 2773.170 2767.300 2745.490 2728.030 2708.210 2678.680 2662.690 2634.580 2614.700 2587.300 2559.200 2537.790 2505.000 2476.430 2449.880 2415.020 2379.910 2332.900 2277.980 2212.670 2132.350 2046.250 1948.080 1845.490 1742.340 1632.750 1526.230 1429.910 1331.360 1239.220 1154.600 1070.380 995.361 923.400 859.768 804.871 756.178 712.562 680.619 651.078 624.689 601.230 581.416 564.165 546.795 531.238 515.778 500.097 483.072 467.016 448.891 429.441 410.088 387.229 361.514 334.255 309.325 283.446 262.686 244.368 227.442 212.859 197.761 183.010 166.673 151.148 133.045 114.781 95.141 73.632 52.950 32.075 17.003 6.831 2.349 0.871 1.593 1.047 1.036 1.211 0.516 1.404 0.704 1.475 0.672 1.422 0.854 1.151 0.946 1.336 1.574 0.866 1.555 0.520 1.567 1.113 1.365 1.356 0.842 1.678 1.007 1.697 1.292 1.634 1.454 1.633 1.695 1.572 2.082 1.470 2.389 1.698 2.390 2.059 2.306 2.534 2.146 2.909 2.312 3.230 2.561 3.163 2.853 3.062 3.438 2.931 3.744 3.135 3.901 3.434 4.036 3.740 3.954 3.987 4.263 3.998 4.590 3.813 4.780 4.058 4.709 4.625 4.554 5.282 4.855 5.051 5.683 5.306 5.324 5.980 6.365 6.435 6.422 6.272 6.344 6.445 6.718 7.227 6.845 7.187 7.000 7.018
2902.578 2905.110 2900.830 2898.880 2904.150 2901.670 2893.970 2893.290 2891.890 2889.840 2876.360 2869.600 2861.030 2842.850 2839.000 2820.370 2815.810 2794.810 2790.420 2775.920 2765.580 2747.080 2724.620 2712.010 2679.960 2665.110 2635.680 2616.540 2588.840 2559.980 2536.330 2514.650 2479.530 2452.060 2422.410 2387.350 2347.230 2305.620 2249.970 2185.780 2116.220 2033.050 1939.070 1833.330 1711.660 1585.800 1459.800 1327.130 1203.590 1093.520 996.488 907.433 832.580 768.474 710.928 668.374 623.959 584.126 548.049 514.884 481.795 453.102 426.446 399.585 376.485 355.258 337.234 319.594 306.932 294.517 284.850 277.242 268.978 262.237 255.361 249.012 240.931 233.450 222.201 210.305 197.491 182.134 167.209 150.836 134.458 117.448 100.978 83.214 66.227 48.783 30.502 15.765 5.299 2.292 1.237 2.035 0.974 1.464 1.301 0.612 1.614 0.676 1.171 1.024 0.897 1.470 0.349 1.425 0.784 1.185 1.088 1.054 1.349 0.727 1.494 0.886 1.454 1.110 1.517 1.266 1.332 1.732 1.091 1.897 1.148 2.000 1.513 1.857 2.091 1.529 2.409 1.822 2.385 2.248 2.297 2.569 2.281 2.968 2.372 3.221 2.578 3.302 2.710 3.425 3.071 3.457 3.609 3.398 3.986 3.414 4.135 3.572 4.261 3.742 4.345 3.882 4.321 4.388 4.250 4.875 4.313 4.929 5.046 4.614 5.364 5.545 5.136 5.645 6.090 6.045 5.806 5.887 6.104 6.314 6.287 6.323 6.710 7.179 7.262 7.392 7.018
2902.578 2903.170 2901.790 2902.780 2895.620 2898.230 2897.700 2888.930 2891.810 2885.600 2873.150 2867.720 2849.160 2846.110 2828.070 2819.900 2801.270 2797.850 2776.990 2773.540 2751.220 2745.970 2724.900 2705.270 2679.410 2652.970 2634.310 2606.540 2575.160 2552.020 2526.350 2488.740 2460.540 2427.980 2391.630 2354.870 2316.630 2262.850 2207.210 2135.450 2048.050 1949.270 1841.780 1732.890 1623.650 1515.190 1415.650 1322.950 1228.690 1143.870 1061.850 985.687 912.576 849.660 790.021 740.317 699.356 667.648 636.359 612.054 588.533 567.208 551.735 535.135 520.216 506.343 491.155 476.332 459.266 442.280 424.367 406.555 385.120 363.327 338.360 311.903 287.414 265.415 247.764 231.727 217.161 203.020 188.508 172.101 155.479 138.217 118.183 98.567 75.507 53.837 31.829 15.912 5.493 1.576 1.353 0.894 1.515 0.903 1.410 0.621 1.251 0.853 1.278 1.103 0.899 1.310 0.867 1.471 0.880 1.708 1.006 1.275 1.175 0.862 1.402 1.096 1.712 0.905 1.380 1.358 1.360 1.868 1.157 1.867 1.335 1.830 1.528 1.939 1.859 1.790 2.297 1.742 2.560 1.918 2.627 2.294 2.431 2.870 2.379 3.158 2.659 3.357 2.981 3.255 3.394 3.245 3.777 3.275 4.088 3.493 4.227 3.569 4.437 3.773 4.573 3.783 4.476 4.331 4.365 4.831 4.372 5.133 4.960 4.827 5.639 5.585 5.254 5.799 6.289 6.478 6.417 6.373 6.355 6.460 6.597 6.920 7.316 6.748 7.349 6.769 7.018
2902.578 2903.050 2901.640 2900.390 2898.600 2894.940 2890.760 2887.060 2881.880 2880.900 2872.250 2861.240 2851.230 2834.550 2822.630 2811.580 2798.920 2786.830 2777.030 2761.270 2752.720 2733.860 2723.770 2693.490 2673.760 2645.730 2625.070 2595.660 2564.470 2540.200 2513.820 2476.530 2442.880 2410.320 2368.660 2327.220 2277.300 2212.510 2139.510 2050.390 1951.990 1843.500 1730.030 1628.890 1528.620 1435.640 1356.400 1282.230 1213.220 1150.600 1091.320 1033.850 975.075 922.634 867.268 810.576 756.451 704.921 657.816 607.568 563.332 519.822 483.182 452.359 427.049 406.425 390.624 380.255 368.762 360.477 350.001 338.271 325.829 310.969 298.145 284.486 275.276 267.451 260.028 249.439 238.164 224.519 209.381 194.871 175.204 152.917 125.062 96.954 68.136 43.673 22.865 8.597 3.298 0.942 1.574 0.941 1.245 0.791 0.959 0.858 0.816 1.392 0.754 1.578 0.869 1.299 1.485 0.927 1.408 0.599 1.549 0.988 1.311 1.292 1.190 1.658 0.995 1.862 1.030 1.756 1.195 1.711 1.511 1.732 1.872 1.544 2.144 1.533 2.322 1.659 2.363 1.979 2.374 2.330 2.383 2.725 2.326 3.015 2.498 3.311 2.646 3.314 3.111 3.201 3.541 3.281 3.809 3.392 4.047 3.600 4.210 3.706 4.378 3.764 4.454 4.125 4.503 4.619 4.443 5.129 4.611 5.293 5.018 5.141 5.828 5.454 5.549 6.250 6.174 5.814 6.102 6.598 6.932 7.042 7.117 6.974 6.645 7.418 6.896 7.402 7.018
2902.578 2903.430 2900.490 2901.580 2893.940 2890.530 2886.310 2891.850 2879.420 2878.950 2873.920 2853.410 2846.750 2833.180 2818.770 2810.420 2792.080 2783.460 2767.380 2759.840 2737.620 2732.110 2710.860 2692.380 2664.990 2637.400 2617.320 2584.300 2562.530 2530.440 2500.170 2470.960 2438.810 2398.670 2365.800 2326.930 2278.330 2232.130 2167.780 2086.810 1998.210 1896.970 1783.430 1671.030 1562.120 1453.010 1348.390 1252.630 1164.810 1076.480 997.030 925.892 857.466 801.070 754.401 713.708 684.357 656.146 629.822 605.753 585.276 565.928 545.723 530.121 511.718 494.760 477.298 458.077 439.296 419.577 399.525 378.667 358.847 335.730 313.439 290.641 268.091 248.441 231.171 215.762 200.538 185.911 168.980 153.165 135.881 116.883 97.788 74.696 53.277 30.294 13.050 2.789 1.298 1.410 0.626 1.278 0.628 1.046 0.730 1.228 0.818 1.147 1.241 0.835 1.410 0.844 1.558 0.740 1.533 0.942 1.517 1.046 1.235 1.468 0.913 1.692 1.167 1.187 1.852 1.063 1.870 1.359 1.761 1.522 1.620 1.897 1.513 2.248 1.610 2.387 1.876 2.322 2.336 2.206 2.790 2.202 3.046 2.423 3.211 2.772 3.095 3.141 2.988 3.591 3.004 3.890 3.259 4.035 3.475 4.072 3.907 3.943 3.960 4.211 3.964 4.524 4.297 4.337 4.372 4.941 4.367 5.304 4.713 5.188 5.631 5.104 5.564 6.066 6.085 5.803 6.053 6.549 6.772 6.816 6.832 6.723 6.604 7.442 7.026 7.371 7.018
2902.578 2899.010 2905.200 2898.720 2895.580 2893.270 2890.420 2887.700 2880.300 2879.070 2868.090 2859.540 2846.900 2831.880 2819.810 2803.230 2794.410 2777.700 2762.390 2754.530 2734.770 2725.590 2700.540 2680.540 2656.690 2629.800 2609.180 2576.340 2550.800 2524.370 2490.900 2462.860 2432.070 2392.390 2359.770 2325.790 2283.750 2244.670 2188.270 2126.300 2047.060 1950.390 1844.730 1727.590 1594.010 1459.240 1329.320 1207.460 1087.330 987.357 900.243 823.392 758.965 703.134 658.295 611.689 572.832 535.312 499.885 465.790 435.276 407.021 379.340 356.333 335.418 318.242 302.656 290.931 281.306 274.659 267.401 263.680 258.751 254.502 250.043 242.556 234.663 223.116 210.625 196.096 180.532 163.802 146.365 129.579 111.001 93.988 74.959 57.198 37.988 19.469 5.306 1.547 1.706 1.013 1.373 0.962 1.471 0.690 1.458 0.767 1.277 1.100 0.865 1.314 0.698 1.469 0.946 1.400 1.157 1.189 1.308 0.817 1.545 0.865 1.625 1.021 1.666 1.242 1.669 1.343 1.438 1.775 1.282 1.975 1.517 2.265 1.613 2.325 1.731 2.392 1.949 2.110 2.694 2.269 2.392 2.977 2.364 3.160 2.590 3.104 3.118 3.029 3.465 3.158 3.725 3.208 3.948 3.345 4.129 3.516 4.270 3.874 4.383 3.961 4.751 4.025 4.568 4.418 4.441 5.028 4.480 5.120 4.921 5.050 5.675 5.271 5.424 6.219 5.907 5.757 5.952 6.311 6.648 6.804 6.909 6.665 6.620 7.374 7.120 7.437 7.018
2902.578 2901.900 2897.360 2893.930 2890.510 2892.940 2885.740 2885.410 2878.990 2870.510 2866.420 2852.330 2840.800 2825.790 2815.150 2798.590 2788.510 2772.250 2761.790 2743.980 2734.380 2713.200 2699.180 2673.400 2647.410 2625.910 2591.530 2566.270 2539.460 2507.570 2473.940 2446.360 2407.120 2373.780 2335.150 2292.910 2239.870 2186.790 2118.070 2031.050 1928.400 1823.350 1713.280 1599.590 1492.470 1387.880 1292.400 1204.330 1118.490 1038.610 966.473 900.395 839.563 788.940 743.566 705.920 676.283 649.280 622.673 599.615 578.583 559.523 540.480 522.182 504.220 486.182 467.209 448.006 428.507 407.630 387.928 366.445 344.956 324.397 302.331 280.996 261.457 244.760 228.076 213.306 197.306 180.512 163.891 146.197 125.976 105.044 83.161 59.215 37.409 16.947 5.378 1.508 1.656 1.304 1.067 1.686 0.325 1.313 0.775 1.420 0.672 1.184 1.093 1.100 1.434 0.900 1.526 0.909 1.577 0.809 1.270 1.016 1.385 1.322 1.205 1.732 1.033 1.731 1.279 1.608 1.629 1.524 1.920 1.488 2.134 1.435 2.147 1.730 2.051 2.323 1.830 2.629 1.982 2.873 2.307 2.772 2.803 2.595 3.248 2.704 3.508 2.916 3.567 3.303 3.409 3.784 3.509 4.169 3.526 4.366 3.739 4.536 3.886 4.584 4.014 4.624 4.246 4.589 4.559 4.684 5.155 4.617 5.359 5.339 5.001 5.847 5.930 5.666 5.714 6.372 6.605 6.803 6.869 6.970 7.122 6.981 6.641 7.229 6.770 7.133 7.018
2902.578 2898.460 2897.610 2894.570 2894.490 2888.010 2890.600 2880.140 2874.550 2870.340 2866.110 2850.660 2841.850 2821.800 2812.470 2800.870 2779.410 2771.160 2752.610 2741.530 2727.110 2710.340 2696.820 2669.720 2645.870 2617.500 2589.380 2556.710 2529.120 2494.070 2461.510 2429.340 2385.660 2342.650 2300.000 2244.310 2183.700 2118.790 2038.380 1943.010 1837.980 1729.910 1622.240 1520.570 1433.170 1348.040 1271.010 1205.410 1138.310 1077.310 1019.930 959.797 906.367 847.149 792.050 737.536 683.992 634.857 586.553 539.902 498.944 465.412 434.653 412.365 394.281 378.441 366.449 354.438 342.667 329.956 319.989 306.577 296.719 287.889 281.116 274.978 269.746 262.541 251.892 240.711 226.823 213.311 196.313 176.205 151.598 123.238 93.815 65.352 39.467 18.611 6.771 2.269 1.038 1.638 0.564 1.831 0.566 1.338 1.148 1.047 1.259 1.032 1.468 0.833 1.557 0.979 1.674 1.105 0.955 1.293 1.176 1.938 1.010 1.787 0.776 1.726 1.314 1.955 1.445 1.615 1.617 1.292 2.053 1.466 2.263 1.598 2.256 1.669 2.469 1.853 2.414 2.365 2.267 2.797 2.247 2.982 2.325 3.233 2.645 3.221 3.103 3.211 3.500 3.209 3.790 3.310 4.087 3.563 4.316 3.705 4.350 4.002 4.475 4.152 4.525 4.487 4.622 4.485 4.852 4.472 5.290 4.898 5.074 5.533 5.017 5.581 6.043 5.764 5.589 6.302 6.712 6.742 6.778 6.730 6.967 7.272 6.896 7.143 6.815 7.268 7.018
2902.578 2899.180 2899.790 2896.400 2896.890 2888.840 2887.490 2883.640 2879.000 2873.940 2863.350 2851.120 2840.410 2820.460 2811.600 2794.250 2784.490 2766.780 2758.140 2741.380 2728.770 2707.940 2696.770 2664.310 2641.310 2617.660 2584.650 2559.510 2525.500 2493.710 2467.130 2429.450 2394.140 2359.960 2314.770 2271.210 2224.270 2160.280 2083.140 1998.880 1899.680 1784.280 1675.860 1562.820 1457.260 1353.650 1252.720 1158.930 1071.260 985.709 908.870 840.468 778.948 730.864 687.953 657.933 629.279 603.750 582.936 564.194 547.283 532.543 518.374 502.177 488.322 472.145 453.872 436.589 416.755 397.062 376.747 355.460 334.806 313.987 291.663 271.413 253.881 237.166 223.767 208.444 193.881 177.782 161.244 143.244 123.357 102.165 78.095 55.684 32.333 15.544 5.741 1.640 1.952 1.188 1.763 1.159 1.778 1.284 0.770 1.498 0.875 1.588 0.854 1.294 1.057 1.306 1.280 1.052 1.531 1.070 1.657 0.976 1.785 1.133 1.805 1.114 1.815 1.254 1.715 1.422 1.795 1.837 1.573 2.120 1.498 2.297 1.568 2.253 2.118 2.122 2.379 2.147 2.763 2.155 2.948 2.529 2.824 2.848 2.929 3.271 2.889 3.581 2.975 3.762 3.119 3.873 3.393 3.897 3.826 4.052 4.152 3.991 4.389 3.828 4.702 4.328 4.267 4.837 4.200 5.006 4.716 4.730 5.440 5.027 5.065 5.802 5.941 5.572 5.614 6.213 6.645 6.751 6.725 7.012 7.126 7.229 6.696 7.255 6.708 7.275 7.018
2902.578 2899.280 2900.430 2903.580 2901.620 2893.630 2884.760 2884.130 2881.010 2871.330 2867.070 2857.000 2839.860 2830.560 2808.680 2804.120 2787.100 2773.880 2759.040 2749.530 2732.140 2714.120 2688.710 2670.950 2640.610 2612.690 2591.390 2559.320 2534.020 2500.070 2472.220 2447.470 2407.980 2379.650 2343.740 2300.900 2260.780 2199.330 2132.680 2057.300 1959.730 1855.420 1736.670 1603.750 1472.110 1344.710 1219.340 1106.420 1005.720 914.551 837.377 769.133 707.402 660.179 613.841 570.274 532.874 499.047 466.598 435.443 408.577 381.665 358.193 337.122 318.404 303.806 291.623 282.531 273.778 269.007 263.890 260.579 255.622 252.280 246.545 238.831 229.088 217.409 204.123 188.503 173.465 155.563 138.563 120.878 103.339 85.454 67.348 48.944 30.040 14.519 4.661 1.957 0.905 1.624 1.149 1.100 1.687 0.717 1.185 0.489 1.424 1.068 0.869 1.375 0.837 1.663 0.918 1.441 0.915 1.142 1.326 1.613 1.496 1.210 1.227 1.118 1.758 1.324 1.798 1.372 1.626 1.788 1.478 2.172 1.554 2.229 1.876 2.086 2.185 2.060 2.491 2.119 2.868 2.318 2.824 2.677 2.758 3.035 2.692 3.282 2.819 3.598 3.029 3.620 3.251 3.708 3.701 3.777 4.104 3.845 4.280 3.875 4.565 4.088 4.481 4.414 4.173 4.845 4.359 4.911 5.063 4.574 5.337 5.135 5.058 5.827 5.541 5.425 6.109 6.457 6.473 6.122 6.131 6.213 6.409 6.748 7.326 6.783 7.284 6.750 7.018
2902.578 2898.210 2904.590 2902.510 2896.870 2891.490 2883.890 2887.160 2883.830 2873.740 2864.210 2855.650 2838.660 2830.070 2810.740 2802.570 2786.460 2773.070 2761.830 2745.010 2736.090 2716.040 2696.080 2675.830 2643.790 2618.980 2594.470 2562.420 2537.910 2500.600 2470.290 2441.440 2402.840 2369.990 2333.910 2285.110 2237.440 2180.130 2099.250 2007.780 1902.790 1786.960 1670.840 1559.020 1441.690 1340.030 1237.980 1139.950 1048.680 968.114 888.916 822.919 766.331 716.821 677.273 649.079 620.694 595.689 575.616 557.875 541.428 526.285 512.129 498.672 482.186 467.462 450.717 432.421 415.128 395.886 375.759 355.106 334.448 310.547 288.457 268.178 250.144 234.760 220.606 206.215 189.875 175.451 158.733 141.771 122.104 101.936 78.715 56.186 34.130 15.197 6.744 1.739 2.120 1.280 1.574 1.372 1.702 1.522 1.480 1.470 0.899 1.333 0.835 1.555 0.787 1.616 0.876 0.995 1.460 1.332 1.230 1.133 1.549 1.264 1.809 1.069 1.819 1.190 1.876 1.331 1.829 1.604 1.671 1.913 1.622 2.115 1.534 2.373 1.782 2.379 2.155 2.379 2.455 2.388 2.843 2.340 3.115 2.683 3.135 2.998 3.231 3.389 3.186 3.632 3.207 3.959 3.425 4.230 3.594 4.446 3.809 4.526 3.862 4.620 4.039 4.830 4.278 4.715 4.707 4.613 5.234 4.667 5.226 5.486 5.101 5.615 6.076 5.699 5.615 6.189 6.606 6.753 6.769 6.836 6.977 7.166 7.158 6.787 6.638 7.181 7.018
2902.578 2898.920 2900.640 2896.490 2894.830 2888.620 2885.880 2885.010 2881.080 2870.220 2871.510 2853.260 2843.510 2832.820 2812.810 2806.390 2788.880 2780.230 2762.320 2755.180 2738.510 2724.960 2697.940 2679.590 2650.000 2627.510 2595.940 2567.900 2540.460 2514.490 2476.170 2446.390 2412.950 2369.680 2326.340 2280.450 2218.160 2148.400 2057.420 1948.960 1839.470 1727.710 1615.720 1510.720 1419.320 1333.500 1258.630 1188.600 1122.550 1065.880 1005.300 946.256 892.174 837.121 780.615 725.127 675.261 627.940 579.307 535.624 497.950 461.963 434.432 411.715 393.562 378.646 366.831 353.961 341.737 330.569 317.900 306.031 294.572 284.564 275.501 270.716 264.707 257.106 247.371 236.200 224.170 210.827 195.752 174.389 150.482 121.845 94.303 66.020 40.815 18.438 6.716 2.646 1.355 1.944 1.162 1.273 1.477 0.749 1.331 0.755 1.436 0.849 1.452 1.201 1.151 1.457 1.278 1.470 1.014 1.727 0.713 1.663 1.168 1.503 1.480 1.326 1.679 1.267 1.931 1.258 1.907 1.678 1.738 2.117 1.523 2.204 1.562 2.360 1.874 2.209 2.292 2.155 2.628 2.163 2.946 2.273 2.925 2.824 2.969 3.293 2.861 3.641 2.926 3.735 3.131 3.872 3.536 3.912 4.021 3.877 4.182 3.925 4.525 4.042 4.460 4.186 4.554 4.815 4.517 5.230 4.779 5.356 5.481 5.134 5.764 5.898 5.491 5.904 6.404 6.355 6.151 5.960 6.137 6.452 6.444 6.470 6.771 7.229 7.191 7.323 7.018
2902.578 2902.080 2900.040 2901.690 2900.030 2895.350 2892.020 2886.390 2883.580 2879.930 2869.090 2863.080 2847.390 2828.930 2823.770 2806.080 2800.690 2778.830 2773.660 2753.350 2747.190 2728.780 2711.770 2686.990 2663.100 2638.220 2607.810 2584.300 2557.430 2524.220 2496.340 2462.930 2426.680 2396.390 2358.030 2314.660 2272.260 2211.600 2146.450 2060.740 1958.900 1850.300 1736.630 1617.680 1510.270 1402.720 1304.830 1212.990 1128.190 1047.250 971.285 904.541 841.702 787.345 741.003 699.572 666.895 637.129 609.656 586.204 566.234 547.385 530.305 514.619 498.801 481.604 465.852 447.929 429.647 409.313 390.012 369.419 347.615 327.640 305.044 284.942 265.092 246.590 230.622 214.400 198.482 182.571 164.872 148.865 128.907 109.006 86.834 64.102 41.627 19.526 6.023 1.572 1.865 1.240 1.495 1.110 1.547 0.678 1.407 0.776 1.465 0.803 1.517 0.833 1.365 1.223 1.219 1.319 0.590 1.526 0.918 1.587 1.163 1.439 1.256 1.319 1.577 1.198 1.788 1.131 1.886 1.199 1.932 1.340 2.086 1.516 2.088 1.725 1.972 2.187 1.916 2.574 1.971 2.818 2.172 2.908 2.468 2.789 3.021 2.720 3.290 2.863 3.667 2.990 3.752 3.260 3.778 3.640 4.131 3.655 4.032 3.986 4.202 4.213 4.365 4.080 4.603 4.191 4.843 4.352 5.115 4.755 5.090 5.449 4.962 5.440 5.939 5.532 5.521 6.261 6.526 6.627 6.484 6.367 6.526 7.003 7.156 6.565 6.801 6.525 7.018
2902.578 2904.490 2899.210 2904.100 2901.830 2898.950 2893.730 2889.240 2883.340 2881.760 2876.790 2867.070 2848.810 2841.580 2826.200 2817.820 2797.860 2792.370 2776.570 2762.040 2753.250 2736.320 2716.240 2699.300 2669.020 2649.270 2621.740 2593.890 2569.720 2538.200 2508.030 2483.030 2452.650 2415.990 2387.040 2351.870 2312.190 2268.770 2218.560 2150.690 2073.140 1985.230 1881.340 1757.670 1636.570 1498.960 1365.410 1239.900 1122.520 1016.060 926.463 844.534 772.571 713.593 665.333 618.876 576.222 537.730 501.264 468.724 437.384 408.097 383.491 358.669 337.769 319.080 304.648 290.926 280.545 272.518 264.799 259.667 254.168 249.925 244.011 238.476 229.733 219.493 207.946 193.097 179.820 162.973 146.916 129.523 112.307 94.391 77.034 59.287 40.542 22.457 6.969 1.900 0.924 1.379 0.818 0.892 0.857 1.156 1.066 0.766 1.375 0.762 1.462 0.784 1.238 1.253 1.156 1.294 0.666 1.147 0.886 1.757 1.275 1.256 1.113 1.036 1.549 1.237 1.648 1.171 1.814 1.382 1.773 1.702 1.508 2.081 1.457 2.257 1.711 2.228 2.044 2.231 2.334 2.190 2.765 2.223 3.028 2.406 3.257 2.744 3.308 2.914 3.288 3.420 3.140 3.758 3.328 4.064 3.421 4.286 3.596 4.334 3.805 4.432 3.857 4.736 4.005 4.718 4.290 4.908 4.845 4.588 5.374 5.131 4.983 5.753 5.481 5.353 6.040 6.355 6.084 5.942 5.988 6.133 6.264 6.520 7.119 6.506 7.117 6.840 7.018
