IESNA:LM-63-2002 
[TEST] 4791498147.3-10a
[TESTLAB] UL-CCIC Company Limited
[ISSUEDATE] 2024-11-18
[MANUFAC] Foshan MLS Technology Co., Ltd.
[LUMINAIRE] Low Bay Luminaires (Commercial and Industrial)
[LUMCAT] BPANEL-75S5-UNV-D-8SC61-24-G-WH-H
[BALLAST] 120VAC 60Hz 
TILT=NONE
1 -1 1 181 17 1 2 1.163 0.563 0
1 1 70.3
0 1 2 3 4 5 6 7 8 9 10 11 12 13 14 15 16 17 18 19 20 21 22 23 24 25 26 27 28 29 30 31 32 33 34 35 36 37 38 39 40 41 42 43 44 45 46 47 48 49 50 51 52 53 54 55 56 57 58 59 60 61 62 63 64 65 66 67 68 69 70 71 72 73 74 75 76 77 78 79 80 81 82 83 84 85 86 87 88 89 90 91 92 93 94 95 96 97 98 99 100 101 102 103 104 105 106 107 108 109 110 111 112 113 114 115 116 117 118 119 120 121 122 123 124 125 126 127 128 129 130 131 132 133 134 135 136 137 138 139 140 141 142 143 144 145 146 147 148 149 150 151 152 153 154 155 156 157 158 159 160 161 162 163 164 165 166 167 168 169 170 171 172 173 174 175 176 177 178 179 180 
0 22.5 45 67.5 90 112.5 135 157.5 180 202.5 225 247.5 270 292.5 315 337.5 360 
3124.559 3134.363 3131.502 3126.465 3125.289 3121.114 3120.849 3115.812 3103.680 3098.623 3086.618 3075.436 3060.403 3055.121 3031.218 3024.603 3013.676 2994.586 2982.963 2955.837 2936.668 2913.756 2885.649 2871.214 2840.677 2822.674 2792.598 2772.773 2751.644 2723.391 2699.537 2665.776 2635.161 2598.578 2563.553 2529.782 2497.657 2462.034 2422.687 2389.661 2352.167 2312.976 2277.099 2242.485 2196.386 2159.773 2122.161 2079.756 2037.949 1997.269 1946.956 1901.788 1855.914 1802.690 1755.748 1707.072 1656.994 1609.591 1561.052 1508.955 1461.180 1415.120 1362.425 1316.287 1267.316 1217.140 1168.601 1119.660 1064.554 1007.832 957.409 902.172 847.666 795.122 745.492 692.002 645.891 598.013 548.604 502.551 455.658 410.541 365.308 320.231 273.007 228.512 185.628 143.960 105.919 68.329 40.999 18.982 7.207 3.532 2.944 3.085 2.483 3.101 2.353 2.869 2.249 2.826 2.083 2.799 2.220 2.940 2.372 2.470 2.640 2.308 2.830 2.268 3.008 2.210 3.028 2.469 2.593 2.845 2.438 2.925 2.365 3.004 2.448 2.949 2.689 2.743 3.006 2.656 3.136 2.532 3.239 2.608 3.399 2.874 3.429 3.089 3.405 3.486 3.448 3.842 3.339 4.133 3.463 4.192 3.767 4.048 3.957 3.805 4.224 3.782 4.243 3.803 4.275 3.871 4.153 3.912 3.986 4.303 3.721 4.449 3.972 4.234 4.664 4.135 4.571 5.075 4.599 4.790 5.503 5.932 5.879 5.772 5.895 6.025 6.206 6.431 6.821 6.157 6.586 6.246 6.350
3124.559 3123.809 3125.357 3117.498 3117.743 3113.342 3107.051 3101.347 3101.543 3096.898 3082.120 3072.535 3052.083 3038.980 3024.848 3009.707 2994.615 2976.152 2965.127 2945.223 2936.560 2918.166 2898.281 2867.921 2842.882 2818.813 2789.354 2759.964 2728.918 2705.819 2673.910 2646.118 2620.461 2589.875 2566.130 2539.503 2506.654 2472.599 2437.593 2392.984 2353.352 2306.920 2259.057 2221.062 2174.297 2125.297 2081.461 2031.785 1989.919 1938.509 1892.762 1842.596 1793.792 1749.045 1697.517 1648.007 1601.585 1550.017 1504.212 1457.123 1406.643 1359.858 1313.024 1264.171 1217.719 1169.365 1124.756 1078.725 1032.616 989.957 944.647 899.854 851.829 802.377 744.175 687.649 634.338 578.569 522.589 468.464 416.458 366.029 317.496 269.518 225.197 180.313 140.440 101.496 66.164 38.648 18.209 7.041 3.092 3.284 2.147 3.003 2.121 2.588 2.375 2.629 2.385 2.302 2.719 2.218 2.811 2.197 3.041 2.325 2.962 2.335 2.544 2.582 2.204 2.994 2.323 3.080 2.314 3.051 2.273 2.969 2.440 2.807 2.784 2.475 3.078 2.463 3.147 2.439 3.083 2.687 3.108 2.931 3.087 3.244 3.098 3.499 2.977 3.749 3.222 3.934 3.378 3.867 3.527 3.817 3.719 3.978 3.859 3.884 4.164 3.849 4.063 3.882 4.062 3.682 4.122 3.969 3.714 4.272 3.697 4.328 4.228 4.107 4.822 4.395 4.777 5.244 4.990 5.147 5.736 6.052 6.001 5.863 5.882 5.985 6.012 6.420 6.770 6.419 6.867 6.438 6.350
3124.559 3119.781 3116.704 3120.761 3111.304 3105.796 3103.297 3098.182 3094.997 3085.540 3080.846 3061.500 3053.876 3035.119 3022.761 3003.426 2992.165 2978.906 2962.932 2948.791 2932.552 2912.570 2894.254 2863.080 2835.914 2814.364 2788.090 2755.446 2726.193 2706.388 2677.703 2646.245 2618.599 2595.471 2561.201 2542.630 2507.134 2470.707 2436.829 2390.191 2347.913 2308.380 2261.134 2217.201 2172.190 2123.337 2079.286 2033.765 1983.961 1937.088 1891.361 1840.440 1790.313 1744.498 1695.145 1646.184 1600.624 1552.408 1501.595 1456.692 1408.534 1359.877 1315.532 1266.572 1220.619 1177.882 1127.608 1081.646 1037.340 992.544 947.552 902.527 852.349 794.544 738.189 678.184 626.602 569.016 514.525 460.201 408.463 358.467 308.990 261.796 216.292 174.157 131.888 93.978 58.228 32.535 14.166 4.622 3.349 2.621 3.145 2.536 3.087 2.819 3.114 2.956 2.329 2.989 2.220 2.944 2.194 3.116 2.262 3.038 2.713 2.730 2.417 2.414 3.022 2.395 2.999 2.420 3.064 2.448 2.956 2.804 2.675 3.026 2.671 3.179 2.517 3.159 2.509 3.259 2.627 3.242 2.984 3.001 3.379 2.958 3.597 2.964 3.774 3.155 3.866 3.455 3.586 3.759 3.459 4.037 3.388 4.091 3.611 3.995 3.851 3.864 3.914 3.925 3.768 4.094 3.794 4.002 3.651 4.274 3.726 4.266 4.261 4.181 4.761 4.284 4.859 5.173 4.720 5.376 5.806 5.645 5.430 5.413 5.629 5.614 5.678 5.936 6.350 5.739 6.175 5.770 6.350
3124.559 3112.999 3114.440 3107.168 3104.777 3099.015 3095.996 3091.792 3089.646 3086.216 3070.526 3057.894 3048.545 3028.651 3018.753 2998.153 2986.197 2968.577 2959.610 2942.754 2926.437 2913.569 2886.374 2865.912 2836.051 2806.975 2786.806 2754.427 2733.779 2699.626 2675.478 2651.331 2621.059 2592.276 2569.501 2537.063 2506.311 2471.354 2436.231 2390.828 2352.735 2310.654 2263.810 2224.914 2175.698 2127.286 2084.695 2038.547 1987.812 1942.144 1895.937 1842.625 1795.497 1749.476 1699.085 1650.555 1604.583 1556.230 1505.094 1460.043 1411.435 1360.652 1314.837 1267.993 1219.943 1174.177 1126.539 1081.146 1035.978 991.290 945.120 899.934 851.301 795.765 737.670 679.717 626.533 570.275 515.537 460.853 407.914 358.037 308.393 261.101 214.143 171.338 129.800 91.165 54.073 27.116 9.934 3.619 3.262 2.977 3.144 2.441 3.037 2.370 2.687 2.896 2.317 2.856 2.262 2.999 2.280 3.047 2.519 2.785 2.740 2.463 2.798 2.262 2.867 2.374 3.160 2.599 2.952 2.760 2.748 2.963 2.541 3.090 2.635 3.169 2.817 3.044 3.012 2.855 3.085 2.863 3.509 2.914 3.662 3.129 3.655 3.103 3.595 3.539 3.471 3.835 3.407 4.107 3.377 4.069 3.449 3.868 3.943 3.549 4.143 3.573 4.243 3.523 4.207 3.605 3.999 3.645 4.103 3.776 3.905 4.301 3.813 4.564 4.236 4.546 4.902 4.476 4.935 5.482 5.269 5.105 5.137 5.436 5.729 5.824 5.776 5.580 5.378 6.195 5.804 6.112 6.350
3124.559 3110.432 3107.492 3109.246 3107.080 3100.269 3098.064 3096.496 3093.370 3080.895 3068.899 3056.806 3047.673 3028.347 3018.145 2999.055 2987.148 2977.211 2957.483 2946.135 2927.623 2913.795 2889.403 2862.325 2840.638 2813.737 2783.347 2761.150 2731.368 2704.908 2680.035 2655.114 2621.402 2600.342 2570.618 2543.051 2512.651 2471.923 2438.338 2398.962 2354.009 2310.154 2266.965 2225.472 2177.883 2131.373 2086.753 2039.654 1990.635 1947.260 1897.221 1846.967 1799.809 1753.975 1702.162 1657.474 1604.495 1556.289 1512.385 1461.846 1413.405 1366.728 1320.138 1269.786 1227.754 1180.253 1131.567 1085.007 1041.720 994.034 951.026 903.448 849.239 792.673 735.600 678.142 622.841 568.308 511.065 458.808 406.208 355.699 307.352 259.054 214.581 170.918 130.355 91.002 55.387 25.420 7.590 3.837 2.845 3.297 2.896 2.924 2.705 2.197 3.002 2.236 2.893 2.313 2.953 2.210 2.809 2.751 2.603 2.841 2.335 3.277 2.391 2.923 2.680 2.705 2.623 2.779 2.914 2.561 3.162 2.468 3.138 2.509 3.206 2.669 3.001 2.923 2.818 3.234 2.829 3.479 2.770 3.523 3.029 3.613 3.268 3.556 3.568 3.396 3.822 3.218 3.999 3.327 3.917 3.718 3.749 3.912 3.692 4.051 3.546 4.134 3.517 4.269 3.541 4.102 3.555 4.130 3.553 3.881 3.851 3.863 4.356 3.887 4.453 4.598 4.213 4.595 5.126 5.029 4.653 5.031 5.532 5.540 5.421 5.255 5.428 5.676 5.793 5.304 5.609 5.343 6.350
3124.559 3114.038 3116.831 3116.684 3111.863 3110.657 3100.710 3096.986 3097.496 3086.716 3079.817 3069.066 3052.494 3033.776 3024.888 3003.102 2996.438 2976.779 2965.725 2949.722 2931.984 2920.723 2892.793 2874.075 2844.127 2817.520 2794.127 2763.551 2734.543 2713.502 2682.201 2652.811 2628.360 2598.803 2569.834 2550.058 2517.346 2480.664 2448.422 2402.950 2360.105 2321.679 2275.207 2228.432 2185.910 2138.174 2090.801 2047.671 1998.249 1948.563 1899.995 1853.876 1800.201 1753.220 1706.356 1655.034 1608.944 1561.522 1509.073 1461.719 1411.876 1363.102 1317.414 1270.237 1220.012 1175.334 1126.157 1079.852 1034.929 987.673 944.936 899.982 851.399 798.954 744.279 686.012 631.765 574.896 518.442 463.252 412.033 359.291 309.998 262.496 215.728 171.809 129.790 91.372 53.747 26.618 8.631 3.419 3.141 2.879 3.353 2.633 3.141 2.444 2.790 2.378 2.756 2.268 2.931 2.491 2.551 2.700 2.386 3.070 2.351 2.811 2.379 2.834 2.670 2.561 2.971 2.514 3.093 2.359 3.115 2.530 2.908 2.913 2.903 2.826 2.710 3.111 2.691 3.283 2.710 3.480 2.894 3.326 3.346 3.345 3.583 3.186 3.873 3.301 4.081 3.467 3.937 3.818 3.747 4.043 3.503 4.222 3.692 4.369 3.646 4.342 3.643 4.283 3.682 4.080 3.518 4.287 3.516 4.171 3.765 4.147 4.284 3.825 4.644 4.281 4.288 4.956 4.578 4.459 4.613 5.255 5.432 5.254 5.157 5.260 5.254 5.535 6.035 5.499 6.155 5.853 6.350
3124.559 3126.102 3122.349 3119.379 3124.240 3117.253 3111.137 3106.453 3105.101 3093.145 3086.784 3076.073 3057.022 3040.675 3032.963 3015.186 3003.377 2982.277 2974.359 2955.121 2942.891 2921.204 2898.771 2879.142 2849.134 2817.627 2797.204 2771.371 2738.473 2713.806 2689.973 2658.495 2637.141 2605.271 2579.997 2553.380 2522.001 2481.399 2439.818 2402.176 2358.027 2313.270 2269.641 2228.510 2177.217 2137.625 2090.075 2039.978 1994.094 1947.838 1897.339 1850.495 1804.758 1752.759 1705.857 1655.583 1606.779 1561.904 1511.464 1460.190 1415.081 1368.570 1318.717 1270.550 1224.941 1176.098 1129.176 1085.252 1038.183 993.896 947.916 901.045 854.726 800.056 740.815 681.515 630.219 572.567 517.443 464.141 410.492 360.052 310.263 264.668 217.359 175.412 134.016 95.315 60.008 32.511 12.808 3.953 3.365 2.556 3.117 2.572 2.180 2.752 1.956 2.692 1.986 2.782 2.217 2.701 2.480 2.416 2.861 2.180 3.000 2.267 2.516 2.681 2.366 2.981 2.266 2.927 2.441 2.711 2.737 2.492 2.992 2.473 3.128 2.360 3.054 2.733 2.938 2.851 2.841 3.104 2.876 3.377 2.808 3.662 3.019 3.776 3.251 3.756 3.455 3.742 3.834 3.599 4.167 3.526 4.292 3.625 4.240 3.751 4.192 3.812 4.207 3.892 4.255 3.624 4.456 3.688 4.390 3.719 4.374 4.161 4.241 4.634 4.096 4.805 4.797 4.532 4.922 5.381 5.092 4.853 5.513 5.787 5.967 5.993 6.163 6.188 5.905 6.317 6.097 6.489 6.350
3124.559 3124.475 3134.550 3124.211 3122.015 3119.291 3118.968 3112.980 3104.513 3099.132 3090.077 3080.003 3059.472 3051.465 3035.570 3018.282 3004.406 2986.550 2975.878 2959.061 2943.185 2927.201 2903.289 2882.641 2847.106 2826.928 2795.881 2771.567 2741.589 2713.796 2689.012 2655.241 2634.338 2603.821 2580.262 2549.891 2515.689 2487.250 2448.697 2402.989 2359.272 2317.524 2268.818 2227.618 2183.793 2136.429 2085.920 2044.113 1993.379 1946.633 1899.975 1847.908 1800.270 1755.464 1703.318 1653.397 1607.131 1558.269 1508.935 1463.091 1415.835 1364.307 1320.589 1273.735 1225.470 1177.842 1133.350 1086.732 1041.662 998.434 952.498 907.757 857.774 802.742 746.282 688.620 634.549 577.764 523.216 468.529 416.074 367.100 318.136 270.364 226.258 182.796 142.243 103.228 69.043 40.340 17.927 6.441 2.806 3.192 2.428 2.861 2.305 2.973 1.923 2.738 2.465 2.336 2.567 2.169 2.691 2.284 2.874 1.910 2.956 2.196 2.504 2.366 2.752 2.622 2.456 3.169 2.251 2.986 2.163 2.779 2.520 2.616 2.768 2.557 3.021 2.376 3.076 2.400 3.131 2.628 3.193 2.778 3.273 2.997 3.227 3.275 3.391 3.447 3.485 3.798 3.279 4.049 3.433 4.222 3.846 3.867 4.027 3.948 4.126 3.992 4.110 3.821 4.267 3.678 4.095 3.865 4.057 4.081 3.821 4.492 3.856 4.545 4.448 4.387 4.989 4.632 4.588 5.098 5.549 5.502 5.258 5.412 5.736 6.046 6.065 6.251 6.922 6.961 7.354 6.949 6.350
3124.559 3125.641 3131.776 3130.757 3128.121 3122.123 3116.008 3111.098 3105.297 3106.306 3092.792 3077.033 3068.066 3048.261 3032.287 3026.132 3001.289 2994.713 2974.133 2965.784 2946.880 2926.946 2907.866 2876.947 2856.288 2823.400 2800.017 2773.939 2743.951 2719.970 2691.668 2660.347 2635.955 2612.572 2580.271 2553.606 2524.892 2483.918 2440.759 2403.881 2362.270 2313.937 2275.109 2229.608 2180.206 2136.292 2092.574 2044.045 1994.712 1950.866 1903.709 1853.739 1805.474 1759.521 1712.236 1660.816 1615.608 1568.216 1519.539 1470.755 1424.489 1380.154 1332.388 1283.800 1240.308 1193.591 1145.257 1102.784 1058.880 1012.360 967.839 921.861 866.813 812.260 756.382 695.302 644.488 589.036 534.362 479.293 429.163 377.855 329.647 283.147 237.725 195.736 154.312 116.496 80.689 51.041 26.878 10.452 4.263 2.702 3.220 2.317 2.911 2.149 3.031 2.492 2.013 2.742 2.093 2.784 2.037 2.704 2.594 2.474 2.696 2.262 2.695 2.287 2.977 2.241 2.973 2.380 2.847 2.513 2.635 2.815 2.373 3.050 2.328 3.004 2.449 2.852 2.874 2.781 3.026 2.674 3.239 2.579 3.337 2.875 3.321 3.226 3.258 3.719 3.148 3.911 3.405 3.721 3.831 3.591 4.079 3.561 4.288 3.712 4.431 3.657 4.390 3.675 4.335 3.642 4.266 3.619 4.381 3.695 4.243 4.213 3.992 4.773 4.206 4.734 5.022 4.615 4.880 5.589 5.794 5.613 5.637 6.060 6.343 6.449 6.686 6.494 6.777 7.083 7.207 7.118 6.350
3124.559 3123.044 3124.426 3125.681 3123.946 3118.948 3114.803 3107.306 3102.690 3101.984 3087.294 3077.514 3064.656 3044.782 3033.943 3018.028 3006.424 2984.698 2972.497 2960.541 2943.126 2930.661 2908.914 2879.122 2857.445 2826.957 2807.328 2774.429 2744.696 2724.116 2689.365 2664.189 2639.414 2607.839 2582.555 2558.349 2528.880 2488.779 2455.674 2412.780 2372.306 2329.293 2284.605 2244.024 2193.936 2152.599 2106.892 2058.715 2010.617 1965.919 1918.027 1866.812 1823.388 1773.310 1723.634 1678.260 1631.857 1580.907 1531.446 1488.698 1437.925 1389.954 1343.825 1298.618 1247.981 1204.332 1159.448 1113.574 1068.131 1024.051 978.969 932.926 887.087 833.989 776.068 719.110 666.335 609.075 554.025 498.870 446.902 396.671 346.886 299.727 253.500 208.828 167.670 127.902 91.138 58.673 33.606 13.664 5.401 2.853 2.875 2.796 2.548 2.527 2.189 2.685 2.023 2.725 2.253 2.443 2.525 2.384 2.771 2.122 3.056 2.287 2.622 2.373 2.308 2.880 2.417 3.017 2.229 2.766 2.514 2.797 3.014 2.466 2.904 2.203 3.080 2.472 3.115 2.443 3.089 2.799 2.879 3.083 2.844 3.409 2.836 3.641 3.011 3.684 3.512 3.549 3.871 3.384 4.053 3.543 4.185 3.529 4.165 3.782 4.056 3.858 4.014 4.046 3.997 3.836 4.156 3.896 4.197 3.764 4.379 3.952 4.215 4.669 4.136 4.883 5.098 4.810 5.430 5.917 5.765 5.720 6.311 6.753 6.927 7.099 7.143 6.956 6.554 7.295 7.014 7.250 6.350
3124.559 3121.986 3118.046 3121.280 3117.145 3110.628 3107.854 3107.560 3098.848 3099.417 3081.247 3073.613 3056.424 3048.711 3026.485 3016.724 3000.495 2988.873 2973.830 2963.628 2946.233 2927.005 2909.885 2878.603 2859.464 2824.340 2805.142 2776.997 2748.028 2726.389 2694.569 2671.617 2646.970 2616.933 2592.972 2565.875 2532.849 2499.294 2458.516 2416.504 2379.264 2337.947 2291.622 2252.001 2205.951 2160.508 2117.927 2072.749 2023.151 1977.385 1932.668 1882.845 1841.038 1788.637 1742.087 1696.409 1646.596 1601.614 1553.349 1505.300 1459.788 1414.738 1363.817 1319.011 1275.107 1226.695 1181.380 1137.447 1090.720 1046.424 1004.569 957.680 906.952 851.566 795.208 736.994 677.408 627.314 571.857 516.627 464.227 414.440 362.709 316.238 269.472 225.437 182.744 142.040 103.852 69.167 41.024 18.788 7.500 2.913 3.373 2.563 3.117 2.549 2.775 2.702 2.481 2.633 2.295 2.866 2.142 2.896 2.327 3.056 2.431 2.859 2.223 2.418 2.891 2.257 2.874 2.263 3.024 2.317 2.976 2.302 2.954 2.548 2.962 2.754 2.814 2.978 2.691 3.138 2.666 3.305 2.685 3.464 2.787 3.471 3.164 3.546 3.234 3.594 3.625 3.419 3.885 3.360 4.051 3.453 4.204 3.573 4.213 3.641 4.091 3.795 4.076 3.908 4.023 3.735 4.142 3.707 4.360 3.670 4.385 4.097 4.194 4.762 4.214 4.853 5.251 4.886 5.342 6.015 5.910 5.693 6.030 6.460 6.612 6.607 6.495 6.199 6.002 6.558 6.567 6.542 6.350
3124.559 3117.017 3113.470 3108.442 3107.590 3110.383 3106.100 3101.592 3092.380 3091.263 3077.043 3065.607 3053.611 3038.519 3028.710 3011.922 2999.633 2984.698 2976.456 2957.091 2946.096 2928.162 2901.819 2883.385 2852.829 2830.799 2805.936 2779.113 2755.456 2726.527 2698.695 2678.311 2648.548 2621.627 2601.018 2568.894 2537.416 2504.782 2467.679 2424.804 2387.986 2345.718 2300.501 2257.185 2214.075 2169.720 2129.736 2084.019 2036.009 1991.821 1945.369 1897.192 1850.632 1807.002 1756.474 1707.964 1664.569 1615.481 1567.745 1519.196 1473.665 1426.106 1381.437 1333.917 1287.171 1238.828 1197.119 1149.893 1104.225 1062.359 1015.574 969.366 919.579 866.632 807.836 750.487 692.793 641.219 585.607 531.620 478.819 426.969 378.662 328.591 282.816 237.456 195.492 152.859 113.973 77.354 44.908 21.461 7.655 3.701 2.719 2.920 3.200 2.947 3.210 2.534 3.239 2.374 2.859 2.308 2.907 2.523 2.693 2.897 2.765 2.812 2.185 2.943 2.345 3.047 2.351 2.987 2.628 2.754 2.815 2.626 3.234 2.560 3.247 2.507 3.212 2.637 3.275 2.724 3.196 3.041 3.092 3.405 2.967 3.646 3.095 3.871 3.148 3.894 3.267 4.010 3.512 3.850 3.755 3.591 4.022 3.546 4.239 3.560 4.285 3.553 4.240 3.550 4.211 3.546 4.054 3.629 4.100 3.934 4.122 4.339 4.027 4.771 4.324 4.545 5.236 4.999 4.887 5.498 5.881 5.625 5.449 5.474 5.545 5.498 5.517 5.513 6.009 5.897 6.260 5.830 6.350
3124.559 3112.215 3115.459 3109.736 3108.550 3107.737 3100.455 3095.232 3095.261 3090.303 3081.757 3065.136 3052.798 3045.801 3025.946 3013.823 3002.034 2989.137 2970.390 2959.639 2944.390 2929.779 2906.337 2883.660 2855.122 2832.102 2804.584 2777.065 2758.945 2726.958 2703.536 2676.899 2649.185 2626.312 2597.098 2569.923 2541.601 2508.222 2465.905 2432.193 2388.289 2345.130 2304.205 2267.230 2218.073 2171.190 2131.872 2083.931 2043.006 1995.045 1944.065 1901.337 1854.640 1805.072 1763.089 1709.933 1662.394 1618.362 1571.812 1522.714 1478.869 1427.556 1381.516 1337.073 1288.749 1244.522 1200.451 1152.715 1106.165 1063.976 1018.641 972.485 922.477 869.651 811.279 752.986 694.772 642.436 587.205 534.063 481.054 428.362 380.363 331.435 284.259 240.732 196.839 156.053 116.053 79.761 46.023 19.155 7.425 2.753 3.335 2.329 2.994 2.504 2.851 3.048 2.404 2.977 2.333 3.001 2.281 3.061 2.635 2.790 2.962 2.548 2.912 2.473 3.206 2.339 2.993 2.834 2.540 3.140 2.469 3.121 2.452 3.100 2.646 2.913 2.963 2.730 3.409 2.696 3.391 3.050 3.240 3.470 3.138 3.706 3.110 3.901 3.322 3.896 3.351 4.051 3.595 3.878 3.798 3.735 4.120 3.503 4.251 3.599 4.217 3.646 4.246 3.794 4.005 3.774 4.107 3.668 4.331 3.628 4.197 3.895 4.330 4.423 4.169 4.947 4.552 4.512 5.165 5.191 4.827 5.166 5.580 5.632 5.598 5.611 5.761 5.856 5.571 5.462 5.495 5.695 6.350
3124.559 3119.761 3119.056 3121.231 3115.214 3112.764 3102.778 3099.279 3100.553 3093.409 3081.081 3075.603 3059.521 3042.351 3031.111 3016.117 3003.592 2990.323 2969.900 2959.012 2942.254 2932.229 2911.933 2883.366 2862.482 2832.161 2809.640 2777.624 2756.426 2724.478 2698.459 2677.919 2641.512 2621.343 2594.138 2560.730 2536.436 2505.007 2467.885 2435.692 2392.278 2346.708 2307.106 2266.534 2222.699 2172.415 2131.490 2083.206 2035.333 1991.840 1944.996 1895.193 1852.122 1800.828 1752.799 1708.483 1657.905 1609.307 1562.865 1513.218 1467.815 1418.628 1370.510 1322.304 1277.420 1228.420 1182.713 1135.134 1092.622 1046.709 1000.472 958.493 911.303 863.073 813.391 754.871 696.199 645.179 589.179 533.225 482.659 427.972 377.860 328.792 280.443 236.174 191.719 150.311 109.985 73.041 40.863 18.224 6.431 3.170 3.618 2.995 3.268 2.385 3.436 2.362 2.819 2.538 2.605 2.710 2.392 3.074 2.457 2.811 2.567 2.789 2.676 2.450 2.932 2.284 3.002 2.425 3.221 2.448 2.968 2.796 2.567 3.029 2.486 3.243 2.616 3.152 2.797 3.168 3.061 3.172 3.331 3.121 3.654 3.097 3.851 3.224 3.953 3.344 3.972 3.618 3.807 4.110 3.512 4.229 3.723 4.327 3.725 4.371 3.651 4.397 3.691 4.281 3.793 4.317 3.713 4.283 3.717 4.362 4.057 4.015 4.639 4.028 4.606 4.729 4.397 5.093 4.917 4.664 5.007 5.402 5.559 5.449 5.385 5.407 5.729 5.943 5.975 5.561 5.990 5.662 6.350
3124.559 3122.339 3122.535 3128.425 3125.681 3122.809 3108.766 3105.130 3106.610 3101.367 3083.178 3078.807 3062.549 3046.732 3034.198 3019.135 3006.797 2989.392 2978.749 2961.785 2945.851 2930.484 2907.180 2883.630 2856.181 2830.220 2808.641 2775.585 2752.898 2721.342 2693.324 2671.715 2644.579 2612.935 2591.404 2560.613 2529.997 2499.657 2460.692 2418.179 2376.490 2339.054 2291.622 2244.533 2204.147 2159.361 2109.577 2066.124 2021.975 1971.192 1924.495 1881.914 1831.159 1779.553 1738.314 1687.462 1638.864 1594.470 1544.137 1499.439 1450.037 1405.006 1359.505 1310.946 1264.327 1220.855 1175.696 1128.254 1085.154 1038.761 996.405 951.253 901.542 844.216 789.278 728.989 676.644 620.641 564.789 511.451 456.706 407.609 358.167 310.882 263.070 220.717 177.309 137.512 99.505 64.626 35.859 16.150 6.124 2.956 3.405 2.603 3.248 2.309 3.097 2.613 2.996 2.380 2.646 2.397 2.761 2.631 2.490 3.045 2.431 2.956 1.990 2.881 2.467 2.890 2.557 2.729 2.975 2.415 3.110 2.278 3.110 2.600 2.908 2.929 2.800 3.085 2.640 3.364 2.761 3.251 2.956 3.429 3.095 3.575 3.485 3.378 3.817 3.229 4.009 3.383 4.184 3.543 4.098 3.780 4.010 4.133 3.873 4.332 3.826 4.440 3.872 4.375 3.747 4.561 3.854 4.465 3.953 4.358 4.339 4.010 4.846 4.304 4.574 5.028 4.491 4.826 5.296 5.013 4.845 5.164 5.714 5.794 5.806 5.847 6.148 6.232 5.809 6.529 6.167 6.514 6.350
3124.559 3129.101 3124.759 3128.405 3125.132 3123.907 3120.673 3114.822 3104.826 3103.670 3085.550 3078.876 3062.823 3045.732 3037.647 3014.647 3005.425 2986.099 2974.790 2957.914 2944.782 2928.828 2905.935 2880.230 2853.015 2824.879 2799.958 2773.988 2739.845 2717.569 2689.649 2658.691 2632.162 2605.898 2573.490 2549.205 2518.296 2485.015 2447.599 2411.300 2367.494 2324.001 2281.665 2236.860 2190.280 2146.994 2100.610 2049.846 2006.246 1957.383 1908.854 1861.814 1813.804 1770.233 1717.773 1668.391 1623.546 1573.488 1523.312 1478.222 1430.702 1381.192 1336.651 1288.230 1240.170 1193.924 1148.727 1099.776 1055.666 1012.605 968.246 923.104 877.561 826.948 772.302 714.748 663.629 606.476 551.780 496.929 443.763 393.662 344.444 297.100 250.437 207.206 164.491 125.160 87.722 54.827 30.064 12.448 5.313 2.989 2.551 2.662 2.665 3.018 2.230 2.913 2.212 2.841 2.345 2.621 2.466 2.571 2.708 2.449 2.703 2.284 2.896 2.101 2.872 2.390 2.881 2.586 2.654 2.868 2.394 3.017 2.421 2.997 2.545 2.991 2.594 2.631 3.146 2.555 3.201 2.538 3.384 2.715 3.447 3.035 3.288 3.513 3.244 3.888 3.259 4.049 3.563 4.161 3.880 3.964 4.116 3.851 4.253 3.896 4.381 3.737 4.361 3.841 4.356 3.822 4.169 3.941 4.043 4.189 3.842 4.553 4.045 4.467 4.676 4.216 4.766 5.046 4.703 4.830 5.539 5.754 5.647 5.649 5.732 5.874 6.052 6.601 6.819 6.417 6.591 6.536 6.350
3124.559 3134.540 3134.432 3128.425 3128.572 3123.015 3119.722 3109.756 3108.756 3102.856 3088.107 3081.718 3062.069 3047.339 3027.573 3019.184 2997.663 2990.392 2971.821 2958.346 2944.910 2921.458 2896.547 2875.006 2841.745 2816.059 2791.148 2762.816 2740.070 2709.984 2683.387 2658.270 2626.194 2600.479 2575.999 2542.287 2510.623 2474.892 2432.879 2390.641 2351.265 2303.970 2263.496 2222.160 2172.082 2127.845 2083.166 2038.596 1988.146 1945.486 1898.221 1848.251 1798.290 1753.534 1704.465 1660.051 1612.453 1561.071 1513.992 1468.393 1418.589 1372.568 1329.654 1278.577 1235.084 1189.259 1140.220 1096.934 1053.755 1006.774 958.693 914.517 862.208 802.391 748.363 689.381 638.385 582.831 529.764 475.660 424.307 375.674 326.849 281.611 236.328 195.087 153.926 115.996 79.856 50.325 26.528 11.615 5.208 2.881 3.331 2.466 3.063 2.390 2.474 2.579 2.307 2.651 2.264 2.731 2.226 2.827 2.243 2.595 2.200 2.957 2.139 2.741 2.463 2.696 2.816 2.650 2.863 2.393 3.067 2.282 3.060 2.609 2.907 2.760 2.866 2.960 2.590 3.187 2.524 3.323 2.649 3.297 2.881 3.319 3.193 3.271 3.523 3.419 3.742 3.409 3.935 3.390 4.207 3.535 4.305 3.787 4.146 4.040 4.066 3.993 4.019 4.157 3.885 4.101 3.988 4.147 3.975 3.920 4.386 3.886 4.574 4.266 4.275 4.929 4.630 4.717 5.243 5.627 5.564 5.365 5.629 5.967 6.164 6.244 6.372 6.057 6.558 6.469 6.756 6.197 6.350
