IESNA:LM-63-2002 
[TEST] 4791498147.3-3a
[TESTLAB] UL-CCIC Company Limited
[ISSUEDATE] 2024-11-18
[MANUFAC] Foshan MLS Technology Co., Ltd.
[LUMINAIRE] 2x4 Luminaires for Ambient Lighting of Interior Commercial Spaces
[LUMCAT] BPANEL-75S5-UNV-D-8SC61-24-G-WH-P
[BALLAST] 120VAC 60Hz 
TILT=NONE
1 -1 1 181 17 1 2 1.163 0.563 0
1 1 69.4
0 1 2 3 4 5 6 7 8 9 10 11 12 13 14 15 16 17 18 19 20 21 22 23 24 25 26 27 28 29 30 31 32 33 34 35 36 37 38 39 40 41 42 43 44 45 46 47 48 49 50 51 52 53 54 55 56 57 58 59 60 61 62 63 64 65 66 67 68 69 70 71 72 73 74 75 76 77 78 79 80 81 82 83 84 85 86 87 88 89 90 91 92 93 94 95 96 97 98 99 100 101 102 103 104 105 106 107 108 109 110 111 112 113 114 115 116 117 118 119 120 121 122 123 124 125 126 127 128 129 130 131 132 133 134 135 136 137 138 139 140 141 142 143 144 145 146 147 148 149 150 151 152 153 154 155 156 157 158 159 160 161 162 163 164 165 166 167 168 169 170 171 172 173 174 175 176 177 178 179 180 
0 22.5 45 67.5 90 112.5 135 157.5 180 202.5 225 247.5 270 292.5 315 337.5 360 
4271.531 4286.250 4283.030 4276.284 4278.775 4271.860 4268.451 4264.861 4245.097 4237.400 4220.910 4208.747 4189.206 4172.957 4161.788 4144.717 4124.626 4100.206 4075.480 4050.512 4009.569 3987.769 3958.778 3928.583 3901.862 3871.688 3838.422 3800.742 3763.876 3712.608 3670.050 3619.607 3561.657 3507.044 3450.466 3388.694 3328.051 3258.309 3180.310 3093.854 2993.738 2869.444 2732.102 2574.404 2408.324 2242.339 2073.356 1906.927 1748.597 1601.045 1467.819 1341.478 1233.665 1134.762 1046.137 970.597 899.366 840.211 781.273 730.240 679.350 633.127 588.972 547.719 507.809 473.589 444.647 420.043 402.076 387.187 376.748 368.289 363.083 355.918 349.866 342.423 333.158 321.968 308.003 292.900 273.030 252.459 228.446 202.351 177.049 150.202 123.940 96.737 72.285 48.423 28.685 13.371 5.859 3.202 1.619 1.966 1.669 2.327 0.969 1.769 1.395 1.339 1.717 1.218 1.836 1.411 2.284 1.484 1.736 2.073 1.228 2.096 1.106 1.612 1.749 1.577 1.962 1.359 2.211 1.696 2.433 1.912 2.007 2.236 1.963 2.496 1.815 2.733 2.119 2.751 2.421 2.847 2.759 2.863 3.133 2.957 3.595 2.984 3.877 3.555 3.874 3.993 3.811 4.320 3.826 4.663 4.147 5.008 4.308 5.079 4.443 5.276 4.526 5.175 4.672 5.313 4.719 5.501 5.104 5.352 5.668 5.146 6.092 5.672 5.964 6.665 6.228 6.563 7.381 7.679 7.708 7.655 7.890 8.060 8.306 8.650 9.290 8.763 9.319 9.109 8.592
4271.531 4273.940 4272.103 4272.293 4271.164 4264.332 4255.623 4251.547 4246.459 4238.709 4227.329 4210.278 4191.897 4171.870 4153.775 4131.931 4114.459 4094.083 4078.954 4056.962 4039.036 4014.109 3980.283 3949.202 3906.127 3872.945 3836.279 3789.667 3752.938 3712.154 3665.343 3624.083 3576.490 3527.293 3480.945 3427.588 3362.817 3287.078 3189.325 3070.870 2937.054 2794.243 2636.208 2475.702 2309.274 2147.881 1987.682 1833.985 1688.873 1558.024 1432.674 1326.709 1233.992 1149.385 1076.949 1016.440 962.079 916.521 880.546 850.349 822.417 795.456 770.120 744.375 722.409 699.651 676.660 653.297 629.132 604.432 576.402 548.118 513.748 478.082 440.583 407.373 376.926 351.637 327.262 306.177 286.650 266.397 246.081 222.885 198.260 170.878 141.766 111.959 80.836 54.594 30.265 14.081 5.542 2.622 1.796 1.090 1.893 1.320 2.340 1.082 1.710 1.427 1.378 1.887 1.190 2.089 1.276 1.656 1.775 1.647 1.888 1.356 2.109 1.228 1.771 2.169 1.498 1.674 2.287 1.543 2.117 2.014 1.901 2.371 1.853 2.701 1.944 2.639 2.292 2.573 2.752 2.539 3.287 2.623 3.511 2.943 3.543 3.391 3.562 3.823 3.622 4.175 3.699 4.232 3.858 4.605 3.995 4.813 4.302 4.856 4.498 4.909 4.769 4.609 5.228 4.706 5.113 5.072 5.070 5.762 5.108 5.973 5.844 5.776 6.718 6.889 6.633 7.220 7.945 8.210 8.178 8.298 8.296 8.363 8.474 8.802 9.382 8.571 9.312 9.121 8.592
4271.531 4265.473 4262.738 4266.033 4263.531 4259.719 4258.114 4250.376 4242.131 4240.135 4225.344 4209.444 4191.455 4172.514 4162.189 4136.217 4121.764 4100.027 4082.026 4069.631 4046.817 4024.435 3995.761 3960.899 3927.231 3884.959 3846.319 3811.891 3769.101 3729.690 3687.112 3640.859 3595.441 3547.995 3489.507 3434.787 3371.981 3285.737 3178.399 3054.886 2915.338 2760.786 2605.316 2449.023 2297.091 2152.347 2020.293 1896.433 1781.040 1681.366 1585.800 1492.746 1406.038 1325.072 1239.841 1159.467 1079.747 1006.006 933.844 868.792 813.505 757.399 711.544 670.613 636.802 609.056 586.101 564.765 546.192 527.842 510.430 491.599 472.518 453.022 434.877 420.256 407.373 394.785 379.333 365.094 350.039 333.842 315.114 293.288 266.337 235.754 199.365 159.033 118.737 78.791 48.110 23.583 9.814 3.692 1.969 2.404 1.492 2.405 1.028 2.005 1.394 2.150 1.506 1.928 1.540 1.685 1.786 1.396 1.963 1.410 2.088 1.293 2.060 1.480 2.040 1.726 1.975 2.102 1.649 2.142 1.676 2.300 1.769 2.646 1.991 2.619 2.166 2.519 2.419 2.487 2.939 2.557 3.356 2.723 3.420 3.000 3.512 3.304 3.544 3.770 3.436 4.254 3.586 4.419 3.738 4.589 4.015 4.780 4.297 4.915 4.376 4.890 4.558 5.098 4.592 5.337 4.718 5.167 5.209 5.188 5.465 5.149 6.114 5.731 6.194 6.860 6.540 6.843 7.782 7.920 7.819 7.638 7.667 7.696 7.859 8.233 8.561 7.962 8.164 7.906 8.592
4271.531 4255.148 4258.209 4259.867 4259.867 4254.155 4246.480 4245.044 4244.400 4228.384 4222.430 4206.256 4191.001 4175.987 4160.500 4136.799 4126.325 4110.826 4091.158 4074.266 4060.932 4028.995 3997.259 3970.835 3930.547 3899.212 3859.738 3824.803 3791.610 3750.172 3709.800 3672.046 3632.043 3588.600 3546.950 3488.736 3422.130 3346.126 3251.415 3136.116 3014.050 2873.245 2724.996 2574.869 2414.975 2260.793 2095.020 1949.664 1809.165 1673.057 1550.485 1437.689 1336.906 1246.091 1167.638 1097.389 1035.889 982.938 938.892 897.699 864.271 840.783 811.209 785.432 761.244 735.867 713.474 689.566 665.859 639.995 613.588 583.052 546.612 510.000 471.535 436.478 406.218 378.430 354.938 332.339 312.695 291.065 269.539 247.368 224.393 199.278 171.222 141.397 108.831 78.320 46.839 24.806 10.481 4.655 2.630 1.729 1.928 1.114 2.302 0.903 1.862 1.452 1.671 1.870 1.272 2.121 1.323 2.030 1.373 1.778 1.486 1.506 2.006 1.183 2.220 1.498 2.089 1.651 2.039 1.623 1.922 1.955 1.970 2.363 1.829 2.630 1.918 2.693 2.158 2.854 2.529 2.903 2.895 2.919 3.316 2.847 3.652 3.022 3.904 3.285 3.933 3.523 3.953 3.914 4.002 4.312 4.103 4.645 4.222 4.957 4.336 5.036 4.451 5.147 4.469 5.137 4.722 5.037 5.285 5.071 5.649 5.125 5.998 6.236 5.873 6.207 7.018 6.713 6.791 7.416 7.880 7.926 7.750 7.618 7.659 7.909 7.918 7.555 7.743 7.485 8.592
4271.531 4259.308 4253.322 4258.969 4259.772 4254.007 4251.304 4249.151 4242.151 4236.683 4224.805 4210.606 4196.923 4174.900 4164.384 4144.315 4129.080 4108.230 4099.910 4078.278 4059.729 4037.737 4005.653 3975.785 3938.486 3906.644 3874.655 3832.341 3795.686 3758.703 3724.063 3677.420 3640.901 3595.631 3553.021 3506.832 3449.103 3377.798 3305.617 3209.163 3108.709 2984.721 2848.244 2696.396 2528.838 2356.856 2173.029 1992.433 1819.754 1659.491 1511.148 1376.286 1259.605 1156.680 1064.112 987.750 914.567 850.098 796.770 740.951 690.049 642.420 599.595 557.890 522.003 490.038 462.774 438.287 419.719 403.441 389.319 378.959 368.465 361.409 355.076 349.179 341.590 331.015 317.966 301.443 283.117 261.432 239.476 215.184 191.098 167.327 142.757 118.518 93.143 68.910 43.368 22.556 9.146 5.374 2.912 1.929 1.401 1.039 1.932 1.074 1.888 1.257 1.987 1.184 1.848 1.419 1.598 1.742 1.918 2.025 1.218 1.923 1.098 2.172 1.611 2.075 1.785 1.431 1.951 1.773 2.576 1.563 2.387 2.056 2.335 2.335 2.296 2.693 2.186 3.034 2.364 3.031 2.761 2.971 3.372 2.911 3.608 3.033 3.921 3.201 3.928 3.556 3.835 3.985 3.857 4.472 3.953 4.829 4.086 4.864 4.238 4.897 4.520 4.998 4.451 5.180 4.648 5.253 4.965 5.017 5.631 5.070 5.848 5.820 5.583 6.325 6.719 6.085 6.737 7.243 7.090 6.815 6.799 6.871 7.089 7.491 7.665 7.327 7.564 7.327 8.592
4271.531 4261.270 4264.343 4263.140 4261.049 4264.501 4259.023 4254.155 4245.477 4243.988 4229.651 4214.945 4201.082 4185.848 4165.874 4154.165 4135.689 4120.286 4099.150 4087.262 4064.564 4040.387 4011.354 3973.305 3941.727 3901.397 3872.385 3837.092 3796.740 3755.197 3719.640 3678.012 3635.085 3590.490 3539.307 3485.643 3424.220 3343.085 3240.023 3127.617 3006.248 2870.046 2728.491 2575.217 2427.560 2271.404 2120.695 1977.631 1834.376 1700.349 1577.322 1462.003 1360.017 1266.816 1182.219 1110.671 1049.380 999.577 955.164 917.445 884.171 856.044 834.701 810.974 786.153 763.493 740.476 716.822 692.050 665.759 638.599 605.910 570.092 529.462 486.254 444.554 408.634 374.734 345.653 319.766 296.670 274.858 253.023 232.785 209.506 187.405 160.815 134.131 104.170 75.189 47.128 25.890 13.202 5.603 3.375 1.390 2.054 1.641 1.815 1.829 1.366 2.137 1.324 2.013 1.408 1.879 1.674 1.698 1.939 1.366 2.011 1.496 1.683 1.617 1.679 2.128 1.528 2.215 1.606 2.262 1.965 2.147 2.425 1.894 2.748 2.092 2.596 2.688 2.471 2.964 2.474 3.298 2.713 3.573 2.935 3.527 3.486 3.206 3.944 3.253 4.131 3.520 4.361 3.983 4.131 4.596 4.140 4.904 4.298 5.080 4.420 5.192 4.564 5.269 4.636 5.242 4.670 5.375 4.928 5.468 5.431 5.503 5.965 5.487 5.914 6.542 6.062 6.329 7.040 7.151 7.064 6.789 6.866 6.912 7.174 7.556 8.105 7.494 8.218 7.835 8.592
4271.531 4269.886 4273.729 4275.756 4274.130 4267.785 4262.696 4255.380 4257.206 4248.750 4239.175 4219.611 4203.279 4192.668 4169.189 4153.173 4137.600 4117.266 4098.991 4080.390 4062.737 4033.471 4008.577 3973.949 3936.808 3899.528 3862.926 3824.813 3785.645 3742.265 3700.636 3655.080 3606.663 3555.302 3501.891 3442.357 3365.203 3276.679 3167.071 3037.445 2900.452 2763.025 2612.348 2471.141 2327.634 2187.176 2062.112 1942.136 1836.973 1738.936 1647.699 1556.281 1473.795 1387.942 1308.212 1226.982 1147.009 1071.005 995.328 928.321 860.472 807.905 752.751 705.413 666.255 632.421 605.579 583.031 564.655 546.986 531.543 513.988 495.118 475.209 453.015 431.138 410.213 389.935 369.158 350.272 332.392 313.715 294.897 271.810 247.409 218.329 185.467 149.682 114.329 78.989 49.303 27.436 12.611 6.449 2.292 2.551 2.479 2.375 2.236 1.817 2.570 1.483 2.190 1.327 2.091 1.401 2.193 1.782 1.841 1.555 1.529 2.268 1.594 2.258 1.700 2.083 2.082 1.662 2.412 1.692 2.463 2.012 2.350 2.163 2.324 2.552 2.349 2.880 2.317 3.132 2.497 3.339 2.725 3.365 3.254 3.205 3.808 3.204 3.994 3.428 3.843 4.085 3.877 4.492 3.950 4.842 4.239 5.170 4.544 5.041 4.642 5.087 4.916 5.177 4.932 5.448 5.084 5.549 5.158 5.962 5.421 6.203 5.944 6.038 6.676 6.323 6.439 7.016 7.136 6.850 6.992 7.080 7.281 7.408 7.712 8.203 8.662 8.012 8.474 8.157 8.592
4271.531 4278.142 4274.299 4280.443 4277.202 4271.449 4265.905 4260.300 4252.445 4248.792 4237.211 4218.998 4201.917 4180.718 4170.001 4144.336 4129.281 4105.411 4092.467 4069.631 4047.703 4031.244 3997.703 3962.346 3919.778 3885.772 3848.926 3805.166 3766.578 3724.971 3685.191 3634.989 3592.707 3538.896 3487.311 3436.297 3368.613 3287.795 3191.205 3075.105 2946.197 2806.765 2660.468 2508.906 2357.564 2205.398 2050.816 1903.824 1766.893 1640.277 1521.125 1414.705 1317.566 1228.682 1151.411 1084.847 1023.409 971.267 930.709 890.293 856.811 828.994 800.026 771.305 744.371 719.523 692.252 666.644 640.264 615.074 587.093 558.097 524.512 487.325 451.712 415.712 384.140 354.307 328.084 302.590 279.884 258.030 235.886 213.869 189.080 165.472 138.120 110.178 82.772 58.243 36.272 17.929 8.502 3.632 2.408 1.628 2.064 1.929 1.474 2.193 1.268 1.969 1.480 1.475 1.879 1.051 2.310 1.388 2.199 2.144 1.136 1.804 1.120 2.195 1.888 1.895 1.836 1.423 2.132 1.355 2.283 1.529 2.350 1.923 2.339 2.251 2.286 2.592 2.313 2.903 2.321 3.142 2.524 3.365 2.867 3.497 3.371 3.338 3.881 3.428 4.151 3.539 4.424 3.922 4.499 4.363 4.515 4.874 4.647 5.067 4.588 5.226 4.671 5.280 4.677 5.290 5.120 5.108 5.570 5.088 5.789 5.442 5.833 6.222 5.882 6.258 6.955 6.509 6.643 7.405 7.922 8.258 8.472 8.718 8.926 9.165 8.869 8.924 8.910 8.842 8.592
4271.531 4278.871 4279.472 4278.574 4274.373 4270.033 4263.361 4258.146 4249.647 4247.515 4229.450 4213.636 4189.839 4173.781 4153.870 4139.859 4119.421 4093.217 4076.663 4058.873 4036.449 4012.653 3980.695 3943.722 3906.465 3867.023 3830.219 3789.625 3747.828 3703.381 3662.048 3617.105 3570.040 3523.524 3470.229 3418.973 3363.619 3289.253 3200.263 3096.357 2970.596 2829.241 2677.107 2506.562 2333.514 2155.820 1975.657 1809.492 1641.364 1491.342 1359.405 1241.383 1140.115 1051.201 975.850 905.067 852.523 797.598 747.723 700.958 656.633 617.345 580.467 547.468 515.117 489.167 465.186 443.759 426.128 410.364 396.735 383.664 372.696 360.855 349.889 337.190 324.976 310.851 292.992 275.013 253.260 231.358 207.291 183.528 157.988 134.102 109.711 85.123 62.769 41.313 23.253 9.589 5.123 2.080 1.648 1.498 1.276 1.785 1.297 1.949 1.150 1.921 1.144 1.809 1.279 1.563 1.802 1.162 1.867 1.202 1.775 1.322 1.917 1.382 1.766 1.927 1.630 2.301 1.504 2.149 1.792 2.289 1.991 2.102 2.331 2.081 2.699 2.082 2.998 2.332 2.907 2.511 3.018 2.950 2.992 3.524 3.077 3.787 3.238 3.993 3.515 4.145 4.124 4.070 4.539 4.185 4.927 4.224 5.070 4.444 5.148 4.540 5.258 4.864 5.285 4.920 5.577 4.848 5.745 5.059 5.920 5.843 5.682 6.515 6.028 6.349 7.121 7.217 7.000 7.494 8.020 8.566 8.778 8.935 9.085 8.986 8.619 9.139 8.570 8.722 8.592
4271.531 4271.491 4271.459 4274.046 4268.566 4257.185 4254.240 4241.275 4240.398 4230.813 4218.883 4202.825 4177.571 4160.900 4136.967 4118.016 4101.505 4080.832 4058.313 4038.371 4022.999 3993.522 3961.955 3924.213 3882.320 3849.876 3803.730 3764.002 3720.210 3676.037 3629.099 3578.592 3529.129 3471.549 3415.837 3348.554 3270.323 3182.200 3072.169 2940.485 2801.676 2656.605 2501.304 2345.972 2191.789 2041.430 1899.304 1771.496 1647.329 1532.991 1427.522 1325.716 1236.484 1154.610 1083.242 1019.101 965.180 919.333 880.261 847.288 819.479 790.395 764.540 740.739 719.364 696.447 673.254 650.572 626.275 601.270 574.173 546.237 513.335 479.488 442.855 406.840 374.669 345.255 319.457 295.050 274.174 251.611 229.384 205.462 179.240 151.582 122.342 92.528 62.711 38.487 17.602 6.788 2.681 2.596 1.898 1.672 2.134 1.354 1.937 1.640 2.017 1.513 1.698 1.705 1.420 1.936 1.313 2.183 1.484 2.254 1.483 1.923 1.916 1.862 1.999 1.647 2.246 1.649 2.438 1.665 2.272 2.046 2.137 2.492 2.142 2.761 2.174 3.067 2.354 3.006 2.776 2.970 3.042 3.048 3.549 2.946 3.880 3.258 3.818 3.713 3.838 4.012 3.971 4.443 3.919 4.800 4.169 5.033 4.568 5.015 4.662 5.004 4.708 5.032 4.907 5.385 4.949 5.460 4.981 5.677 5.606 5.614 6.489 5.930 6.392 7.112 6.799 7.380 8.123 8.394 8.199 8.301 8.384 8.499 8.567 8.912 9.276 8.683 8.997 8.652 8.592
4271.531 4263.615 4263.858 4262.886 4252.952 4249.394 4240.103 4234.898 4228.332 4217.859 4206.657 4186.734 4165.589 4143.185 4126.040 4103.964 4085.193 4063.297 4047.122 4024.667 4001.936 3980.325 3943.944 3904.807 3862.704 3826.745 3785.202 3740.142 3695.410 3648.935 3599.442 3542.432 3488.642 3424.589 3359.629 3283.994 3192.271 3080.320 2951.528 2811.568 2660.195 2508.135 2354.185 2208.513 2074.475 1954.848 1840.098 1741.238 1651.637 1561.084 1477.090 1394.307 1310.661 1231.068 1150.399 1074.067 997.145 927.465 859.436 804.227 748.374 701.395 660.624 625.873 600.416 578.423 560.818 544.914 531.363 518.299 503.969 488.600 468.105 446.101 424.199 404.395 385.040 367.458 349.954 331.676 312.821 291.262 267.860 240.549 208.008 171.399 130.503 91.594 56.445 30.751 11.903 3.978 2.075 2.461 2.345 2.184 2.375 2.151 1.987 1.703 2.094 1.383 2.167 1.372 2.087 1.634 1.984 2.065 1.607 2.270 1.481 2.238 1.717 2.462 1.986 2.172 1.964 2.017 2.496 1.640 2.772 1.950 2.586 2.307 2.602 2.716 2.408 3.051 2.336 3.155 2.744 3.142 3.134 3.205 3.568 3.148 3.880 3.241 4.088 3.522 4.352 3.634 4.499 3.909 4.618 4.365 4.672 4.749 4.583 5.048 4.712 5.100 4.928 4.980 5.358 4.740 5.660 4.889 5.720 5.217 5.707 5.977 5.700 6.503 6.412 6.532 7.386 7.430 7.240 7.706 8.216 8.492 8.362 8.222 8.314 8.597 8.261 8.307 7.920 8.288 8.592
4271.531 4254.588 4257.079 4256.689 4246.596 4241.898 4232.364 4228.934 4214.775 4208.399 4192.510 4171.669 4156.889 4131.034 4116.475 4093.449 4073.474 4051.620 4030.875 4013.455 3989.120 3965.038 3932.014 3888.644 3851.682 3808.808 3772.099 3731.495 3684.863 3641.652 3595.378 3543.477 3495.915 3435.991 3374.440 3305.374 3227.617 3123.890 3003.113 2867.544 2716.297 2561.186 2402.411 2239.256 2079.511 1930.175 1785.622 1650.581 1527.206 1416.024 1311.263 1220.626 1142.058 1074.564 1016.870 970.509 930.087 896.027 863.177 842.323 814.869 788.882 764.273 740.402 715.254 689.725 664.234 636.344 609.714 579.435 549.128 514.744 478.227 441.435 403.226 371.867 343.018 318.587 296.525 275.479 255.807 234.875 213.466 189.638 163.698 136.010 106.559 73.954 45.704 21.493 7.879 2.441 2.094 2.034 1.200 2.162 1.656 1.700 1.137 1.886 1.528 1.669 1.914 1.319 2.103 1.240 2.075 1.472 1.974 1.634 1.765 2.014 1.664 2.119 1.419 2.407 1.706 2.354 1.922 2.105 2.295 1.956 2.706 1.894 2.792 2.200 2.800 2.603 2.636 3.120 2.709 3.366 2.708 3.655 2.998 3.679 3.527 3.568 3.987 3.556 4.307 3.658 4.382 4.102 4.357 4.502 4.527 4.651 4.655 4.985 4.674 5.090 4.806 5.177 4.897 5.131 5.199 5.143 5.455 5.041 5.874 5.429 5.858 6.494 6.243 6.557 7.263 6.980 7.086 7.740 8.020 8.009 8.036 8.040 7.968 8.125 7.761 7.948 7.594 8.204 8.592
4271.531 4257.671 4254.979 4251.400 4248.982 4237.052 4232.988 4223.729 4217.859 4211.154 4190.758 4170.687 4147.799 4134.327 4108.103 4091.169 4071.532 4053.837 4029.819 4015.830 3989.574 3954.459 3920.169 3883.830 3846.171 3811.701 3767.560 3730.154 3690.005 3641.873 3604.679 3561.119 3509.862 3463.050 3407.127 3341.248 3262.510 3171.431 3061.274 2942.967 2804.367 2650.376 2481.467 2306.360 2129.004 1944.998 1776.184 1616.311 1469.636 1341.520 1228.893 1129.642 1043.796 966.914 897.851 839.823 784.628 731.757 681.336 635.498 592.233 551.520 517.348 484.158 457.829 434.054 416.480 400.347 388.861 378.916 370.707 365.045 358.935 353.811 345.453 334.641 319.528 303.540 283.450 261.837 238.287 214.149 190.562 167.187 142.847 118.175 94.721 69.512 46.525 23.298 9.192 3.271 1.890 1.808 1.606 1.642 0.989 1.726 1.436 2.233 1.202 1.892 1.389 1.541 1.869 1.636 1.679 1.364 2.523 1.661 2.104 1.446 1.834 2.051 1.711 2.337 1.693 2.545 1.872 2.498 1.841 2.741 2.147 2.492 2.594 2.441 2.874 2.343 3.170 2.473 3.420 2.755 3.344 3.165 3.162 3.673 3.161 4.026 3.385 4.156 3.825 3.917 4.406 3.940 4.722 4.045 4.889 4.211 5.001 4.425 5.010 4.494 5.166 4.548 5.242 4.596 5.407 4.753 5.451 4.902 5.722 5.222 5.623 6.146 5.657 6.131 6.775 6.609 6.370 6.794 7.211 7.570 7.526 6.960 6.952 7.160 7.681 7.677 7.958 7.878 8.592
4271.531 4258.357 4263.879 4259.877 4256.340 4243.418 4234.635 4228.195 4224.974 4211.144 4196.405 4176.810 4155.685 4137.769 4121.015 4095.053 4078.193 4056.287 4039.395 4016.907 3995.106 3965.122 3925.236 3890.576 3853.276 3814.520 3770.801 3732.657 3691.694 3646.138 3601.004 3559.123 3506.610 3454.235 3400.170 3324.208 3236.201 3131.323 3015.760 2879.896 2736.103 2583.273 2425.237 2267.213 2116.167 1965.986 1821.812 1692.335 1570.629 1460.049 1356.713 1266.562 1186.378 1115.284 1055.114 999.591 954.286 915.907 880.989 848.847 823.412 795.837 768.049 743.612 718.774 694.246 667.740 642.400 615.355 583.855 550.365 512.458 475.561 439.480 410.204 382.130 358.553 337.286 317.702 296.949 276.529 253.921 229.765 203.880 176.375 145.649 113.439 82.786 52.567 29.570 12.502 4.313 2.088 1.963 2.727 1.827 2.701 1.530 2.387 1.398 2.011 1.533 1.637 1.951 1.508 2.038 1.436 2.560 1.179 1.733 1.980 1.817 2.172 1.607 2.415 1.748 2.516 1.859 2.327 2.169 2.239 2.477 2.142 2.793 2.121 3.067 2.408 3.047 2.694 3.016 3.115 2.886 3.597 2.961 3.860 3.190 4.036 3.527 4.105 4.105 3.863 4.514 3.889 4.802 4.158 4.812 4.415 4.832 4.812 4.939 4.975 4.968 4.954 4.899 5.005 5.391 4.927 5.504 4.899 5.758 5.116 5.723 5.936 5.482 6.302 6.497 6.035 6.486 7.013 7.016 6.759 6.750 6.829 6.973 7.106 7.609 8.119 7.537 8.047 7.629 8.592
4271.531 4273.106 4268.577 4268.915 4261.324 4253.975 4246.163 4241.560 4232.470 4224.741 4211.946 4190.694 4170.667 4151.209 4128.975 4107.902 4086.386 4065.271 4048.907 4026.356 4004.291 3976.968 3940.661 3904.111 3863.137 3825.415 3784.874 3741.229 3696.846 3653.212 3602.715 3549.284 3497.425 3436.139 3370.767 3300.908 3208.498 3098.204 2971.335 2832.725 2681.404 2531.762 2378.425 2229.828 2089.234 1965.458 1846.866 1741.259 1646.315 1555.584 1465.096 1381.048 1295.700 1213.817 1134.129 1059.076 983.801 913.168 850.693 792.316 740.608 695.057 656.655 624.049 596.686 572.597 552.181 532.566 516.032 499.399 483.627 468.104 449.674 433.158 417.047 403.873 389.605 376.182 362.388 346.642 328.271 305.072 280.247 250.977 217.019 179.309 137.733 96.391 63.331 35.729 14.912 5.204 1.839 1.913 1.510 1.803 2.092 1.531 1.811 1.424 2.110 1.279 2.064 1.534 1.646 2.174 1.472 2.060 1.561 2.132 1.495 1.855 1.962 1.785 2.355 1.720 2.487 1.794 2.426 1.837 2.468 2.084 2.425 2.454 2.322 2.773 2.202 2.912 2.404 3.287 2.623 3.347 2.830 3.473 3.260 3.495 3.684 3.499 4.239 3.527 4.402 3.737 4.554 4.163 4.730 4.312 4.961 4.857 4.983 5.001 4.920 5.140 5.202 5.169 5.502 5.072 5.681 5.146 5.938 5.399 5.949 6.032 5.742 6.570 6.561 6.159 6.916 7.093 6.658 6.787 7.349 7.671 7.877 7.985 8.017 7.861 7.878 8.644 8.137 8.830 8.592
4271.531 4281.542 4278.490 4276.959 4268.904 4261.208 4252.033 4251.484 4240.177 4234.972 4221.406 4198.792 4184.444 4157.026 4139.680 4119.863 4097.482 4075.311 4057.406 4040.060 4013.169 3990.313 3954.122 3920.010 3876.070 3836.215 3799.222 3755.777 3712.165 3667.897 3623.703 3577.884 3526.912 3471.908 3412.775 3353.136 3279.572 3187.837 3079.285 2954.738 2815.558 2668.155 2515.715 2358.936 2199.486 2041.588 1887.829 1742.589 1610.473 1485.578 1373.626 1272.221 1186.969 1107.820 1042.285 985.703 936.792 895.855 860.896 838.970 810.654 785.184 761.546 738.012 714.238 692.017 667.325 642.647 614.538 587.199 557.246 526.399 493.356 458.163 423.869 390.910 362.766 337.148 315.155 293.265 272.583 251.824 228.925 202.737 174.911 146.195 116.235 86.150 58.038 35.508 16.739 6.737 2.505 1.753 1.518 1.330 1.636 0.765 1.820 1.223 1.665 1.423 1.535 1.902 1.177 1.964 1.354 1.670 1.709 1.679 1.712 1.478 2.050 1.572 2.258 1.664 2.033 1.946 1.937 2.162 1.885 2.687 1.752 2.450 2.294 2.422 2.663 2.416 2.927 2.446 3.205 2.525 3.379 2.794 3.296 3.359 3.174 3.867 3.331 4.169 3.502 4.288 3.880 4.370 4.257 4.540 4.611 4.532 5.004 4.699 5.101 4.732 5.261 5.036 5.041 5.107 5.214 5.371 5.078 5.830 5.290 5.938 6.097 5.657 6.379 6.646 6.314 6.640 7.298 7.615 7.448 7.566 7.807 8.068 8.251 8.488 8.782 9.523 9.185 9.611 8.592
4271.531 4279.947 4284.814 4276.072 4271.152 4267.637 4261.778 4255.475 4243.566 4239.733 4230.253 4208.462 4188.371 4169.611 4149.151 4126.420 4112.473 4091.348 4062.821 4052.718 4025.923 4000.860 3970.138 3933.408 3899.032 3851.239 3817.212 3776.819 3733.670 3688.526 3647.204 3600.108 3556.864 3508.901 3456.304 3404.118 3349.969 3281.747 3195.311 3090.001 2967.291 2822.347 2667.711 2499.668 2323.062 2139.107 1970.653 1800.181 1640.783 1492.820 1363.480 1244.898 1141.455 1048.867 966.271 894.923 834.494 775.766 722.609 671.737 626.033 583.863 547.176 513.441 482.517 457.264 434.845 416.513 401.079 389.985 379.364 371.385 365.123 358.331 351.401 342.089 331.581 316.817 300.046 279.628 258.240 234.252 209.501 183.660 157.950 132.441 106.026 81.772 57.470 37.254 19.244 9.112 3.900 1.942 1.321 1.050 1.534 0.960 1.718 0.826 1.820 1.076 1.717 1.222 1.666 1.890 1.304 2.025 1.429 2.226 1.500 1.840 1.508 1.582 1.873 1.466 2.373 1.522 2.182 1.703 2.204 1.939 2.085 2.387 1.954 2.699 1.986 2.744 2.169 2.739 2.591 2.751 3.054 2.755 3.537 2.905 3.663 3.246 3.698 3.717 3.678 4.145 3.871 4.520 3.870 4.745 4.052 4.860 4.229 4.948 4.397 5.237 4.387 5.373 4.678 5.483 4.749 5.483 5.115 5.413 5.659 5.369 6.148 5.874 5.999 6.739 7.072 6.896 6.927 7.881 8.322 8.681 8.694 8.969 9.091 9.193 8.894 8.900 8.573 8.885 8.592
