IESNA:LM-63-2002
[TEST] JDE231002-B
[TESTLAB] Ningbo TengLi Testing Co., Ltd
[TESTDATE] 17 November 2023
[ISSUEDATE] 2023-11-21
[NEARFIELD] 
[LAMPPOSITION] 0,0
[OTHER] EVERFINE GO-R5000_V2 SYSTEM
[MANUFAC] Torshare Ltd.
[LUMCAT]  TAA22-7G-40W-S-TCP(0%,3500K)
[LUMINAIRE] 2x2 Luminaires for Ambient Lighting of Interior Commercial Spaces
[OTHER] Input Voltage=120.0 PF=0.9934 THD=7.75
[OTHER] Gamma(deg)    Fz(lm)      Ft(lm)     %Lum    %Lamp
[OTHER]   0- 10       159.77      159.77     3.17     3.17
[OTHER]  10- 20       458.30      618.07    12.26    12.26
[OTHER]  20- 30       697.10     1315.17    26.08    26.08
[OTHER]  30- 40       845.61     2160.78    42.86    42.86
[OTHER]  40- 50       885.14     3045.92    60.41    60.41
[OTHER]  50- 60       812.22     3858.14    76.52    76.52
[OTHER]  60- 70       645.56     4503.70    89.32    89.32
[OTHER]  70- 80       415.88     4919.58    97.57    97.57
[OTHER]  80- 90       117.26     5036.84    99.90    99.90
[OTHER]  90-100         0.38     5037.22    99.90    99.90
[OTHER] 100-110         0.54     5037.76    99.92    99.92
[OTHER] 110-120         0.79     5038.55    99.93    99.93
[OTHER] 120-130         0.83     5039.38    99.95    99.95
[OTHER] 130-140         0.83     5040.21    99.96    99.96
[OTHER] 140-150         0.69     5040.90    99.98    99.98
[OTHER] 150-160         0.54     5041.44    99.99    99.99
[OTHER] 160-170         0.42     5041.86   100.00   100.00
[OTHER] 170-180         0.16     5042.02   100.00   100.00
[OTHER] 
TILT=NONE
1 -1 1 181 17 1 2 0.570 0.565 0.000
1.000 1 40.0
0.0    1.0    2.0    3.0    4.0    5.0    6.0    7.0    8.0    9.0    
 10.0   11.0   12.0   13.0   14.0   15.0   16.0   17.0   18.0   19.0   
 20.0   21.0   22.0   23.0   24.0   25.0   26.0   27.0   28.0   29.0   
 30.0   31.0   32.0   33.0   34.0   35.0   36.0   37.0   38.0   39.0   
 40.0   41.0   42.0   43.0   44.0   45.0   46.0   47.0   48.0   49.0   
 50.0   51.0   52.0   53.0   54.0   55.0   56.0   57.0   58.0   59.0   
 60.0   61.0   62.0   63.0   64.0   65.0   66.0   67.0   68.0   69.0   
 70.0   71.0   72.0   73.0   74.0   75.0   76.0   77.0   78.0   79.0   
 80.0   81.0   82.0   83.0   84.0   85.0   86.0   87.0   88.0   89.0   
 90.0   91.0   92.0   93.0   94.0   95.0   96.0   97.0   98.0   99.0   
 100.0  101.0  102.0  103.0  104.0  105.0  106.0  107.0  108.0  109.0  
 110.0  111.0  112.0  113.0  114.0  115.0  116.0  117.0  118.0  119.0  
 120.0  121.0  122.0  123.0  124.0  125.0  126.0  127.0  128.0  129.0  
 130.0  131.0  132.0  133.0  134.0  135.0  136.0  137.0  138.0  139.0  
 140.0  141.0  142.0  143.0  144.0  145.0  146.0  147.0  148.0  149.0  
 150.0  151.0  152.0  153.0  154.0  155.0  156.0  157.0  158.0  159.0  
 160.0  161.0  162.0  163.0  164.0  165.0  166.0  167.0  168.0  169.0  
 170.0  171.0  172.0  173.0  174.0  175.0  176.0  177.0  178.0  179.0  
 180.0  
0.0    22.5   45.0   67.5   90.0   112.5  135.0  157.5  180.0  202.5  
 225.0  247.5  270.0  292.5  315.0  337.5  360.0  
1688.23  1687.68  1686.83  1684.61  1681.22  1678.91  1676.07  1671.34  1667.24  1661.39  
 1655.98  1648.60  1642.97  1634.65  1625.41  1617.00  1606.62  1597.35  1586.08  1575.44  
 1563.76  1551.73  1538.56  1525.38  1511.07  1497.81  1482.82  1467.27  1450.88  1434.54  
 1418.22  1400.45  1383.06  1364.42  1346.20  1326.83  1306.53  1287.19  1266.18  1245.20  
 1223.71  1203.30  1180.88  1159.19  1136.70  1112.72  1089.47  1065.73  1041.87  1016.57  
 991.00   966.84   940.84   915.18   888.62   862.32   834.94   808.63   782.37   756.10   
 728.08   700.22   671.58   642.96   613.98   585.06   555.69   526.38   497.37   467.85   
 438.17   409.31   379.69   350.01   321.34   291.82   262.99   234.87   206.96   180.44   
 154.21   129.81   106.42   84.79    65.11    47.28    31.99    19.10    8.58     1.96     
 0.12     0.08     0.08     0.05     0.05     0.05     0.05     0.05     0.05     0.05     
 0.05     0.05     0.08     0.10     0.13     0.15     0.23     0.28     0.28     0.31     
 0.31     0.33     0.36     0.41     0.44     0.54     0.64     0.69     0.72     0.77     
 0.75     0.77     0.77     0.87     1.00     1.03     1.11     1.13     1.13     1.13     
 1.13     1.13     1.13     1.13     1.13     1.21     1.23     1.24     1.29     1.26     
 1.26     1.29     1.29     1.29     1.29     1.29     1.29     1.29     1.29     1.29     
 1.29     1.29     1.29     1.29     1.29     1.29     1.29     1.29     1.29     1.29     
 1.29     1.31     1.57     1.60     1.72     1.85     1.93     1.93     1.93     1.98     
 2.03     2.11     2.16     2.31     2.34     2.34     2.34     2.34     2.34     2.34     
 2.34     
1688.23  1687.40  1685.72  1684.28  1681.71  1679.23  1674.33  1670.98  1666.76  1661.04  
 1655.63  1648.80  1641.24  1634.25  1625.35  1617.26  1607.39  1597.06  1586.92  1575.42  
 1563.66  1551.22  1539.50  1525.94  1511.70  1498.69  1483.37  1468.37  1452.85  1436.24  
 1419.68  1401.62  1383.89  1366.80  1348.65  1328.99  1310.14  1290.38  1269.85  1248.97  
 1227.52  1206.00  1184.87  1162.20  1140.01  1117.53  1094.08  1070.41  1046.53  1021.52  
 997.62   972.83   947.01   921.39   895.49   868.67   843.96   817.73   791.49   765.24   
 738.05   710.38   682.66   654.35   625.99   597.95   569.27   541.23   512.62   484.07   
 455.11   427.38   399.13   371.32   344.21   317.27   290.62   264.63   239.15   214.54   
 191.00   167.56   144.90   122.65   100.30   77.01    53.39    31.18    12.65    2.16     
 0.31     0.21     0.16     0.13     0.13     0.13     0.10     0.10     0.10     0.10     
 0.10     0.10     0.10     0.10     0.13     0.18     0.23     0.23     0.28     0.31     
 0.36     0.33     0.33     0.43     0.46     0.44     0.44     0.44     0.44     0.44     
 0.44     0.44     0.46     0.59     0.67     0.69     0.72     0.69     0.72     0.77     
 0.75     0.75     0.75     0.75     0.75     0.75     0.75     0.75     0.75     0.75     
 0.75     0.75     0.75     0.75     0.75     0.75     0.75     0.75     0.75     0.75     
 0.75     0.75     0.77     0.77     0.85     0.87     0.93     1.03     1.03     1.05     
 1.10     1.13     1.13     1.18     1.31     1.36     1.44     1.46     1.47     1.54     
 1.52     1.52     1.52     1.52     1.52     1.52     1.54     1.54     1.54     1.54     
 2.34     
1688.23  1686.85  1686.53  1684.27  1682.60  1679.21  1675.76  1672.96  1667.54  1661.72  
 1656.03  1649.71  1642.42  1635.24  1627.49  1619.10  1609.18  1600.24  1588.95  1578.45  
 1566.82  1554.71  1542.41  1528.97  1516.11  1502.33  1488.11  1473.15  1457.67  1442.25  
 1426.23  1408.73  1392.95  1375.05  1356.64  1339.14  1320.24  1300.96  1281.52  1260.83  
 1240.45  1219.51  1199.06  1176.64  1155.24  1132.77  1110.12  1087.60  1063.67  1040.34  
 1015.62  991.29   966.78   941.69   917.11   891.79   865.76   839.44   814.41   789.39   
 764.38   738.22   711.76   685.21   658.93   632.40   606.46   580.20   554.37   529.23   
 504.25   480.22   456.19   432.61   409.39   385.58   361.65   337.82   313.72   289.57   
 264.88   239.01   210.69   176.73   141.30   105.98   69.94    35.51    9.24     1.37     
 0.42     0.39     0.36     0.31     0.28     0.26     0.26     0.26     0.26     0.26     
 0.26     0.26     0.26     0.26     0.28     0.31     0.33     0.33     0.33     0.33     
 0.33     0.33     0.33     0.33     0.33     0.33     0.33     0.33     0.33     0.33     
 0.33     0.33     0.33     0.33     0.33     0.33     0.33     0.33     0.33     0.33     
 0.33     0.33     0.33     0.33     0.33     0.33     0.33     0.33     0.33     0.33     
 0.33     0.33     0.33     0.33     0.33     0.33     0.33     0.33     0.33     0.33     
 0.33     0.33     0.44     0.46     0.46     0.46     0.59     0.64     0.69     0.69     
 0.72     0.72     0.82     0.85     0.87     0.97     0.98     1.03     1.08     1.10     
 1.13     1.13     1.18     1.18     1.18     1.18     1.18     1.18     1.18     1.18     
 2.34     
1688.23  1687.39  1686.55  1684.03  1681.74  1680.33  1676.65  1672.75  1668.98  1663.58  
 1657.89  1650.65  1643.95  1638.09  1630.09  1620.88  1612.33  1602.80  1592.96  1582.37  
 1572.59  1560.98  1549.44  1535.77  1523.31  1510.42  1496.28  1481.87  1467.46  1451.53  
 1436.89  1419.94  1403.87  1386.18  1369.21  1351.41  1332.78  1313.83  1295.65  1275.81  
 1255.76  1235.57  1215.72  1193.82  1172.11  1150.72  1128.89  1106.37  1084.45  1062.69  
 1038.36  1014.36  990.78   965.96   942.18   917.90   893.28   868.39   844.00   820.45   
 796.92   773.39   749.18   724.80   701.22   678.21   654.86   632.69   610.70   588.18   
 565.48   542.58   519.20   495.53   471.99   448.20   424.22   399.61   375.01   349.10   
 319.78   282.95   243.33   204.07   162.16   117.14   72.22    31.82    4.22     1.05     
 0.57     0.46     0.44     0.41     0.39     0.39     0.36     0.36     0.36     0.36     
 0.36     0.36     0.36     0.36     0.36     0.36     0.36     0.36     0.36     0.36     
 0.36     0.41     0.46     0.46     0.49     0.64     0.64     0.69     0.70     0.70     
 0.70     0.70     0.70     0.70     0.70     0.70     0.70     0.70     0.70     0.70     
 0.70     0.70     0.70     0.70     0.70     0.70     0.70     0.70     0.70     0.70     
 0.70     0.70     0.70     0.70     0.70     0.70     0.70     0.70     0.70     0.70     
 0.70     0.70     0.70     0.70     0.72     0.75     0.82     0.85     0.88     0.90     
 1.03     1.03     1.13     1.26     1.59     1.65     1.65     1.65     1.65     1.65     
 1.65     1.65     1.65     1.65     1.65     1.65     1.65     1.65     1.65     1.65     
 2.34     
1688.23  1687.37  1685.95  1684.51  1682.57  1679.38  1675.72  1672.00  1667.70  1662.27  
 1656.31  1649.82  1643.69  1637.01  1628.90  1620.78  1611.13  1602.88  1592.59  1582.52  
 1571.87  1560.13  1549.29  1536.72  1524.15  1511.56  1498.15  1484.74  1470.36  1455.30  
 1439.43  1423.85  1407.89  1391.46  1374.51  1356.90  1338.72  1320.37  1300.89  1281.41  
 1262.01  1241.76  1221.25  1200.38  1178.61  1157.27  1135.58  1113.13  1090.65  1068.10  
 1044.34  1021.68  997.97   974.05   950.27   926.43   902.50   878.54   854.60   830.95   
 806.86   783.84   760.66   738.01   715.81   694.33   672.73   651.22   629.83   607.84   
 585.53   562.81   540.17   516.99   494.24   471.08   447.69   423.55   399.74   374.38   
 340.09   301.49   261.74   220.22   175.70   127.56   80.08    36.88    4.69     1.14     
 0.67     0.67     0.64     0.64     0.64     0.64     0.69     0.69     0.69     0.72     
 0.74     0.74     0.80     0.82     0.85     0.92     0.90     0.93     1.03     1.05     
 1.16     1.18     1.21     1.21     1.21     1.26     1.26     1.28     1.28     1.28     
 1.28     1.31     1.31     1.31     1.34     1.36     1.33     1.33     1.33     1.33     
 1.33     1.33     1.33     1.33     1.33     1.33     1.33     1.33     1.33     1.33     
 1.33     1.33     1.33     1.33     1.33     1.33     1.33     1.33     1.33     1.33     
 1.33     1.34     1.36     1.36     1.39     1.46     1.54     1.57     1.62     1.64     
 1.67     1.72     1.72     1.80     1.82     1.90     1.98     1.95     1.98     1.98     
 1.98     1.98     1.98     1.98     1.98     1.98     1.98     1.98     2.00     1.92     
 2.34     
1688.23  1687.94  1686.73  1683.42  1683.02  1678.88  1676.55  1672.04  1668.04  1663.46  
 1657.65  1651.71  1644.71  1637.42  1630.47  1621.89  1613.30  1603.74  1594.31  1584.52  
 1573.32  1562.92  1550.69  1538.78  1526.87  1514.95  1500.94  1486.26  1471.55  1456.21  
 1441.36  1425.31  1408.28  1391.88  1373.97  1355.74  1338.17  1319.23  1299.63  1279.78  
 1260.29  1239.77  1219.37  1198.17  1176.60  1154.70  1132.74  1110.81  1087.03  1064.48  
 1040.51  1017.00  992.92   968.60   944.22   919.52   895.02   869.66   844.55   819.60   
 794.81   770.27   745.63   720.84   696.81   673.48   649.61   627.18   604.62   582.40   
 559.38   537.13   514.13   490.46   466.90   443.58   419.80   395.52   371.44   346.29   
 319.77   286.88   248.99   210.14   170.17   127.06   82.80    41.38    10.04    1.64     
 0.64     0.64     0.62     0.62     0.62     0.62     0.62     0.62     0.64     0.67     
 0.69     0.72     0.79     0.82     0.87     0.90     0.92     0.95     1.00     1.05     
 1.08     1.15     1.18     1.21     1.26     1.28     1.38     1.36     1.36     1.36     
 1.36     1.38     1.38     1.39     1.44     1.46     1.46     1.46     1.46     1.46     
 1.46     1.46     1.46     1.46     1.46     1.46     1.46     1.46     1.51     1.51     
 1.51     1.51     1.51     1.51     1.51     1.54     1.54     1.54     1.54     1.54     
 1.54     1.54     1.54     1.56     1.56     1.56     1.56     1.49     1.49     1.46     
 1.46     1.51     1.57     1.69     1.77     1.85     1.90     1.90     1.90     1.90     
 1.90     1.90     1.90     1.90     1.90     1.90     1.92     1.87     1.79     1.72     
 2.34     
1688.23  1687.94  1686.22  1684.54  1683.64  1680.22  1676.61  1672.91  1669.99  1664.41  
 1658.97  1652.37  1645.72  1638.52  1631.35  1622.41  1614.02  1604.36  1595.23  1584.07  
 1573.72  1562.16  1550.42  1537.78  1525.14  1512.50  1498.56  1483.67  1468.84  1453.91  
 1438.14  1421.45  1405.25  1388.04  1369.58  1350.94  1332.08  1313.57  1294.10  1273.52  
 1253.30  1232.66  1211.43  1189.78  1167.67  1145.73  1123.02  1099.02  1076.26  1052.05  
 1028.13  1003.93  979.34   954.15   929.15   903.04   877.42   851.26   825.00   798.80   
 772.44   745.39   718.96   691.69   664.90   637.85   611.56   584.54   558.24   531.87   
 506.22   480.92   456.40   432.39   408.46   384.75   360.96   337.23   313.60   289.63   
 265.51   241.34   215.99   187.25   153.75   119.37   84.90    49.62    19.85    3.04     
 0.49     0.49     0.46     0.46     0.46     0.46     0.51     0.49     0.54     0.57     
 0.64     0.64     0.67     0.69     0.77     0.80     0.82     0.85     0.95     1.05     
 1.11     1.18     1.18     1.18     1.18     1.18     1.18     1.18     1.18     1.18     
 1.18     1.18     1.18     1.18     1.18     1.18     1.18     1.18     1.18     1.18     
 1.18     1.18     1.18     1.15     1.15     1.13     1.13     1.13     1.13     1.13     
 1.13     1.13     1.13     1.13     1.13     1.10     1.10     1.13     1.13     1.13     
 1.13     1.13     1.13     1.13     1.16     1.21     1.21     1.23     1.31     1.36     
 1.39     1.49     1.54     1.54     1.59     1.67     1.72     1.69     1.69     1.69     
 1.69     1.69     1.69     1.69     1.69     1.69     1.69     1.69     1.69     1.59     
 2.34     
1688.23  1687.93  1687.03  1684.83  1683.61  1680.57  1677.67  1673.39  1669.49  1664.54  
 1658.69  1652.69  1646.03  1638.57  1631.71  1623.00  1613.49  1604.36  1593.72  1582.32  
 1571.72  1561.31  1547.71  1534.11  1520.60  1510.03  1495.73  1481.18  1465.70  1449.18  
 1433.43  1416.58  1398.78  1381.01  1362.92  1343.67  1324.81  1305.16  1285.19  1264.64  
 1243.89  1222.21  1200.34  1178.90  1155.62  1133.18  1109.64  1086.76  1062.64  1038.01  
 1014.03  989.06   964.51   938.51   912.80   886.69   860.70   833.65   806.38   779.40   
 751.51   723.93   696.11   667.90   639.87   611.56   582.53   553.95   525.20   496.71   
 467.59   438.85   410.69   382.11   354.23   326.64   299.38   272.53   246.65   221.10   
 196.27   172.69   149.87   127.68   106.16   84.55    62.74    40.61    21.15    6.66     
 0.56     0.23     0.23     0.21     0.23     0.26     0.28     0.34     0.39     0.46     
 0.51     0.54     0.59     0.62     0.67     0.72     0.80     0.85     0.87     0.93     
 1.00     1.16     1.21     1.26     1.26     1.26     1.26     1.26     1.23     1.23     
 1.16     1.11     1.13     1.13     1.16     1.31     1.52     1.75     1.90     1.93     
 2.01     2.01     2.01     2.01     2.03     2.06     2.08     2.08     2.08     2.08     
 2.08     2.08     2.08     2.08     2.08     2.06     2.03     1.98     1.95     1.95     
 1.95     1.98     1.93     1.95     1.93     1.75     1.64     1.62     1.54     1.54     
 1.41     1.36     1.31     1.31     1.29     1.26     1.26     1.26     1.26     1.26     
 1.23     1.23     1.23     1.23     1.23     1.23     1.23     1.23     1.23     1.21     
 2.34     
1688.23  1687.67  1687.38  1685.96  1684.53  1682.22  1678.22  1675.45  1670.26  1665.77  
 1660.57  1654.80  1647.82  1639.80  1632.11  1623.44  1615.02  1606.67  1596.15  1585.01  
 1573.74  1562.43  1549.59  1536.75  1523.91  1512.51  1497.52  1482.23  1467.33  1451.31  
 1435.36  1417.55  1400.45  1382.65  1364.00  1344.99  1325.86  1305.81  1286.20  1266.10  
 1244.85  1223.45  1201.77  1179.80  1156.89  1133.81  1110.45  1086.44  1062.82  1038.76  
 1013.42  988.50   962.88   937.20   911.62   885.04   858.44   831.52   804.15   776.45   
 748.65   720.66   692.35   663.76   634.93   606.15   577.04   547.19   518.00   488.28   
 458.88   429.65   399.93   370.80   341.43   312.41   283.60   254.54   226.59   199.09   
 172.63   147.48   123.14   100.18   78.96    59.65    42.46    27.44    15.00    5.03     
 0.21     0.18     0.15     0.16     0.21     0.21     0.21     0.26     0.31     0.36     
 0.44     0.44     0.52     0.54     0.62     0.72     0.77     0.85     0.93     0.93     
 1.00     1.06     1.11     1.16     1.24     1.34     1.39     1.44     1.42     1.42     
 1.42     1.42     1.42     1.42     1.42     1.42     1.50     1.75     1.94     2.11     
 2.24     2.27     2.27     2.27     2.27     2.26     2.24     2.26     2.21     2.14     
 2.16     2.06     2.03     2.01     2.14     2.27     2.39     2.37     2.37     2.37     
 2.39     2.34     2.37     2.37     2.32     2.29     2.29     2.29     2.32     2.24     
 2.14     2.09     2.09     2.09     2.09     2.09     2.11     2.09     2.06     2.06     
 2.06     2.06     2.06     2.09     2.11     2.16     2.14     2.14     2.14     2.14     
 2.34     
1688.23  1688.21  1686.79  1685.94  1685.04  1682.27  1679.66  1675.92  1671.46  1666.82  
 1661.51  1655.52  1649.69  1642.23  1634.31  1626.25  1618.10  1608.37  1599.13  1587.49  
 1576.88  1566.41  1556.13  1542.97  1529.82  1516.65  1502.62  1488.12  1472.38  1457.38  
 1441.51  1424.64  1407.94  1390.57  1371.77  1353.96  1335.33  1316.04  1296.54  1275.34  
 1255.14  1234.02  1213.35  1191.10  1169.00  1146.34  1123.95  1100.02  1077.02  1052.92  
 1028.65  1004.03  978.87   953.69   928.73   902.72   876.67   850.36   823.55   796.83   
 769.54   742.32   714.34   686.39   658.56   630.19   601.47   573.52   544.86   516.16   
 487.73   459.07   431.52   403.39   375.75   348.95   321.60   295.40   269.53   244.02   
 219.32   194.78   170.53   146.20   121.71   96.65    70.12    44.50    20.99    5.14     
 0.23     0.23     0.21     0.21     0.26     0.26     0.23     0.28     0.31     0.34     
 0.39     0.44     0.46     0.51     0.54     0.59     0.64     0.67     0.72     0.72     
 0.80     0.85     0.88     0.95     0.98     1.05     1.03     1.03     1.03     1.03     
 1.03     1.03     1.05     1.05     1.05     1.05     1.05     1.05     1.08     1.08     
 1.11     1.21     1.26     1.31     1.42     1.49     1.57     1.67     1.72     1.72     
 1.75     1.75     1.80     1.80     1.80     1.80     1.80     1.80     1.80     1.80     
 1.83     1.85     1.85     1.90     1.90     1.90     1.90     1.93     1.93     1.98     
 2.08     2.13     2.11     2.11     2.11     2.11     2.11     2.11     2.11     2.11     
 2.11     2.11     2.11     2.11     2.11     2.16     2.24     2.34     2.37     2.34     
 2.34     
1688.23  1687.64  1686.82  1686.77  1684.23  1681.93  1679.42  1676.83  1672.22  1667.75  
 1663.43  1657.96  1651.55  1644.68  1636.76  1628.98  1620.82  1611.90  1602.23  1592.83  
 1582.20  1572.33  1560.75  1548.04  1535.32  1522.59  1509.65  1495.84  1481.04  1465.62  
 1450.02  1434.10  1418.66  1401.68  1384.51  1366.11  1348.17  1329.45  1310.63  1290.87  
 1271.40  1250.80  1229.31  1208.23  1186.47  1164.38  1142.71  1120.63  1097.50  1074.04  
 1050.34  1026.99  1002.89  978.08   953.18   927.99   903.25   877.55   851.45   825.85   
 800.11   774.01   747.90   721.45   695.02   669.30   643.26   617.42   592.16   567.59   
 542.84   518.71   494.96   470.31   445.80   420.52   395.07   369.05   343.37   317.56   
 290.89   263.89   233.53   198.03   161.89   120.18   78.44    41.73    12.92    1.64     
 0.36     0.36     0.36     0.36     0.36     0.36     0.38     0.36     0.41     0.41     
 0.44     0.46     0.51     0.54     0.54     0.59     0.62     0.69     0.72     0.77     
 0.77     0.77     0.77     0.77     0.77     0.77     0.77     0.77     0.77     0.77     
 0.77     0.77     0.77     0.77     0.77     0.80     0.75     0.75     0.75     0.75     
 0.75     0.75     0.75     0.75     0.75     0.75     0.75     0.75     0.75     0.75     
 0.75     0.75     0.75     0.75     0.75     0.77     0.80     0.80     0.80     0.80     
 0.82     0.85     0.87     0.85     0.87     0.85     0.98     1.00     1.05     1.13     
 1.19     1.26     1.29     1.34     1.39     1.44     1.49     1.54     1.57     1.54     
 1.54     1.54     1.54     1.54     1.54     1.54     1.54     1.54     1.54     1.54     
 2.34     
1688.23  1687.66  1686.52  1685.91  1683.64  1681.42  1679.38  1675.41  1672.20  1667.15  
 1662.26  1656.54  1651.24  1643.50  1636.80  1629.57  1621.74  1613.44  1603.74  1593.44  
 1583.84  1573.11  1562.01  1549.56  1537.11  1524.70  1514.34  1500.95  1487.00  1472.25  
 1456.76  1441.74  1425.53  1409.05  1392.61  1375.03  1357.46  1339.46  1320.81  1301.79  
 1282.14  1262.35  1242.33  1222.01  1201.21  1180.10  1158.20  1136.78  1113.97  1091.74  
 1068.58  1046.40  1022.41  998.73   975.26   951.64   927.62   903.30   879.48   855.19   
 831.38   806.97   783.71   760.14   736.85   714.55   692.06   669.76   647.01   624.16   
 600.30   576.02   551.03   526.01   501.26   475.64   450.41   424.22   398.37   370.87   
 335.93   299.44   260.09   213.66   164.74   115.83   70.58    30.07    3.36     0.95     
 0.54     0.54     0.54     0.54     0.54     0.54     0.54     0.54     0.57     0.59     
 0.62     0.64     0.67     0.67     0.70     0.72     0.77     0.82     0.88     0.90     
 0.95     1.00     1.06     1.06     1.06     1.06     1.06     1.06     1.06     1.06     
 1.06     1.06     1.06     1.06     1.06     1.06     1.06     1.06     1.06     1.06     
 1.06     1.06     1.06     1.06     1.06     1.08     1.03     1.03     1.03     1.03     
 1.03     1.03     1.03     1.03     1.03     1.03     1.03     1.03     1.03     1.03     
 1.03     1.03     1.03     1.03     1.03     1.03     1.03     1.03     1.03     1.03     
 1.03     1.08     1.08     1.11     1.16     1.13     1.16     1.18     1.18     1.18     
 1.18     1.18     1.18     1.18     1.18     1.18     1.18     1.18     1.18     1.18     
 2.34     
1688.23  1688.51  1688.25  1687.40  1685.46  1684.29  1681.52  1677.57  1675.00  1670.41  
 1665.85  1660.64  1654.63  1647.49  1640.48  1632.90  1624.72  1615.88  1606.95  1596.05  
 1587.08  1575.13  1563.75  1553.19  1540.39  1527.35  1514.87  1500.63  1486.83  1471.98  
 1457.27  1442.42  1426.77  1409.93  1393.29  1376.21  1358.92  1342.09  1323.05  1305.21  
 1285.93  1266.62  1245.71  1225.96  1205.40  1185.21  1163.75  1141.69  1120.00  1098.45  
 1075.99  1052.80  1029.87  1006.66  983.04   959.45   935.97   911.99   888.46   865.32   
 842.24   820.95   799.71   778.48   757.37   735.63   714.04   691.81   669.00   645.27   
 621.14   596.85   571.92   546.88   522.01   496.77   471.57   445.87   419.86   385.57   
 347.07   308.28   261.25   210.46   158.34   108.02   60.86    19.65    1.87     0.82     
 0.57     0.51     0.44     0.44     0.39     0.41     0.36     0.36     0.36     0.36     
 0.36     0.36     0.36     0.36     0.36     0.36     0.36     0.36     0.36     0.38     
 0.44     0.46     0.49     0.54     0.64     0.69     0.72     0.69     0.69     0.69     
 0.72     0.72     0.72     0.72     0.72     0.72     0.72     0.72     0.72     0.72     
 0.77     0.82     0.80     0.80     0.82     0.82     0.82     0.82     0.82     0.82     
 0.82     0.82     0.82     0.82     0.82     0.82     0.82     0.82     0.82     0.82     
 0.82     0.82     0.82     0.82     0.85     0.85     0.87     0.87     0.92     1.02     
 1.08     1.10     1.18     1.54     1.54     1.57     1.62     1.67     1.67     1.67     
 1.72     1.69     1.69     1.69     1.72     1.72     1.72     1.72     1.72     1.72     
 2.34     
1688.23  1689.36  1688.53  1687.39  1685.72  1683.15  1681.16  1676.75  1673.55  1668.85  
 1664.25  1658.55  1652.70  1645.93  1638.44  1630.02  1622.61  1613.76  1604.88  1594.07  
 1584.04  1572.53  1561.45  1549.55  1535.78  1524.29  1510.83  1497.88  1481.62  1466.36  
 1452.58  1436.96  1420.31  1403.18  1387.13  1369.47  1351.86  1333.13  1314.68  1295.80  
 1275.99  1255.69  1236.26  1216.01  1194.40  1173.84  1152.85  1131.34  1107.61  1085.27  
 1061.82  1039.45  1015.52  992.05   967.77   943.99   919.22   894.96   870.62   845.78   
 820.25   797.91   775.60   751.95   728.35   705.73   682.67   660.33   636.95   613.56   
 589.34   565.20   539.70   514.19   489.01   463.33   437.69   411.62   384.79   357.50   
 322.56   285.63   245.69   199.04   150.61   102.68   59.08    21.61    2.65     0.79     
 0.54     0.46     0.44     0.36     0.36     0.33     0.33     0.33     0.33     0.33     
 0.33     0.33     0.33     0.33     0.33     0.33     0.33     0.33     0.33     0.33     
 0.43     0.46     0.51     0.61     0.66     0.64     0.67     0.67     0.67     0.67     
 0.67     0.67     0.67     0.67     0.67     0.67     0.67     0.67     0.67     0.67     
 0.67     0.69     0.67     0.74     0.72     0.72     0.72     0.72     0.72     0.72     
 0.72     0.72     0.72     0.72     0.72     0.72     0.72     0.72     0.72     0.72     
 0.72     0.72     0.72     0.72     0.72     0.72     0.74     0.74     0.77     0.85     
 0.87     0.90     1.05     1.18     1.31     1.36     1.36     1.38     1.49     1.51     
 1.49     1.49     1.49     1.49     1.51     1.51     1.56     1.59     1.61     1.59     
 2.34     
1688.23  1687.41  1686.54  1685.14  1683.43  1680.37  1678.06  1675.01  1671.00  1665.31  
 1661.04  1655.48  1648.22  1641.60  1633.06  1625.26  1616.76  1607.53  1596.63  1586.56  
 1575.02  1564.66  1552.07  1539.52  1526.25  1512.67  1498.51  1484.11  1469.78  1454.93  
 1439.22  1422.08  1405.21  1387.61  1370.60  1352.10  1334.34  1315.19  1295.66  1275.31  
 1254.74  1235.16  1213.73  1193.47  1171.56  1149.68  1127.40  1104.27  1082.18  1057.80  
 1034.28  1010.44  986.25   961.28   936.74   911.96   886.54   860.13   834.61   809.48   
 784.36   759.25   732.53   705.44   679.24   652.89   626.07   599.52   574.12   548.08   
 522.55   497.82   473.09   448.67   423.83   398.77   373.35   347.78   321.99   295.84   
 269.23   241.45   211.31   177.16   140.88   101.15   62.29    29.30    5.65     0.75     
 0.42     0.31     0.28     0.28     0.26     0.23     0.23     0.23     0.23     0.23     
 0.23     0.23     0.26     0.31     0.31     0.31     0.31     0.31     0.31     0.31     
 0.31     0.31     0.31     0.31     0.33     0.36     0.33     0.33     0.33     0.33     
 0.33     0.33     0.33     0.33     0.33     0.33     0.33     0.33     0.33     0.33     
 0.33     0.33     0.33     0.33     0.33     0.33     0.33     0.33     0.36     0.36     
 0.36     0.36     0.36     0.36     0.36     0.36     0.36     0.36     0.36     0.36     
 0.36     0.36     0.36     0.38     0.38     0.44     0.49     0.46     0.61     0.64     
 0.69     0.69     0.77     0.92     1.05     1.05     1.08     1.10     1.15     1.13     
 1.13     1.13     1.13     1.13     1.13     1.13     1.15     1.15     1.18     1.18     
 2.34     
1688.23  1686.57  1687.08  1685.43  1682.60  1678.89  1676.04  1672.97  1668.49  1663.35  
 1656.82  1651.39  1643.82  1636.88  1628.51  1619.86  1610.29  1599.66  1589.78  1578.60  
 1567.75  1554.89  1543.79  1529.99  1516.55  1501.90  1487.98  1472.99  1457.25  1441.74  
 1424.10  1407.11  1389.75  1371.68  1353.58  1333.88  1315.35  1295.00  1275.35  1254.07  
 1233.85  1212.30  1191.51  1169.34  1147.41  1124.48  1100.47  1077.01  1053.56  1030.15  
 1006.05  980.64   955.38   930.11   904.43   878.18   851.51   825.03   799.44   773.86   
 747.26   719.66   691.66   664.00   635.35   607.34   578.76   550.28   521.70   493.40   
 464.42   436.28   407.53   379.40   351.37   323.21   296.14   269.25   243.15   216.80   
 192.11   167.31   143.66   120.18   97.22    73.39    50.47    28.18    10.52    1.54     
 0.24     0.16     0.15     0.10     0.13     0.10     0.10     0.10     0.10     0.10     
 0.10     0.10     0.10     0.10     0.10     0.10     0.10     0.13     0.20     0.28     
 0.31     0.31     0.31     0.31     0.31     0.31     0.31     0.31     0.31     0.33     
 0.38     0.49     0.56     0.64     0.62     0.62     0.67     0.67     0.69     0.69     
 0.69     0.72     0.69     0.69     0.69     0.69     0.72     0.75     0.75     0.80     
 0.85     0.82     0.87     0.85     0.85     0.85     0.85     0.85     0.85     0.85     
 0.85     0.85     0.85     0.85     0.85     0.85     0.85     0.85     0.90     0.87     
 0.90     0.98     1.15     1.59     1.62     1.72     1.80     1.93     1.95     1.95     
 1.98     1.98     2.00     2.06     2.08     2.08     2.08     2.08     2.16     2.13     
 2.34     
1688.23  1687.68  1686.83  1684.61  1681.22  1678.91  1676.07  1671.34  1667.24  1661.39  
 1655.98  1648.60  1642.97  1634.65  1625.41  1617.00  1606.62  1597.35  1586.08  1575.44  
 1563.76  1551.73  1538.56  1525.38  1511.07  1497.81  1482.82  1467.27  1450.88  1434.54  
 1418.22  1400.45  1383.06  1364.42  1346.20  1326.83  1306.53  1287.19  1266.18  1245.20  
 1223.71  1203.30  1180.88  1159.19  1136.70  1112.72  1089.47  1065.73  1041.87  1016.57  
 991.00   966.84   940.84   915.18   888.62   862.32   834.94   808.63   782.37   756.10   
 728.08   700.22   671.58   642.96   613.98   585.06   555.69   526.38   497.37   467.85   
 438.17   409.31   379.69   350.01   321.34   291.82   262.99   234.87   206.96   180.44   
 154.21   129.81   106.42   84.79    65.11    47.28    31.99    19.10    8.58     1.96     
 0.12     0.08     0.08     0.05     0.05     0.05     0.05     0.05     0.05     0.05     
 0.05     0.05     0.08     0.10     0.13     0.15     0.23     0.28     0.28     0.31     
 0.31     0.33     0.36     0.41     0.44     0.54     0.64     0.69     0.72     0.77     
 0.75     0.77     0.77     0.87     1.00     1.03     1.11     1.13     1.13     1.13     
 1.13     1.13     1.13     1.13     1.13     1.21     1.23     1.24     1.29     1.26     
 1.26     1.29     1.29     1.29     1.29     1.29     1.29     1.29     1.29     1.29     
 1.29     1.29     1.29     1.29     1.29     1.29     1.29     1.29     1.29     1.29     
 1.29     1.31     1.57     1.60     1.72     1.85     1.93     1.93     1.93     1.98     
 2.03     2.11     2.16     2.31     2.34     2.34     2.34     2.34     2.34     2.34     
 2.34     
