IESNA:LM-63-2002
[TEST] JDE231002-B
[TESTLAB] Ningbo TengLi Testing Co., Ltd
[TESTDATE] 17 November 2023
[ISSUEDATE] 2023-11-21
[NEARFIELD] 
[LAMPPOSITION] 0,0
[OTHER] EVERFINE GO-R5000_V2 SYSTEM
[MANUFAC] Torshare Ltd.
[LUMCAT]  TAA22-7G-40W-S-TCP(0%,3500K)
[LUMINAIRE] 2x2 Luminaires for Ambient Lighting of Interior Commercial Spaces
[OTHER] Input Voltage=277.0 PF=0.9721 THD=13.21
[OTHER] Gamma(deg)    Fz(lm)      Ft(lm)     %Lum    %Lamp
[OTHER]   0- 10       159.24      159.24     3.17     3.17
[OTHER]  10- 20       456.78      616.01    12.26    12.26
[OTHER]  20- 30       694.93     1310.94    26.09    26.09
[OTHER]  30- 40       842.83     2153.77    42.86    42.86
[OTHER]  40- 50       882.21     3035.98    60.42    60.42
[OTHER]  50- 60       809.42     3845.39    76.52    76.52
[OTHER]  60- 70       643.32     4488.71    89.33    89.33
[OTHER]  70- 80       414.47     4903.18    97.57    97.57
[OTHER]  80- 90       116.85     5020.03    99.90    99.90
[OTHER]  90-100         0.37     5020.40    99.91    99.91
[OTHER] 100-110         0.54     5020.94    99.92    99.92
[OTHER] 110-120         0.77     5021.71    99.93    99.93
[OTHER] 120-130         0.83     5022.54    99.95    99.95
[OTHER] 130-140         0.81     5023.35    99.96    99.96
[OTHER] 140-150         0.68     5024.03    99.98    99.98
[OTHER] 150-160         0.53     5024.56    99.99    99.99
[OTHER] 160-170         0.42     5024.98   100.00   100.00
[OTHER] 170-180         0.16     5025.14   100.00   100.00
[OTHER] 
TILT=NONE
1 -1 1 181 17 1 2 0.570 0.565 0.000
1.000 1 39.6
0.0    1.0    2.0    3.0    4.0    5.0    6.0    7.0    8.0    9.0    
 10.0   11.0   12.0   13.0   14.0   15.0   16.0   17.0   18.0   19.0   
 20.0   21.0   22.0   23.0   24.0   25.0   26.0   27.0   28.0   29.0   
 30.0   31.0   32.0   33.0   34.0   35.0   36.0   37.0   38.0   39.0   
 40.0   41.0   42.0   43.0   44.0   45.0   46.0   47.0   48.0   49.0   
 50.0   51.0   52.0   53.0   54.0   55.0   56.0   57.0   58.0   59.0   
 60.0   61.0   62.0   63.0   64.0   65.0   66.0   67.0   68.0   69.0   
 70.0   71.0   72.0   73.0   74.0   75.0   76.0   77.0   78.0   79.0   
 80.0   81.0   82.0   83.0   84.0   85.0   86.0   87.0   88.0   89.0   
 90.0   91.0   92.0   93.0   94.0   95.0   96.0   97.0   98.0   99.0   
 100.0  101.0  102.0  103.0  104.0  105.0  106.0  107.0  108.0  109.0  
 110.0  111.0  112.0  113.0  114.0  115.0  116.0  117.0  118.0  119.0  
 120.0  121.0  122.0  123.0  124.0  125.0  126.0  127.0  128.0  129.0  
 130.0  131.0  132.0  133.0  134.0  135.0  136.0  137.0  138.0  139.0  
 140.0  141.0  142.0  143.0  144.0  145.0  146.0  147.0  148.0  149.0  
 150.0  151.0  152.0  153.0  154.0  155.0  156.0  157.0  158.0  159.0  
 160.0  161.0  162.0  163.0  164.0  165.0  166.0  167.0  168.0  169.0  
 170.0  171.0  172.0  173.0  174.0  175.0  176.0  177.0  178.0  179.0  
 180.0  
0.0    22.5   45.0   67.5   90.0   112.5  135.0  157.5  180.0  202.5  
 225.0  247.5  270.0  292.5  315.0  337.5  360.0  
1682.12  1682.11  1679.85  1679.28  1676.21  1673.06  1669.92  1665.74  1661.26  1654.99  
 1650.96  1643.31  1637.41  1628.54  1619.88  1611.20  1601.88  1592.14  1581.65  1570.24  
 1558.82  1546.49  1533.68  1520.80  1506.54  1493.55  1478.25  1462.43  1446.66  1430.04  
 1412.38  1395.38  1378.26  1359.40  1341.56  1322.38  1301.85  1281.70  1261.59  1240.94  
 1220.11  1198.54  1176.91  1154.57  1132.22  1108.61  1085.27  1061.40  1037.04  1012.49  
 986.62   962.38   936.86   910.96   885.27   858.53   831.30   805.23   779.19   753.15   
 725.35   697.35   668.99   640.36   611.41   582.48   553.61   524.67   495.36   465.97   
 436.67   407.83   377.98   348.94   319.92   290.79   261.80   233.67   206.23   179.51   
 153.66   129.22   105.77   84.45    64.68    47.26    31.80    18.97    8.52     1.88     
 0.18     0.08     0.08     0.05     0.05     0.05     0.05     0.05     0.05     0.05     
 0.05     0.05     0.05     0.08     0.13     0.13     0.18     0.28     0.31     0.31     
 0.33     0.31     0.36     0.41     0.41     0.51     0.62     0.69     0.69     0.74     
 0.80     0.80     0.77     0.85     0.97     1.03     1.10     1.13     1.11     1.11     
 1.11     1.11     1.11     1.13     1.13     1.21     1.23     1.26     1.28     1.29     
 1.29     1.29     1.29     1.29     1.29     1.29     1.29     1.29     1.29     1.29     
 1.29     1.29     1.29     1.29     1.29     1.29     1.29     1.29     1.29     1.29     
 1.29     1.31     1.44     1.57     1.74     1.85     1.95     1.98     1.95     1.95     
 2.03     2.11     2.16     2.26     2.34     2.31     2.31     2.34     2.34     2.34     
 2.34     
1682.12  1681.57  1680.43  1678.73  1676.46  1673.69  1668.87  1664.95  1661.45  1655.76  
 1650.37  1642.90  1635.36  1627.55  1620.05  1611.73  1601.87  1591.20  1581.35  1570.75  
 1558.61  1546.05  1533.71  1521.10  1506.40  1493.63  1478.42  1463.14  1448.20  1431.36  
 1414.35  1397.97  1379.45  1362.04  1343.01  1324.47  1305.38  1285.57  1264.61  1244.79  
 1223.66  1202.40  1180.37  1158.90  1137.08  1113.86  1089.51  1066.90  1042.57  1018.71  
 994.63   969.50   943.98   917.90   891.68   865.94   840.21   814.36   788.50   762.65   
 735.10   707.26   679.94   651.83   623.93   595.83   566.86   538.93   510.94   481.84   
 453.71   425.94   397.74   370.02   343.27   315.96   289.77   263.51   238.26   213.71   
 189.97   167.01   144.07   122.24   99.81    76.83    53.22    31.06    12.62    2.23     
 0.26     0.13     0.10     0.05     0.00     0.00     0.00     0.00     0.00     0.00     
 0.00     0.05     0.03     0.03     0.08     0.15     0.23     0.26     0.26     0.28     
 0.33     0.31     0.38     0.41     0.41     0.46     0.44     0.44     0.44     0.44     
 0.44     0.46     0.44     0.59     0.69     0.74     0.74     0.74     0.74     0.74     
 0.74     0.74     0.74     0.74     0.74     0.77     0.77     0.77     0.77     0.77     
 0.77     0.77     0.77     0.77     0.77     0.77     0.77     0.77     0.77     0.77     
 0.77     0.77     0.77     0.80     0.80     0.87     0.95     1.03     1.05     1.03     
 1.05     1.08     1.10     1.23     1.33     1.31     1.39     1.46     1.54     1.52     
 1.52     1.52     1.52     1.52     1.52     1.52     1.52     1.52     1.52     1.52     
 2.34     
1682.12  1682.40  1681.30  1678.50  1677.59  1673.93  1671.08  1666.88  1662.10  1655.83  
 1651.01  1644.21  1637.18  1629.64  1621.59  1613.84  1603.42  1594.20  1584.07  1574.54  
 1562.04  1550.34  1537.89  1524.30  1511.67  1497.97  1484.68  1469.16  1452.75  1438.11  
 1422.21  1405.09  1388.82  1371.30  1353.17  1335.21  1316.18  1297.53  1277.02  1257.53  
 1236.54  1215.27  1194.96  1173.21  1150.68  1129.65  1106.61  1084.61  1060.28  1036.33  
 1012.88  988.34   963.68   939.26   913.43   888.89   862.75   837.72   812.45   787.18   
 761.92   735.48   708.73   682.51   655.97   630.01   603.95   578.08   552.47   527.29   
 502.69   478.42   454.68   431.15   407.77   384.13   360.50   336.80   312.54   288.59   
 263.71   238.20   210.07   175.88   140.88   105.63   69.23    35.33    9.26     1.26     
 0.43     0.36     0.33     0.31     0.28     0.31     0.26     0.26     0.26     0.26     
 0.26     0.26     0.26     0.26     0.26     0.28     0.33     0.31     0.31     0.31     
 0.31     0.31     0.31     0.31     0.31     0.31     0.33     0.33     0.33     0.33     
 0.33     0.33     0.33     0.33     0.33     0.33     0.33     0.33     0.33     0.33     
 0.33     0.33     0.33     0.33     0.33     0.33     0.33     0.33     0.33     0.33     
 0.33     0.33     0.33     0.33     0.33     0.33     0.33     0.33     0.33     0.33     
 0.33     0.36     0.38     0.44     0.44     0.46     0.59     0.67     0.69     0.67     
 0.67     0.72     0.84     0.87     0.90     1.05     1.05     1.03     1.05     1.15     
 1.18     1.18     1.21     1.18     1.18     1.18     1.18     1.18     1.18     1.18     
 2.34     
1682.12  1681.58  1680.15  1679.01  1677.02  1674.53  1671.39  1667.75  1662.01  1657.43  
 1652.21  1645.95  1639.21  1631.99  1624.76  1615.60  1607.14  1597.61  1588.86  1577.69  
 1567.22  1555.77  1543.73  1531.41  1518.40  1504.83  1491.20  1476.79  1461.51  1446.66  
 1431.24  1415.19  1398.92  1382.32  1364.46  1346.76  1328.75  1309.50  1290.73  1271.24  
 1251.49  1231.39  1210.18  1189.50  1168.44  1147.10  1124.78  1103.00  1081.47  1058.64  
 1035.25  1010.74  987.27   963.46   939.16   914.62   890.26   864.96   841.15   817.50   
 793.85   770.20   746.16   721.91   698.52   675.45   652.27   630.50   608.14   586.11   
 563.09   540.91   517.16   493.58   470.15   446.48   422.76   398.43   373.66   347.90   
 318.61   281.85   242.39   203.46   161.30   116.79   72.18    31.79    3.97     1.02     
 0.55     0.49     0.44     0.44     0.41     0.39     0.36     0.36     0.36     0.36     
 0.36     0.36     0.36     0.36     0.39     0.39     0.39     0.39     0.39     0.39     
 0.39     0.44     0.46     0.49     0.49     0.54     0.64     0.67     0.67     0.67     
 0.67     0.67     0.67     0.67     0.67     0.67     0.67     0.67     0.67     0.67     
 0.67     0.67     0.67     0.67     0.67     0.67     0.67     0.69     0.72     0.69     
 0.69     0.69     0.69     0.69     0.69     0.69     0.69     0.69     0.69     0.69     
 0.69     0.69     0.69     0.72     0.72     0.77     0.82     0.82     0.85     0.87     
 0.98     1.03     1.13     1.21     1.49     1.62     1.62     1.62     1.62     1.62     
 1.62     1.62     1.62     1.62     1.62     1.62     1.62     1.62     1.62     1.62     
 2.34     
1682.12  1680.72  1680.14  1679.28  1676.48  1673.60  1670.44  1667.02  1662.45  1657.21  
 1651.52  1645.55  1639.40  1631.33  1624.91  1616.26  1607.14  1597.79  1587.28  1578.31  
 1566.52  1555.97  1548.36  1534.79  1521.21  1507.64  1493.57  1480.42  1465.00  1451.27  
 1435.69  1420.14  1403.61  1387.25  1370.00  1352.70  1334.57  1315.99  1297.28  1278.35  
 1258.00  1238.43  1217.72  1196.71  1175.41  1154.23  1132.25  1110.28  1087.45  1064.70  
 1041.98  1018.47  995.34   971.86   947.57   924.24   900.30   876.14   852.19   828.75   
 805.04   781.66   758.52   736.15   713.98   692.38   670.59   649.47   627.74   605.89   
 583.57   561.30   538.40   515.61   492.65   469.80   446.12   422.61   398.60   373.39   
 339.13   300.90   261.08   219.82   175.16   127.67   80.18    36.52    4.96     1.15     
 0.69     0.67     0.64     0.64     0.64     0.69     0.67     0.69     0.69     0.72     
 0.72     0.77     0.80     0.82     0.85     0.87     0.95     0.98     1.03     1.08     
 1.13     1.16     1.18     1.16     1.23     1.23     1.26     1.26     1.28     1.28     
 1.28     1.28     1.28     1.31     1.31     1.33     1.36     1.36     1.36     1.36     
 1.36     1.36     1.36     1.36     1.36     1.36     1.36     1.36     1.36     1.36     
 1.36     1.36     1.38     1.33     1.31     1.31     1.31     1.31     1.31     1.31     
 1.31     1.31     1.34     1.39     1.41     1.46     1.54     1.57     1.59     1.64     
 1.67     1.69     1.72     1.75     1.82     1.90     1.95     1.92     1.92     1.92     
 1.92     1.92     1.92     1.92     1.92     1.92     1.90     1.87     1.87     1.85     
 2.34     
1682.12  1681.56  1681.23  1678.71  1677.60  1672.74  1669.95  1667.63  1662.80  1657.43  
 1652.59  1646.34  1639.67  1632.64  1625.17  1616.81  1607.73  1598.98  1588.19  1578.95  
 1568.32  1557.37  1546.38  1534.06  1521.73  1509.36  1495.01  1481.30  1466.87  1451.61  
 1436.33  1420.12  1403.82  1387.09  1368.87  1350.48  1332.42  1314.58  1294.84  1275.97  
 1256.51  1235.32  1214.50  1193.59  1172.30  1151.23  1128.84  1106.64  1083.63  1059.99  
 1036.84  1012.65  989.02   965.17   940.42   916.24   891.24   866.18   841.78   816.81   
 791.69   767.12   742.92   718.45   694.29   670.72   647.44   624.83   602.43   580.28   
 557.80   535.21   512.26   489.22   465.50   441.90   418.37   394.67   370.38   344.94   
 318.96   285.85   248.14   209.28   169.81   126.76   82.24    41.76    9.72     1.66     
 0.61     0.64     0.61     0.61     0.61     0.61     0.61     0.61     0.62     0.67     
 0.67     0.74     0.77     0.82     0.87     0.87     0.92     0.95     1.00     1.03     
 1.10     1.13     1.15     1.20     1.26     1.33     1.33     1.38     1.36     1.36     
 1.36     1.36     1.36     1.41     1.43     1.43     1.43     1.43     1.43     1.43     
 1.43     1.43     1.43     1.43     1.43     1.43     1.43     1.43     1.43     1.43     
 1.43     1.43     1.43     1.43     1.43     1.43     1.43     1.43     1.43     1.43     
 1.43     1.43     1.43     1.43     1.43     1.43     1.43     1.43     1.43     1.43     
 1.43     1.49     1.54     1.64     1.77     1.84     1.89     1.87     1.87     1.87     
 1.89     1.87     1.84     1.84     1.84     1.84     1.84     1.82     1.76     1.69     
 2.34     
1682.12  1682.67  1682.37  1678.71  1677.29  1675.00  1671.59  1668.69  1663.41  1658.51  
 1654.04  1648.01  1640.03  1633.64  1625.41  1617.60  1609.49  1600.28  1588.63  1578.43  
 1568.64  1557.42  1547.04  1533.90  1520.76  1507.61  1494.02  1478.73  1464.25  1448.64  
 1433.50  1416.68  1400.90  1383.73  1365.04  1346.87  1328.02  1309.24  1289.26  1269.74  
 1249.20  1228.75  1206.71  1185.54  1163.79  1142.13  1118.81  1095.71  1072.56  1048.80  
 1024.66  1000.11  975.83   951.11   925.86   900.24   874.88   848.59   822.52   795.96   
 769.67   742.92   716.35   689.56   662.47   636.19   609.34   582.81   556.37   530.22   
 504.48   479.13   455.00   430.86   407.48   383.68   359.93   336.05   312.61   288.78   
 264.77   240.54   215.12   186.84   153.55   118.96   84.61    49.33    19.93    3.08     
 0.46     0.49     0.46     0.46     0.46     0.46     0.46     0.49     0.54     0.59     
 0.59     0.64     0.69     0.72     0.77     0.85     0.87     0.92     0.98     1.03     
 1.13     1.15     1.18     1.18     1.18     1.18     1.18     1.18     1.18     1.18     
 1.18     1.18     1.18     1.18     1.18     1.18     1.18     1.18     1.18     1.18     
 1.15     1.15     1.13     1.13     1.13     1.13     1.13     1.13     1.13     1.13     
 1.13     1.13     1.13     1.15     1.13     1.10     1.10     1.10     1.10     1.10     
 1.10     1.10     1.15     1.13     1.18     1.18     1.21     1.26     1.28     1.36     
 1.39     1.49     1.54     1.56     1.59     1.64     1.69     1.74     1.74     1.74     
 1.74     1.74     1.74     1.77     1.72     1.74     1.72     1.67     1.67     1.56     
 2.34     
1682.12  1681.85  1682.10  1680.66  1678.40  1676.10  1673.30  1668.75  1664.10  1658.53  
 1653.36  1647.84  1640.37  1633.78  1626.54  1617.05  1607.56  1598.72  1588.99  1578.69  
 1568.33  1556.42  1544.06  1531.70  1519.32  1505.92  1491.90  1477.01  1461.25  1445.50  
 1429.29  1412.31  1394.33  1377.05  1359.02  1340.16  1321.35  1301.68  1280.83  1260.99  
 1239.92  1219.34  1196.99  1175.00  1152.91  1130.18  1107.14  1083.71  1060.14  1035.74  
 1011.22  986.46   961.28   936.43   910.08   883.89   858.04   830.65   804.01   777.04   
 749.82   721.80   694.12   666.17   637.46   609.34   580.75   551.86   523.54   495.01   
 466.30   437.92   409.25   380.99   353.17   325.64   298.30   271.89   246.09   220.77   
 195.85   172.37   149.45   127.41   105.75   84.41    62.45    40.74    21.29    6.57     
 0.58     0.26     0.26     0.26     0.26     0.28     0.28     0.36     0.41     0.44     
 0.49     0.57     0.57     0.64     0.69     0.75     0.82     0.93     0.95     1.00     
 1.05     1.11     1.16     1.16     1.16     1.16     1.16     1.16     1.16     1.13     
 1.13     1.10     1.11     1.13     1.16     1.32     1.52     1.75     1.90     1.93     
 1.98     1.98     2.00     2.00     2.01     2.08     2.06     2.06     2.06     2.06     
 2.06     2.06     2.06     2.05     2.03     2.00     1.98     1.95     1.95     1.95     
 1.95     1.98     1.90     1.88     1.87     1.72     1.67     1.62     1.59     1.51     
 1.41     1.39     1.34     1.31     1.28     1.26     1.26     1.26     1.23     1.23     
 1.23     1.23     1.23     1.23     1.23     1.23     1.26     1.23     1.16     1.16     
 2.34     
1682.12  1682.93  1681.75  1679.51  1678.13  1675.26  1672.36  1668.48  1664.16  1659.68  
 1654.47  1647.88  1640.67  1633.74  1625.00  1617.47  1609.06  1599.59  1588.92  1577.91  
 1567.58  1557.99  1545.18  1532.38  1519.58  1506.39  1492.25  1477.72  1462.61  1446.13  
 1430.19  1413.31  1395.63  1377.29  1359.56  1340.46  1320.98  1301.73  1280.96  1261.54  
 1240.98  1219.36  1197.74  1175.40  1152.54  1129.94  1106.10  1082.58  1059.02  1034.95  
 1010.18  985.16   959.55   933.68   907.92   881.67   855.55   828.13   800.76   774.11   
 746.29   717.77   690.05   661.02   632.55   603.84   574.78   545.47   516.27   487.05   
 457.25   427.90   398.62   369.17   340.39   311.50   282.38   253.73   225.71   198.63   
 171.88   146.85   122.89   99.79    78.70    59.29    42.29    27.48    14.88    5.09     
 0.18     0.15     0.13     0.15     0.18     0.18     0.23     0.23     0.33     0.34     
 0.41     0.44     0.49     0.57     0.64     0.72     0.77     0.85     0.90     0.95     
 1.00     1.00     1.08     1.13     1.24     1.31     1.39     1.39     1.39     1.39     
 1.39     1.39     1.39     1.39     1.39     1.42     1.52     1.72     1.93     2.11     
 2.13     2.13     2.13     2.13     2.13     2.13     2.13     2.13     2.13     2.13     
 2.13     2.06     2.03     2.03     2.13     2.26     2.37     2.36     2.34     2.34     
 2.34     2.34     2.34     2.31     2.31     2.31     2.34     2.29     2.29     2.18     
 2.08     2.06     2.06     2.06     2.06     2.06     2.03     2.03     2.03     2.03     
 2.03     2.03     2.06     2.06     2.08     2.13     2.11     2.11     2.11     2.11     
 2.34     
1682.12  1682.39  1681.53  1680.38  1678.66  1675.25  1672.40  1670.18  1665.57  1660.55  
 1656.23  1651.56  1643.50  1635.52  1628.92  1621.37  1612.08  1602.45  1592.46  1581.86  
 1571.23  1561.64  1549.85  1537.10  1524.34  1511.58  1497.77  1483.59  1468.03  1452.47  
 1436.52  1419.90  1403.55  1386.34  1367.62  1349.15  1330.37  1311.18  1291.87  1271.81  
 1250.82  1229.85  1209.09  1187.22  1165.02  1142.31  1119.87  1096.45  1073.20  1049.89  
 1024.90  1000.49  976.03   950.82   925.52   899.38   873.88   847.08   820.49   794.05   
 766.85   739.25   712.11   684.16   656.16   628.11   599.93   571.59   543.16   514.82   
 486.01   457.91   429.75   402.10   374.77   347.28   320.71   294.21   268.60   243.38   
 218.33   194.28   169.99   145.89   121.36   96.09    70.14    44.18    21.11    5.04     
 0.23     0.23     0.21     0.21     0.21     0.26     0.23     0.28     0.28     0.33     
 0.36     0.41     0.44     0.51     0.54     0.62     0.62     0.69     0.69     0.72     
 0.77     0.82     0.87     0.95     0.98     1.03     1.03     1.03     1.03     1.03     
 1.03     1.03     1.03     1.03     1.03     1.03     1.03     1.03     1.05     1.05     
 1.11     1.18     1.23     1.34     1.41     1.49     1.57     1.64     1.70     1.75     
 1.75     1.77     1.80     1.77     1.77     1.77     1.77     1.77     1.77     1.77     
 1.77     1.82     1.85     1.90     1.93     1.90     1.90     1.90     1.93     1.98     
 2.05     2.11     2.08     2.08     2.08     2.08     2.08     2.08     2.08     2.08     
 2.08     2.08     2.08     2.08     2.11     2.13     2.19     2.29     2.34     2.34     
 2.34     
1682.12  1682.39  1681.83  1681.48  1678.93  1675.88  1673.86  1670.43  1666.41  1662.72  
 1656.71  1651.15  1644.86  1638.99  1631.92  1623.79  1615.14  1606.01  1596.87  1587.92  
 1576.24  1565.02  1554.93  1542.69  1530.45  1518.17  1504.24  1490.54  1476.44  1460.84  
 1445.70  1430.17  1413.37  1396.73  1379.40  1362.03  1343.88  1325.03  1306.12  1286.88  
 1266.99  1246.87  1225.74  1204.76  1183.44  1161.43  1139.32  1116.57  1094.11  1070.65  
 1046.55  1022.83  998.73   974.78   950.37   925.10   900.21   874.59   848.99   823.55   
 797.79   771.68   745.69   718.97   693.37   667.28   641.45   615.58   590.80   565.68   
 541.50   517.11   493.68   468.74   444.29   419.61   393.96   367.97   342.59   316.50   
 289.99   262.86   232.47   197.72   161.16   119.71   77.99    41.63    13.01    1.65     
 0.36     0.38     0.36     0.36     0.36     0.36     0.39     0.39     0.41     0.44     
 0.44     0.44     0.49     0.51     0.59     0.62     0.64     0.67     0.69     0.74     
 0.74     0.74     0.74     0.74     0.72     0.72     0.72     0.72     0.72     0.72     
 0.72     0.72     0.72     0.72     0.72     0.72     0.72     0.72     0.72     0.72     
 0.72     0.72     0.72     0.72     0.72     0.72     0.72     0.72     0.72     0.74     
 0.74     0.74     0.74     0.74     0.74     0.74     0.77     0.80     0.77     0.80     
 0.82     0.80     0.80     0.80     0.82     0.85     0.87     0.95     1.05     1.13     
 1.16     1.23     1.28     1.34     1.34     1.41     1.49     1.52     1.57     1.54     
 1.54     1.54     1.57     1.54     1.52     1.52     1.52     1.52     1.52     1.52     
 2.34     
1682.12  1682.12  1680.68  1679.00  1678.68  1675.84  1673.78  1669.91  1665.59  1661.68  
 1655.93  1650.75  1645.17  1637.74  1631.17  1624.46  1616.09  1608.60  1598.05  1588.06  
 1578.23  1568.09  1557.75  1546.01  1534.27  1522.51  1508.48  1495.72  1482.23  1467.34  
 1452.05  1436.93  1420.87  1404.18  1387.97  1370.24  1352.98  1334.93  1316.22  1297.12  
 1277.95  1257.90  1237.88  1217.31  1196.51  1175.68  1153.93  1132.55  1110.01  1087.61  
 1065.49  1042.13  1019.02  995.42   972.00   948.15   924.72   900.55   876.58   852.40   
 828.84   804.64   780.51   757.49   734.47   712.20   689.28   667.48   644.93   621.75   
 598.16   573.78   549.45   524.03   499.35   474.07   448.57   422.91   396.73   369.74   
 335.23   298.38   259.42   212.68   164.19   115.16   70.11    30.14    3.26     0.92     
 0.54     0.51     0.51     0.51     0.51     0.51     0.54     0.54     0.57     0.59     
 0.59     0.64     0.64     0.64     0.72     0.70     0.80     0.80     0.87     0.90     
 0.95     1.00     1.03     1.03     1.03     1.03     1.03     1.03     1.03     1.03     
 1.03     1.03     1.03     1.03     1.03     1.03     1.03     1.03     1.03     1.03     
 1.03     1.03     1.03     1.03     1.03     1.03     1.03     1.00     1.00     1.00     
 1.00     1.00     1.00     1.00     1.00     1.00     1.00     1.00     1.00     1.00     
 1.00     1.00     1.00     1.00     1.00     1.00     1.00     1.00     1.03     1.03     
 1.03     1.03     1.08     1.08     1.13     1.13     1.18     1.18     1.23     1.21     
 1.21     1.21     1.21     1.23     1.18     1.18     1.18     1.18     1.18     1.18     
 2.34     
1682.12  1682.98  1682.44  1681.87  1681.03  1677.93  1676.78  1673.39  1669.47  1664.72  
 1659.87  1655.01  1648.13  1641.27  1634.60  1627.28  1619.64  1609.43  1601.04  1591.59  
 1581.86  1571.17  1558.99  1547.69  1535.34  1523.78  1510.03  1496.25  1482.22  1468.89  
 1452.70  1438.09  1422.51  1405.47  1389.63  1373.07  1355.58  1337.26  1319.13  1300.79  
 1281.75  1262.18  1242.52  1222.42  1202.70  1181.02  1160.45  1139.22  1117.63  1094.79  
 1072.37  1049.31  1026.64  1003.71  979.68   956.72   932.26   909.07   886.18   862.72   
 839.67   818.49   797.34   776.19   754.86   733.73   711.60   689.40   666.80   643.46   
 619.12   594.75   569.87   544.89   520.37   495.37   469.94   444.66   418.14   384.13   
 346.31   307.05   260.64   209.48   158.14   107.37   60.80    19.99    1.55     0.83     
 0.57     0.51     0.44     0.41     0.41     0.39     0.36     0.36     0.36     0.36     
 0.36     0.36     0.36     0.36     0.36     0.36     0.36     0.36     0.38     0.38     
 0.46     0.44     0.49     0.49     0.61     0.64     0.72     0.69     0.69     0.69     
 0.69     0.69     0.69     0.69     0.69     0.69     0.69     0.69     0.72     0.72     
 0.72     0.74     0.74     0.74     0.74     0.77     0.77     0.77     0.77     0.77     
 0.79     0.80     0.80     0.80     0.80     0.80     0.80     0.80     0.80     0.80     
 0.80     0.80     0.80     0.80     0.80     0.80     0.85     0.85     0.92     0.97     
 1.03     1.15     1.18     1.41     1.59     1.59     1.62     1.62     1.64     1.64     
 1.67     1.67     1.67     1.67     1.67     1.67     1.67     1.67     1.67     1.67     
 2.34     
1682.12  1682.13  1681.58  1681.00  1679.63  1676.56  1674.82  1671.17  1666.97  1662.38  
 1657.28  1652.33  1646.06  1640.59  1632.76  1624.42  1615.37  1607.62  1597.64  1587.83  
 1576.78  1565.94  1555.38  1543.68  1531.69  1517.93  1504.13  1490.17  1477.28  1461.77  
 1446.61  1431.62  1414.55  1398.14  1381.82  1364.09  1346.38  1327.00  1309.79  1290.95  
 1271.20  1251.08  1232.14  1210.72  1189.80  1168.76  1148.78  1126.29  1103.93  1081.29  
 1058.11  1035.11  1011.96  988.31   964.03   939.58   915.53   891.61   867.09   842.52   
 817.56   795.06   772.63   749.02   726.02   702.71   679.83   657.62   634.73   610.92   
 586.89   562.97   537.64   512.52   486.78   461.30   435.86   409.91   383.54   355.76   
 321.24   284.02   244.31   198.50   149.71   102.55   58.50    21.13    2.37     0.74     
 0.49     0.44     0.41     0.36     0.38     0.33     0.31     0.31     0.31     0.31     
 0.31     0.31     0.31     0.31     0.31     0.31     0.31     0.31     0.31     0.36     
 0.41     0.48     0.46     0.61     0.64     0.64     0.64     0.69     0.72     0.69     
 0.69     0.69     0.69     0.69     0.69     0.69     0.69     0.69     0.69     0.69     
 0.69     0.69     0.69     0.69     0.69     0.69     0.69     0.69     0.69     0.69     
 0.69     0.69     0.69     0.69     0.69     0.69     0.69     0.69     0.69     0.69     
 0.69     0.72     0.72     0.74     0.72     0.72     0.74     0.74     0.79     0.79     
 0.84     0.92     1.07     1.17     1.28     1.33     1.36     1.41     1.46     1.46     
 1.48     1.49     1.54     1.51     1.51     1.51     1.54     1.56     1.59     1.56     
 2.34     
1682.12  1682.95  1681.87  1680.19  1678.76  1675.94  1673.63  1669.45  1665.00  1659.87  
 1655.60  1649.64  1643.73  1636.01  1627.70  1620.50  1611.48  1602.54  1592.95  1581.60  
 1570.52  1559.38  1546.55  1534.51  1521.40  1509.06  1494.65  1479.45  1465.13  1449.94  
 1434.57  1417.16  1400.63  1383.51  1366.28  1347.45  1329.77  1310.00  1291.28  1271.83  
 1251.61  1231.28  1210.51  1189.34  1167.36  1145.78  1123.13  1100.60  1077.28  1054.08  
 1030.67  1007.83  982.41   957.43   932.36   908.42   882.67   857.68   831.43   806.40   
 781.38   756.36   729.77   703.24   676.89   650.66   623.91   597.63   571.72   546.34   
 520.72   496.01   471.29   446.88   422.69   397.49   372.06   346.63   320.59   294.81   
 268.14   240.66   210.51   176.31   140.46   100.45   62.17    28.78    5.94     0.71     
 0.39     0.31     0.31     0.28     0.26     0.23     0.21     0.21     0.21     0.21     
 0.21     0.21     0.23     0.23     0.33     0.38     0.36     0.36     0.36     0.36     
 0.36     0.36     0.36     0.36     0.36     0.36     0.36     0.36     0.36     0.36     
 0.36     0.36     0.36     0.36     0.36     0.36     0.36     0.36     0.36     0.36     
 0.36     0.36     0.36     0.36     0.36     0.36     0.36     0.36     0.36     0.36     
 0.36     0.36     0.36     0.36     0.36     0.36     0.36     0.36     0.36     0.36     
 0.36     0.36     0.36     0.36     0.38     0.41     0.44     0.49     0.51     0.61     
 0.69     0.69     0.77     0.97     1.03     1.03     1.10     1.13     1.15     1.13     
 1.13     1.13     1.13     1.13     1.13     1.13     1.15     1.15     1.18     1.15     
 2.34     
1682.12  1682.13  1681.57  1680.16  1678.18  1675.61  1671.44  1667.96  1663.48  1658.06  
 1652.40  1647.14  1638.79  1631.82  1624.08  1614.94  1606.36  1596.61  1585.38  1574.73  
 1563.32  1551.73  1539.42  1526.01  1512.42  1497.68  1483.25  1469.66  1452.83  1437.40  
 1420.27  1403.38  1386.74  1366.81  1348.72  1330.70  1310.70  1291.27  1271.10  1251.34  
 1229.93  1209.16  1187.96  1166.00  1143.63  1120.60  1098.22  1074.09  1050.99  1026.28  
 1002.13  977.13   952.09   927.13   900.63   875.78   848.66   821.52   796.23   770.99   
 744.75   717.11   689.59   661.41   633.42   605.31   576.85   548.65   520.07   491.64   
 463.20   434.70   406.36   377.69   350.20   322.70   295.32   268.70   242.21   216.45   
 191.38   167.20   143.38   120.10   97.06    73.38    50.12    28.07    10.35    1.65     
 0.21     0.13     0.13     0.10     0.10     0.10     0.10     0.10     0.10     0.10     
 0.10     0.10     0.10     0.10     0.10     0.10     0.15     0.15     0.18     0.28     
 0.33     0.31     0.31     0.31     0.31     0.31     0.31     0.31     0.31     0.33     
 0.38     0.46     0.56     0.59     0.62     0.64     0.64     0.72     0.69     0.69     
 0.69     0.69     0.69     0.69     0.69     0.69     0.72     0.72     0.77     0.80     
 0.82     0.87     0.85     0.85     0.85     0.85     0.85     0.85     0.85     0.85     
 0.85     0.85     0.85     0.85     0.85     0.85     0.85     0.85     0.90     0.87     
 0.92     0.98     1.15     1.45     1.56     1.72     1.77     1.90     1.90     1.98     
 1.98     1.98     2.03     2.08     2.06     2.08     2.08     2.11     2.13     2.11     
 2.34     
1682.12  1682.11  1679.85  1679.28  1676.21  1673.06  1669.92  1665.74  1661.26  1654.99  
 1650.96  1643.31  1637.41  1628.54  1619.88  1611.20  1601.88  1592.14  1581.65  1570.24  
 1558.82  1546.49  1533.68  1520.80  1506.54  1493.55  1478.25  1462.43  1446.66  1430.04  
 1412.38  1395.38  1378.26  1359.40  1341.56  1322.38  1301.85  1281.70  1261.59  1240.94  
 1220.11  1198.54  1176.91  1154.57  1132.22  1108.61  1085.27  1061.40  1037.04  1012.49  
 986.62   962.38   936.86   910.96   885.27   858.53   831.30   805.23   779.19   753.15   
 725.35   697.35   668.99   640.36   611.41   582.48   553.61   524.67   495.36   465.97   
 436.67   407.83   377.98   348.94   319.92   290.79   261.80   233.67   206.23   179.51   
 153.66   129.22   105.77   84.45    64.68    47.26    31.80    18.97    8.52     1.88     
 0.18     0.08     0.08     0.05     0.05     0.05     0.05     0.05     0.05     0.05     
 0.05     0.05     0.05     0.08     0.13     0.13     0.18     0.28     0.31     0.31     
 0.33     0.31     0.36     0.41     0.41     0.51     0.62     0.69     0.69     0.74     
 0.80     0.80     0.77     0.85     0.97     1.03     1.10     1.13     1.11     1.11     
 1.11     1.11     1.11     1.13     1.13     1.21     1.23     1.26     1.28     1.29     
 1.29     1.29     1.29     1.29     1.29     1.29     1.29     1.29     1.29     1.29     
 1.29     1.29     1.29     1.29     1.29     1.29     1.29     1.29     1.29     1.29     
 1.29     1.31     1.44     1.57     1.74     1.85     1.95     1.98     1.95     1.95     
 2.03     2.11     2.16     2.26     2.34     2.31     2.31     2.34     2.34     2.34     
 2.34     
