IESNA:LM-63-2002
[TEST] JDE231002-A
[TESTLAB] Ningbo TengLi Testing Co., Ltd
[TESTDATE] 17 November 2023
[ISSUEDATE] 2023-11-21
[NEARFIELD] 
[LAMPPOSITION] 0,0
[OTHER] EVERFINE GO-R5000_V2 SYSTEM
[MANUFAC] Torshare Ltd.
[LUMCAT]  TAA24-7G-50W-P-TCP(0%,3500K)
[LUMINAIRE] 2x4 Luminaires for Ambient Lighting of Interior Commercial Spaces
[OTHER] Input Voltage=120.0 PF=0.9948 THD=7.56
[OTHER] Gamma(deg)    Fz(lm)      Ft(lm)     %Lum    %Lamp
[OTHER]   0- 10       193.62      193.62     3.11     3.11
[OTHER]  10- 20       556.96      750.58    12.04    12.04
[OTHER]  20- 30       851.17     1601.75    25.70    25.70
[OTHER]  30- 40      1038.71     2640.46    42.37    42.37
[OTHER]  40- 50      1094.69     3735.14    59.94    59.94
[OTHER]  50- 60      1011.44     4746.59    76.17    76.17
[OTHER]  60- 70       807.72     5554.31    89.13    89.13
[OTHER]  70- 80       521.86     6076.17    97.50    97.50
[OTHER]  80- 90       151.65     6227.82    99.93    99.93
[OTHER]  90-100         0.71     6228.52    99.94    99.94
[OTHER] 100-110         0.93     6229.45    99.96    99.96
[OTHER] 110-120         0.79     6230.24    99.97    99.97
[OTHER] 120-130         0.44     6230.68    99.98    99.98
[OTHER] 130-140         0.36     6231.04    99.99    99.99
[OTHER] 140-150         0.31     6231.35    99.99    99.99
[OTHER] 150-160         0.28     6231.63    99.99    99.99
[OTHER] 160-170         0.24     6231.87   100.00   100.00
[OTHER] 170-180         0.09     6231.97   100.00   100.00
[OTHER] 
TILT=NONE
1 -1 1 181 17 1 2 0.580 1.185 0.000
1.000 1 47.4
0.0    1.0    2.0    3.0    4.0    5.0    6.0    7.0    8.0    9.0    
 10.0   11.0   12.0   13.0   14.0   15.0   16.0   17.0   18.0   19.0   
 20.0   21.0   22.0   23.0   24.0   25.0   26.0   27.0   28.0   29.0   
 30.0   31.0   32.0   33.0   34.0   35.0   36.0   37.0   38.0   39.0   
 40.0   41.0   42.0   43.0   44.0   45.0   46.0   47.0   48.0   49.0   
 50.0   51.0   52.0   53.0   54.0   55.0   56.0   57.0   58.0   59.0   
 60.0   61.0   62.0   63.0   64.0   65.0   66.0   67.0   68.0   69.0   
 70.0   71.0   72.0   73.0   74.0   75.0   76.0   77.0   78.0   79.0   
 80.0   81.0   82.0   83.0   84.0   85.0   86.0   87.0   88.0   89.0   
 90.0   91.0   92.0   93.0   94.0   95.0   96.0   97.0   98.0   99.0   
 100.0  101.0  102.0  103.0  104.0  105.0  106.0  107.0  108.0  109.0  
 110.0  111.0  112.0  113.0  114.0  115.0  116.0  117.0  118.0  119.0  
 120.0  121.0  122.0  123.0  124.0  125.0  126.0  127.0  128.0  129.0  
 130.0  131.0  132.0  133.0  134.0  135.0  136.0  137.0  138.0  139.0  
 140.0  141.0  142.0  143.0  144.0  145.0  146.0  147.0  148.0  149.0  
 150.0  151.0  152.0  153.0  154.0  155.0  156.0  157.0  158.0  159.0  
 160.0  161.0  162.0  163.0  164.0  165.0  166.0  167.0  168.0  169.0  
 170.0  171.0  172.0  173.0  174.0  175.0  176.0  177.0  178.0  179.0  
 180.0  
0.0    22.5   45.0   67.5   90.0   112.5  135.0  157.5  180.0  202.5  
 225.0  247.5  270.0  292.5  315.0  337.5  360.0  
2043.91  2043.37  2041.71  2039.41  2037.18  2034.90  2029.02  2024.76  2020.03  2012.29  
 2005.65  1998.84  1991.16  1981.24  1971.71  1961.60  1950.28  1938.05  1925.06  1911.60  
 1898.81  1884.17  1868.32  1852.91  1836.06  1819.80  1802.31  1784.41  1765.67  1746.69  
 1725.60  1705.14  1684.58  1663.73  1642.22  1617.81  1594.33  1570.96  1547.80  1523.20  
 1496.61  1470.34  1444.27  1418.07  1390.27  1363.12  1335.50  1306.34  1277.12  1248.33  
 1217.53  1187.04  1156.71  1125.34  1093.57  1061.29  1028.92  996.03   963.45   929.83   
 895.76   862.04   827.30   793.48   759.68   725.88   690.54   654.91   619.29   583.23   
 547.14   511.57   475.39   439.57   404.48   369.06   334.27   299.46   265.70   232.36   
 200.55   170.12   140.75   113.55   88.31    65.68    45.96    29.32    15.93    5.20     
 0.78     0.74     0.87     1.23     1.62     1.91     2.19     2.33     2.48     2.68     
 2.71     2.76     2.74     2.74     2.59     2.44     2.33     2.23     2.13     2.02     
 1.92     1.82     1.79     1.72     1.56     1.41     1.23     1.08     0.87     0.59     
 0.39     0.38     0.36     0.36     0.36     0.36     0.36     0.36     0.36     0.36     
 0.36     0.36     0.36     0.36     0.36     0.36     0.36     0.36     0.36     0.36     
 0.36     0.36     0.36     0.36     0.36     0.38     0.41     0.43     0.46     0.49     
 0.54     0.56     0.64     0.64     0.71     0.69     0.69     0.69     0.69     0.72     
 0.69     0.74     0.77     0.77     0.82     0.84     0.84     0.84     0.90     0.87     
 0.90     0.90     0.90     0.92     0.92     0.95     0.95     0.95     0.95     0.95     
 0.95     
2043.91  2042.25  2041.33  2039.65  2035.88  2033.10  2030.15  2025.65  2019.70  2014.41  
 2008.08  2001.39  1994.66  1986.25  1978.01  1968.98  1960.05  1949.11  1936.84  1925.22  
 1913.04  1902.10  1887.16  1871.21  1857.03  1841.30  1824.85  1808.31  1790.71  1771.71  
 1753.11  1732.71  1713.14  1691.37  1670.22  1647.50  1623.93  1601.23  1576.88  1552.42  
 1527.63  1501.45  1475.11  1447.56  1420.90  1392.60  1364.30  1335.19  1306.66  1276.41  
 1245.87  1216.42  1185.38  1153.66  1122.58  1090.90  1058.44  1025.67  993.02   959.00   
 925.47   891.51   857.53   822.60   789.60   756.65   721.78   687.60   652.92   617.75   
 582.47   548.62   514.09   479.83   446.58   413.53   381.48   349.68   318.71   288.54   
 260.04   232.17   205.10   178.30   151.94   124.19   93.42    58.04    24.93    3.57     
 0.68     0.55     0.50     0.49     0.47     0.47     0.47     0.47     0.47     0.47     
 0.49     0.47     0.57     0.55     0.60     0.62     0.62     0.65     0.70     0.68     
 0.70     0.70     0.70     0.70     0.73     0.68     0.57     0.34     0.26     0.21     
 0.21     0.21     0.21     0.21     0.21     0.21     0.21     0.21     0.21     0.21     
 0.21     0.21     0.21     0.21     0.21     0.21     0.21     0.21     0.21     0.21     
 0.23     0.23     0.29     0.31     0.31     0.31     0.31     0.36     0.42     0.47     
 0.49     0.49     0.54     0.60     0.68     0.73     0.70     0.70     0.73     0.70     
 0.73     0.75     0.80     0.83     0.83     0.86     0.86     0.88     0.96     0.94     
 0.94     0.94     0.94     0.94     0.94     0.94     0.94     0.94     0.94     0.94     
 0.95     
2043.91  2041.84  2038.58  2035.90  2034.34  2030.76  2026.87  2020.51  2015.45  2009.55  
 2002.07  1996.60  1987.82  1979.28  1970.96  1961.54  1950.19  1939.53  1927.95  1917.57  
 1905.54  1891.66  1879.83  1863.66  1850.69  1835.67  1819.40  1803.91  1787.58  1769.70  
 1753.34  1734.59  1716.52  1697.48  1676.18  1657.44  1636.94  1615.01  1594.09  1572.15  
 1549.45  1525.83  1501.60  1476.22  1452.47  1426.84  1400.84  1373.43  1347.83  1320.23  
 1291.65  1263.42  1234.05  1206.53  1174.58  1144.74  1113.97  1082.93  1052.60  1020.27  
 988.01   955.54   924.03   891.57   857.44   827.53   797.71   766.01   734.31   702.57   
 671.28   640.73   609.80   579.71   549.17   518.45   487.34   456.65   425.05   393.75   
 362.39   330.06   296.05   253.12   204.78   155.35   103.64   53.79    13.64    1.64     
 0.66     0.57     0.52     0.49     0.44     0.46     0.44     0.41     0.41     0.41     
 0.41     0.41     0.41     0.41     0.41     0.41     0.41     0.41     0.41     0.41     
 0.41     0.41     0.41     0.41     0.41     0.41     0.41     0.41     0.41     0.41     
 0.41     0.41     0.41     0.41     0.41     0.41     0.41     0.41     0.41     0.41     
 0.41     0.41     0.41     0.41     0.41     0.41     0.41     0.41     0.41     0.41     
 0.41     0.41     0.41     0.43     0.38     0.41     0.38     0.38     0.38     0.38     
 0.38     0.38     0.38     0.38     0.38     0.38     0.46     0.46     0.46     0.57     
 0.60     0.73     0.71     0.73     0.76     0.76     0.79     0.79     0.79     0.79     
 0.79     0.79     0.79     0.79     0.79     0.79     0.79     0.79     0.79     0.79     
 0.95     
2043.91  2042.63  2040.12  2038.88  2033.59  2030.26  2025.92  2018.50  2014.11  2008.46  
 1999.73  1990.98  1983.65  1974.82  1965.64  1954.33  1944.37  1933.40  1919.62  1907.01  
 1894.06  1878.93  1865.72  1851.20  1836.53  1820.48  1803.50  1786.22  1768.40  1751.75  
 1730.84  1712.86  1693.43  1673.16  1652.18  1631.43  1610.07  1588.47  1566.79  1543.87  
 1519.64  1495.75  1472.44  1448.22  1423.56  1397.11  1372.62  1345.89  1320.25  1294.65  
 1266.14  1239.61  1212.90  1184.85  1157.11  1127.74  1099.99  1071.26  1043.11  1013.59  
 985.45   957.86   928.88   901.21   874.80   848.42   822.04   794.92   767.47   740.17   
 712.00   684.50   656.29   626.36   597.68   568.30   538.73   508.53   477.92   446.53   
 412.84   369.43   318.88   267.18   212.66   154.70   95.33    42.13    5.99     1.21     
 0.69     0.56     0.51     0.51     0.48     0.45     0.45     0.42     0.42     0.42     
 0.42     0.42     0.42     0.42     0.42     0.42     0.42     0.42     0.42     0.42     
 0.42     0.42     0.42     0.42     0.42     0.42     0.42     0.42     0.42     0.42     
 0.42     0.42     0.42     0.42     0.42     0.42     0.42     0.42     0.42     0.42     
 0.42     0.42     0.42     0.42     0.42     0.42     0.42     0.42     0.42     0.42     
 0.42     0.42     0.42     0.42     0.42     0.42     0.42     0.42     0.42     0.42     
 0.42     0.42     0.42     0.42     0.42     0.42     0.42     0.53     0.51     0.53     
 0.62     0.70     0.79     0.82     0.96     1.10     1.18     1.21     1.24     1.24     
 1.24     1.24     1.24     1.24     1.24     1.24     1.24     1.24     1.24     1.24     
 0.95     
2043.91  2045.05  2041.70  2040.16  2038.82  2034.21  2031.93  2026.38  2021.10  2016.55  
 2008.43  2003.53  1995.26  1987.86  1978.79  1969.07  1958.18  1947.35  1936.64  1923.76  
 1912.26  1898.02  1884.60  1870.33  1856.59  1839.91  1824.50  1807.89  1790.68  1772.31  
 1753.56  1736.85  1717.03  1696.91  1676.78  1656.65  1635.92  1614.06  1591.68  1569.23  
 1544.89  1520.20  1496.21  1470.64  1444.36  1419.35  1393.19  1367.03  1339.63  1312.43  
 1284.43  1255.83  1227.73  1199.97  1171.71  1143.17  1114.77  1086.04  1057.09  1028.18  
 999.64   970.65   942.72   914.89   887.00   859.43   832.64   804.86   777.53   749.67   
 721.24   692.56   663.83   634.18   604.92   575.51   545.34   515.14   484.68   453.26   
 415.93   367.84   317.80   265.48   211.00   152.81   93.46    40.66    5.00     1.25     
 0.70     0.56     0.56     0.56     0.56     0.56     0.56     0.56     0.56     0.56     
 0.59     0.59     0.62     0.65     0.67     0.70     0.76     0.79     0.82     0.79     
 0.79     0.79     0.79     0.79     0.79     0.79     0.79     0.79     0.79     0.79     
 0.79     0.79     0.79     0.79     0.82     0.82     0.84     0.84     0.84     0.84     
 0.84     0.84     0.84     0.84     0.84     0.84     0.84     0.84     0.84     0.90     
 0.90     0.90     0.90     0.90     0.90     0.90     0.90     0.93     0.93     0.96     
 0.96     0.96     0.96     0.96     0.98     0.98     0.98     0.98     0.98     1.07     
 1.10     1.18     1.18     1.21     1.24     1.26     1.26     1.26     1.26     1.26     
 1.26     1.26     1.26     1.26     1.26     1.26     1.26     1.26     1.26     1.26     
 0.95     
2043.91  2044.49  2042.39  2041.74  2040.24  2033.87  2032.34  2028.09  2023.49  2016.46  
 2012.54  2004.83  1997.88  1988.89  1979.42  1971.14  1961.09  1952.00  1941.05  1927.78  
 1915.83  1905.32  1890.47  1878.01  1864.09  1848.97  1833.31  1818.86  1802.04  1784.90  
 1768.00  1748.67  1730.78  1711.09  1690.79  1671.91  1650.21  1628.50  1606.79  1584.91  
 1562.25  1538.27  1514.43  1491.07  1464.57  1438.69  1413.15  1389.02  1360.25  1334.48  
 1306.09  1279.01  1250.74  1222.66  1193.66  1164.01  1135.14  1105.71  1076.09  1046.69  
 1016.43  986.52   957.18   927.21   897.90   868.96   840.44   811.36   783.01   754.37   
 725.35   697.10   667.65   637.49   607.13   576.05   545.10   513.84   482.74   451.43   
 417.85   378.98   329.54   277.08   223.89   166.65   107.90   53.32    11.46    1.57     
 0.71     0.55     0.55     0.55     0.55     0.55     0.55     0.55     0.55     0.55     
 0.55     0.58     0.63     0.63     0.66     0.69     0.69     0.72     0.74     0.74     
 0.77     0.77     0.77     0.80     0.85     0.83     0.83     0.83     0.83     0.83     
 0.83     0.83     0.83     0.83     0.88     0.85     0.85     0.85     0.85     0.85     
 0.85     0.85     0.85     0.85     0.85     0.85     0.85     0.85     0.85     0.85     
 0.88     0.88     0.88     0.88     0.88     0.88     0.88     0.88     0.88     0.88     
 0.88     0.91     0.94     0.94     0.96     0.96     0.99     0.99     1.05     1.07     
 1.10     1.18     1.18     1.21     1.21     1.24     1.24     1.24     1.24     1.21     
 1.21     1.21     1.21     1.21     1.21     1.21     1.21     1.21     1.21     1.21     
 0.95     
2043.91  2046.67  2044.40  2042.93  2041.41  2038.24  2034.50  2029.81  2026.57  2021.57  
 2016.31  2009.62  2003.35  1995.30  1987.01  1981.50  1969.85  1961.11  1950.34  1939.34  
 1927.77  1915.04  1902.57  1890.04  1875.22  1859.88  1845.45  1830.85  1813.06  1796.36  
 1780.21  1759.94  1742.75  1721.89  1700.39  1681.46  1658.81  1636.44  1614.82  1591.10  
 1567.38  1543.65  1519.12  1492.94  1466.60  1438.75  1412.29  1384.08  1354.96  1326.20  
 1297.47  1266.88  1237.21  1206.26  1175.73  1143.86  1112.52  1079.43  1047.98  1015.65  
 982.18   949.78   916.37   883.36   850.01   816.85   783.76   750.12   716.97   684.57   
 652.38   620.31   589.28   558.58   528.15   497.93   467.93   437.09   406.95   376.46   
 346.16   315.83   284.13   250.40   207.50   161.76   115.11   66.78    25.21    2.73     
 0.66     0.53     0.53     0.53     0.53     0.53     0.53     0.53     0.58     0.61     
 0.61     0.61     0.63     0.63     0.69     0.71     0.74     0.74     0.74     0.74     
 0.74     0.74     0.74     0.74     0.74     0.74     0.74     0.74     0.74     0.71     
 0.71     0.69     0.69     0.69     0.66     0.66     0.63     0.58     0.55     0.55     
 0.55     0.55     0.55     0.55     0.55     0.55     0.55     0.55     0.55     0.55     
 0.55     0.55     0.55     0.55     0.55     0.55     0.55     0.61     0.58     0.58     
 0.63     0.63     0.63     0.66     0.69     0.69     0.71     0.74     0.77     0.79     
 0.84     0.90     0.92     0.98     1.00     1.06     1.08     1.13     1.19     1.16     
 1.16     1.16     1.16     1.16     1.19     1.13     1.13     1.13     1.11     1.13     
 0.95     
2043.91  2044.46  2043.04  2042.12  2039.10  2037.03  2033.12  2028.55  2023.18  2018.00  
 2011.17  2005.54  1997.25  1988.04  1978.26  1967.17  1956.62  1946.20  1934.80  1922.34  
 1910.43  1894.94  1880.67  1866.03  1849.97  1833.81  1815.31  1799.96  1780.17  1761.67  
 1741.86  1722.06  1701.78  1678.61  1657.34  1634.99  1613.24  1589.49  1566.05  1541.21  
 1516.37  1491.52  1465.92  1439.54  1412.50  1384.81  1357.31  1329.82  1300.65  1271.87  
 1242.05  1211.75  1181.54  1151.16  1119.80  1088.31  1057.07  1023.72  991.15   958.90   
 925.04   891.60   858.27   823.12   789.24   754.86   719.55   684.82   650.09   615.44   
 579.99   545.31   510.37   476.07   441.94   408.50   374.49   342.37   310.69   279.64   
 249.78   221.01   193.83   167.77   143.02   118.83   93.28    64.29    34.26    10.27    
 0.97     0.56     0.56     0.56     0.59     0.61     0.61     0.64     0.69     0.74     
 0.82     0.84     0.87     0.97     1.05     1.18     1.25     1.35     1.33     1.33     
 1.35     1.30     1.30     1.25     1.20     1.17     1.10     1.07     0.77     0.71     
 0.63     0.43     0.36     0.31     0.25     0.20     0.20     0.20     0.20     0.23     
 0.23     0.26     0.31     0.31     0.33     0.31     0.33     0.36     0.38     0.38     
 0.41     0.44     0.46     0.46     0.49     0.51     0.54     0.56     0.59     0.59     
 0.59     0.61     0.61     0.61     0.66     0.69     0.66     0.69     0.72     0.72     
 0.74     0.74     0.74     0.74     0.74     0.74     0.74     0.74     0.74     0.74     
 0.74     0.74     0.74     0.74     0.74     0.74     0.74     0.74     0.74     0.74     
 0.95     
2043.91  2043.65  2044.16  2042.76  2038.77  2035.41  2031.49  2028.04  2023.23  2017.55  
 2011.85  2003.96  1996.96  1987.23  1978.61  1968.25  1958.53  1946.66  1934.87  1923.29  
 1909.05  1896.09  1881.83  1865.97  1849.04  1833.30  1817.26  1799.55  1781.36  1762.62  
 1742.71  1721.03  1701.30  1681.04  1659.32  1635.97  1614.13  1590.48  1566.53  1541.89  
 1517.24  1492.60  1466.52  1439.45  1412.50  1385.15  1356.76  1328.07  1299.32  1269.26  
 1240.21  1209.45  1178.75  1147.48  1116.55  1083.73  1051.48  1019.04  984.93   951.60   
 917.81   884.68   849.46   815.01   779.70   744.94   708.79   672.72   636.81   601.03   
 564.64   528.18   492.37   455.72   420.16   384.72   349.08   314.04   279.53   246.01   
 212.81   181.81   151.84   123.26   97.35    73.58    52.92    35.47    21.15    9.76     
 1.16     0.61     0.64     0.72     0.82     0.97     1.10     1.28     1.44     1.61     
 1.82     1.98     2.20     2.35     2.53     2.64     2.74     2.74     2.74     2.74     
 2.66     2.51     2.46     2.38     2.30     2.25     2.10     1.97     1.89     1.61     
 1.58     1.23     1.04     0.79     0.61     0.41     0.41     0.41     0.38     0.38     
 0.38     0.38     0.38     0.41     0.43     0.41     0.41     0.41     0.44     0.49     
 0.46     0.51     0.54     0.54     0.56     0.59     0.59     0.61     0.61     0.64     
 0.67     0.69     0.72     0.72     0.74     0.77     0.77     0.79     0.84     0.87     
 0.87     0.95     0.95     0.97     1.00     1.02     1.02     1.02     1.02     1.02     
 1.02     1.02     1.02     1.02     1.02     1.02     1.02     1.02     1.00     1.00     
 0.95     
2043.91  2043.35  2043.93  2044.77  2040.74  2039.25  2036.98  2033.79  2028.60  2024.00  
 2019.66  2013.88  2007.37  2001.64  1993.74  1985.03  1976.90  1966.91  1958.18  1946.85  
 1935.12  1922.69  1910.55  1896.83  1881.52  1867.50  1852.55  1836.07  1818.23  1801.73  
 1782.92  1763.72  1743.11  1722.88  1701.82  1679.84  1657.79  1635.58  1611.18  1587.31  
 1562.18  1537.05  1511.88  1484.96  1458.11  1430.23  1401.67  1372.53  1343.84  1313.91  
 1283.79  1254.03  1222.30  1191.32  1159.70  1127.92  1096.24  1062.84  1029.68  996.44   
 962.42   928.49   894.14   858.95   824.34   789.12   753.55   717.72   682.61   647.30   
 611.38   576.23   541.08   505.93   471.61   437.57   404.21   371.23   339.59   308.77   
 278.29   249.34   220.99   193.39   165.39   136.06   103.49   66.59    31.95    6.68     
 0.65     0.68     0.65     0.65     0.68     0.73     0.78     0.86     0.91     0.96     
 1.04     1.09     1.20     1.25     1.25     1.25     1.25     1.25     1.25     1.25     
 1.25     1.25     1.27     1.22     1.22     1.17     1.12     1.12     1.01     0.91     
 0.75     0.67     0.49     0.34     0.31     0.21     0.21     0.21     0.21     0.21     
 0.23     0.23     0.23     0.23     0.23     0.23     0.23     0.26     0.26     0.26     
 0.29     0.29     0.34     0.34     0.39     0.39     0.44     0.44     0.44     0.49     
 0.49     0.55     0.57     0.60     0.62     0.65     0.68     0.70     0.73     0.78     
 0.78     0.83     0.86     0.91     0.94     0.91     0.96     0.99     0.96     0.96     
 0.96     0.96     0.96     0.96     0.96     0.96     0.96     0.96     0.96     0.96     
 0.95     
2043.91  2043.94  2045.11  2043.60  2042.37  2040.60  2038.75  2036.70  2032.80  2027.68  
 2023.76  2019.24  2011.57  2004.48  1998.55  1990.33  1981.85  1973.17  1964.63  1954.23  
 1943.59  1931.69  1919.89  1907.05  1894.01  1879.95  1866.90  1851.93  1836.60  1819.93  
 1803.63  1786.25  1768.34  1750.08  1728.86  1710.22  1690.77  1669.73  1651.03  1627.82  
 1604.62  1581.41  1558.27  1532.82  1506.98  1481.85  1455.59  1428.28  1400.50  1372.39  
 1344.02  1314.40  1284.51  1254.39  1224.12  1192.38  1161.02  1129.23  1097.64  1065.08  
 1031.63  998.13   965.38   931.54   897.67   864.22   830.70   797.23   763.74   730.92   
 698.14   665.74   633.79   601.82   569.60   537.45   505.12   472.30   440.06   407.25   
 373.96   340.50   304.13   257.20   207.39   156.34   103.33   54.00    15.29    1.62     
 0.60     0.57     0.57     0.57     0.57     0.57     0.57     0.60     0.62     0.60     
 0.63     0.65     0.68     0.73     0.73     0.76     0.82     0.87     0.92     0.90     
 0.90     0.90     0.90     0.90     0.90     0.90     0.90     0.84     0.79     0.76     
 0.76     0.76     0.76     0.76     0.76     0.76     0.76     0.76     0.76     0.76     
 0.76     0.76     0.79     0.73     0.70     0.57     0.52     0.46     0.46     0.43     
 0.43     0.43     0.43     0.43     0.43     0.43     0.43     0.43     0.43     0.43     
 0.43     0.43     0.43     0.44     0.46     0.49     0.46     0.52     0.52     0.54     
 0.57     0.60     0.63     0.65     0.73     0.76     0.84     0.84     0.90     0.95     
 0.95     0.95     0.98     0.98     0.98     0.98     0.98     0.98     0.98     0.98     
 0.95     
2043.91  2046.32  2045.38  2044.76  2042.59  2042.80  2039.15  2036.31  2031.05  2027.87  
 2022.00  2018.14  2009.56  2002.77  1995.78  1987.27  1977.87  1968.56  1958.56  1948.41  
 1936.72  1925.09  1911.04  1898.94  1885.04  1871.05  1855.19  1840.79  1823.90  1806.76  
 1791.31  1772.45  1753.23  1734.34  1714.24  1693.95  1673.66  1653.36  1631.95  1609.38  
 1586.34  1562.67  1539.49  1514.45  1489.22  1463.44  1438.07  1411.76  1383.63  1357.37  
 1329.91  1301.95  1273.43  1244.89  1215.54  1186.77  1157.45  1127.70  1097.69  1067.51  
 1036.72  1006.53  976.96   946.31   916.64   886.49   857.08   827.99   798.35   767.98   
 737.23   706.02   674.46   642.77   610.97   578.92   546.78   513.87   481.26   448.14   
 406.03   358.13   306.76   253.16   197.55   140.64   84.89    35.41    3.54     1.06     
 0.56     0.56     0.53     0.53     0.53     0.53     0.53     0.54     0.56     0.56     
 0.56     0.56     0.62     0.62     0.65     0.68     0.68     0.73     0.79     0.79     
 0.82     0.82     0.82     0.82     0.82     0.82     0.82     0.82     0.82     0.82     
 0.82     0.82     0.82     0.82     0.82     0.82     0.79     0.79     0.79     0.79     
 0.79     0.79     0.76     0.76     0.79     0.73     0.76     0.73     0.73     0.73     
 0.73     0.73     0.73     0.73     0.73     0.73     0.73     0.73     0.73     0.73     
 0.73     0.73     0.73     0.73     0.73     0.73     0.73     0.73     0.73     0.73     
 0.73     0.73     0.73     0.76     0.79     0.79     0.82     0.82     0.82     0.82     
 0.82     0.82     0.82     0.82     0.82     0.82     0.82     0.82     0.82     0.82     
 0.95     
2043.91  2044.81  2042.98  2042.04  2039.90  2038.95  2035.85  2030.88  2025.29  2020.76  
 2014.79  2008.01  2000.71  1992.12  1983.66  1974.71  1964.36  1953.64  1942.47  1930.66  
 1917.18  1906.03  1891.66  1876.11  1862.20  1847.32  1830.20  1814.17  1797.28  1778.46  
 1762.16  1743.59  1723.14  1704.69  1683.20  1663.74  1642.58  1620.02  1598.15  1576.25  
 1553.72  1530.04  1506.03  1482.07  1457.89  1432.49  1407.44  1381.17  1355.35  1329.48  
 1301.10  1275.14  1247.78  1220.15  1191.23  1163.37  1134.37  1106.34  1077.57  1048.08  
 1019.36  991.27   963.26   933.73   905.84   878.83   851.83   824.83   796.11   766.07   
 735.81   705.81   674.74   643.06   611.70   580.06   548.61   516.66   483.63   444.58   
 395.92   345.19   291.06   236.49   179.19   120.99   66.99    20.95    2.12     0.96     
 0.60     0.53     0.53     0.45     0.45     0.42     0.42     0.42     0.39     0.37     
 0.37     0.37     0.37     0.37     0.37     0.37     0.37     0.37     0.37     0.37     
 0.37     0.37     0.37     0.37     0.37     0.37     0.37     0.37     0.37     0.37     
 0.37     0.37     0.37     0.37     0.37     0.37     0.37     0.37     0.39     0.42     
 0.48     0.51     0.51     0.51     0.51     0.51     0.51     0.51     0.51     0.51     
 0.51     0.51     0.51     0.51     0.51     0.51     0.51     0.51     0.51     0.51     
 0.51     0.51     0.51     0.51     0.51     0.51     0.51     0.51     0.51     0.51     
 0.51     0.62     0.75     0.79     0.92     0.98     1.18     1.21     1.21     1.26     
 1.24     1.24     1.24     1.24     1.24     1.24     1.24     1.24     1.24     1.24     
 0.95     
2043.91  2044.79  2041.55  2041.48  2038.83  2037.23  2033.59  2030.90  2024.53  2018.99  
 2014.22  2007.77  1999.70  1992.09  1983.46  1972.58  1964.63  1952.72  1942.23  1930.90  
 1918.38  1906.55  1891.92  1878.54  1863.77  1849.03  1832.42  1816.10  1799.46  1783.08  
 1763.35  1745.77  1726.32  1706.79  1686.17  1664.24  1644.09  1620.92  1600.14  1576.88  
 1555.49  1530.96  1506.83  1481.64  1456.31  1431.32  1404.77  1379.29  1351.89  1325.57  
 1296.87  1270.03  1242.59  1214.09  1185.67  1155.44  1126.78  1096.75  1066.95  1036.67  
 1006.15  976.10   946.19   915.60   884.87   856.65   828.48   800.30   770.86   740.65   
 709.62   679.25   647.76   615.93   584.56   552.47   521.23   488.61   455.97   423.08   
 383.29   335.82   285.01   232.95   178.67   123.90   71.27    26.24    2.80     0.95     
 0.64     0.58     0.52     0.50     0.42     0.44     0.41     0.39     0.39     0.39     
 0.39     0.39     0.39     0.39     0.39     0.39     0.39     0.39     0.39     0.39     
 0.39     0.39     0.39     0.39     0.39     0.39     0.39     0.39     0.39     0.39     
 0.39     0.39     0.39     0.39     0.39     0.39     0.39     0.39     0.39     0.39     
 0.39     0.39     0.39     0.39     0.39     0.39     0.39     0.39     0.39     0.39     
 0.39     0.39     0.39     0.39     0.39     0.39     0.39     0.39     0.39     0.39     
 0.39     0.39     0.39     0.39     0.39     0.39     0.39     0.39     0.39     0.39     
 0.39     0.41     0.39     0.55     0.69     0.74     0.74     0.77     0.80     0.77     
 0.83     0.91     0.88     0.91     0.94     0.94     0.99     1.02     1.05     1.13     
 0.95     
2043.91  2044.68  2043.85  2041.80  2040.08  2038.89  2034.03  2030.78  2025.88  2020.82  
 2015.14  2009.60  2003.13  1994.30  1986.81  1978.18  1968.32  1958.92  1948.87  1937.39  
 1926.24  1913.05  1900.12  1887.02  1873.37  1857.32  1842.11  1826.22  1808.71  1792.00  
 1774.06  1756.58  1737.58  1717.41  1696.89  1677.14  1655.39  1632.23  1610.41  1586.92  
 1564.23  1539.61  1515.21  1490.35  1463.51  1438.22  1410.43  1383.56  1355.83  1328.60  
 1299.86  1269.48  1240.20  1210.59  1180.72  1148.65  1117.16  1085.93  1053.99  1021.05  
 989.24   957.24   923.82   890.73   857.17   825.33   793.51   761.68   728.03   695.20   
 662.66   630.57   598.65   567.15   536.24   504.07   472.28   440.65   408.79   377.06   
 344.62   312.08   277.20   233.14   185.96   137.35   88.03    42.69    8.47     1.15     
 0.61     0.55     0.48     0.42     0.42     0.40     0.37     0.37     0.37     0.37     
 0.37     0.37     0.37     0.37     0.37     0.37     0.37     0.37     0.37     0.37     
 0.37     0.37     0.37     0.37     0.37     0.37     0.37     0.37     0.37     0.37     
 0.37     0.37     0.37     0.37     0.37     0.37     0.37     0.37     0.37     0.37     
 0.37     0.40     0.34     0.32     0.29     0.24     0.24     0.24     0.21     0.21     
 0.21     0.21     0.21     0.21     0.21     0.19     0.18     0.18     0.18     0.18     
 0.18     0.26     0.29     0.29     0.29     0.29     0.29     0.29     0.32     0.34     
 0.32     0.32     0.34     0.37     0.37     0.45     0.45     0.58     0.63     0.68     
 0.69     0.74     0.71     0.74     0.74     0.74     0.74     0.76     0.79     0.77     
 0.95     
2043.91  2045.81  2043.35  2042.51  2039.40  2035.85  2033.48  2031.27  2024.11  2019.44  
 2012.38  2005.03  1997.52  1988.68  1978.92  1968.63  1959.35  1949.42  1936.20  1923.71  
 1910.60  1896.06  1881.56  1867.77  1851.10  1835.35  1817.27  1799.92  1781.11  1762.72  
 1741.75  1722.27  1701.85  1680.09  1658.78  1636.29  1613.94  1589.28  1565.51  1540.58  
 1515.53  1490.65  1464.36  1438.20  1410.35  1382.34  1355.30  1325.89  1297.50  1268.51  
 1238.37  1208.13  1177.34  1146.89  1115.93  1084.46  1051.54  1019.87  987.43   954.24   
 920.22   886.82   852.34   819.11   785.64   752.17   718.69   683.83   648.87   614.39   
 579.57   544.81   509.90   475.78   441.83   408.19   374.90   342.51   310.48   279.45   
 249.59   220.98   193.59   167.25   141.11   113.75   84.24    51.60    21.45    2.89     
 0.62     0.51     0.49     0.49     0.49     0.49     0.49     0.49     0.56     0.66     
 0.66     0.71     0.69     0.69     0.69     0.69     0.69     0.69     0.69     0.69     
 0.69     0.69     0.69     0.72     0.64     0.54     0.44     0.31     0.23     0.21     
 0.18     0.18     0.18     0.18     0.18     0.18     0.18     0.18     0.18     0.18     
 0.18     0.18     0.18     0.18     0.18     0.18     0.18     0.18     0.18     0.18     
 0.18     0.18     0.18     0.18     0.23     0.31     0.28     0.28     0.28     0.28     
 0.28     0.31     0.33     0.36     0.41     0.43     0.48     0.49     0.54     0.66     
 0.69     0.66     0.71     0.69     0.69     0.72     0.72     0.74     0.77     0.84     
 0.87     0.87     0.87     0.89     0.89     0.97     1.00     0.97     1.02     1.00     
 0.95     
2043.91  2043.37  2041.71  2039.41  2037.18  2034.90  2029.02  2024.76  2020.03  2012.29  
 2005.65  1998.84  1991.16  1981.24  1971.71  1961.60  1950.28  1938.05  1925.06  1911.60  
 1898.81  1884.17  1868.32  1852.91  1836.06  1819.80  1802.31  1784.41  1765.67  1746.69  
 1725.60  1705.14  1684.58  1663.73  1642.22  1617.81  1594.33  1570.96  1547.80  1523.20  
 1496.61  1470.34  1444.27  1418.07  1390.27  1363.12  1335.50  1306.34  1277.12  1248.33  
 1217.53  1187.04  1156.71  1125.34  1093.57  1061.29  1028.92  996.03   963.45   929.83   
 895.76   862.04   827.30   793.48   759.68   725.88   690.54   654.91   619.29   583.23   
 547.14   511.57   475.39   439.57   404.48   369.06   334.27   299.46   265.70   232.36   
 200.55   170.12   140.75   113.55   88.31    65.68    45.96    29.32    15.93    5.20     
 0.78     0.74     0.87     1.23     1.62     1.91     2.19     2.33     2.48     2.68     
 2.71     2.76     2.74     2.74     2.59     2.44     2.33     2.23     2.13     2.02     
 1.92     1.82     1.79     1.72     1.56     1.41     1.23     1.08     0.87     0.59     
 0.39     0.38     0.36     0.36     0.36     0.36     0.36     0.36     0.36     0.36     
 0.36     0.36     0.36     0.36     0.36     0.36     0.36     0.36     0.36     0.36     
 0.36     0.36     0.36     0.36     0.36     0.38     0.41     0.43     0.46     0.49     
 0.54     0.56     0.64     0.64     0.71     0.69     0.69     0.69     0.69     0.72     
 0.69     0.74     0.77     0.77     0.82     0.84     0.84     0.84     0.90     0.87     
 0.90     0.90     0.90     0.92     0.92     0.95     0.95     0.95     0.95     0.95     
 0.95     
