IESNA:LM-63-2002
[TEST] JDE231002-A
[TESTLAB] Ningbo TengLi Testing Co., Ltd
[TESTDATE] 17 November 2023
[ISSUEDATE] 2023-11-21
[NEARFIELD] 
[LAMPPOSITION] 0,0
[OTHER] EVERFINE GO-R5000_V2 SYSTEM
[MANUFAC] Torshare Ltd.
[LUMCAT]  TAA24-7G-50W-P-TCP(0%,3500K)
[LUMINAIRE] 2x4 Luminaires for Ambient Lighting of Interior Commercial Spaces
[OTHER] Input Voltage=277.0 PF=0.9722 THD=13.24
[OTHER] Gamma(deg)    Fz(lm)      Ft(lm)     %Lum    %Lamp
[OTHER]   0- 10       190.74      190.74     3.11     3.11
[OTHER]  10- 20       548.64      739.38    12.04    12.04
[OTHER]  20- 30       838.47     1577.85    25.70    25.70
[OTHER]  30- 40      1023.21     2601.06    42.37    42.37
[OTHER]  40- 50      1078.25     3679.30    59.94    59.94
[OTHER]  50- 60       996.25     4675.55    76.17    76.17
[OTHER]  60- 70       795.59     5471.14    89.13    89.13
[OTHER]  70- 80       514.00     5985.15    97.50    97.50
[OTHER]  80- 90       149.36     6134.51    99.93    99.93
[OTHER]  90-100         0.69     6135.20    99.94    99.94
[OTHER] 100-110         0.91     6136.11    99.96    99.96
[OTHER] 110-120         0.77     6136.88    99.97    99.97
[OTHER] 120-130         0.43     6137.31    99.98    99.98
[OTHER] 130-140         0.35     6137.66    99.99    99.99
[OTHER] 140-150         0.31     6137.97    99.99    99.99
[OTHER] 150-160         0.28     6138.24    99.99    99.99
[OTHER] 160-170         0.24     6138.48   100.00   100.00
[OTHER] 170-180         0.09     6138.57   100.00   100.00
[OTHER] 
TILT=NONE
1 -1 1 181 17 1 2 0.580 1.185 0.000
1.000 1 46.7
0.0    1.0    2.0    3.0    4.0    5.0    6.0    7.0    8.0    9.0    
 10.0   11.0   12.0   13.0   14.0   15.0   16.0   17.0   18.0   19.0   
 20.0   21.0   22.0   23.0   24.0   25.0   26.0   27.0   28.0   29.0   
 30.0   31.0   32.0   33.0   34.0   35.0   36.0   37.0   38.0   39.0   
 40.0   41.0   42.0   43.0   44.0   45.0   46.0   47.0   48.0   49.0   
 50.0   51.0   52.0   53.0   54.0   55.0   56.0   57.0   58.0   59.0   
 60.0   61.0   62.0   63.0   64.0   65.0   66.0   67.0   68.0   69.0   
 70.0   71.0   72.0   73.0   74.0   75.0   76.0   77.0   78.0   79.0   
 80.0   81.0   82.0   83.0   84.0   85.0   86.0   87.0   88.0   89.0   
 90.0   91.0   92.0   93.0   94.0   95.0   96.0   97.0   98.0   99.0   
 100.0  101.0  102.0  103.0  104.0  105.0  106.0  107.0  108.0  109.0  
 110.0  111.0  112.0  113.0  114.0  115.0  116.0  117.0  118.0  119.0  
 120.0  121.0  122.0  123.0  124.0  125.0  126.0  127.0  128.0  129.0  
 130.0  131.0  132.0  133.0  134.0  135.0  136.0  137.0  138.0  139.0  
 140.0  141.0  142.0  143.0  144.0  145.0  146.0  147.0  148.0  149.0  
 150.0  151.0  152.0  153.0  154.0  155.0  156.0  157.0  158.0  159.0  
 160.0  161.0  162.0  163.0  164.0  165.0  166.0  167.0  168.0  169.0  
 170.0  171.0  172.0  173.0  174.0  175.0  176.0  177.0  178.0  179.0  
 180.0  
0.0    22.5   45.0   67.5   90.0   112.5  135.0  157.5  180.0  202.5  
 225.0  247.5  270.0  292.5  315.0  337.5  360.0  
2013.60  2015.78  2015.03  2009.76  2007.42  2005.77  2000.11  1996.79  1990.43  1984.13  
 1977.63  1970.55  1962.56  1953.73  1944.03  1934.34  1920.66  1910.87  1898.13  1885.30  
 1873.31  1857.99  1843.26  1827.00  1812.01  1793.83  1777.44  1759.03  1740.03  1720.75  
 1702.86  1681.01  1661.03  1640.07  1619.10  1595.35  1572.31  1548.92  1525.26  1501.47  
 1476.21  1451.46  1425.52  1398.34  1372.25  1344.03  1316.59  1288.65  1260.08  1230.17  
 1200.80  1171.15  1141.30  1110.32  1078.68  1047.66  1015.67  982.68   949.95   917.17   
 883.52   850.51   815.76   782.40   749.04   715.68   680.45   645.61   610.19   575.19   
 539.82   504.42   468.67   433.27   398.62   363.66   329.25   295.31   261.57   229.28   
 197.62   167.59   139.02   111.74   87.16    64.62    45.24    28.96    15.67    5.13     
 0.83     0.71     0.86     1.19     1.57     1.90     2.11     2.29     2.44     2.57     
 2.67     2.72     2.73     2.73     2.55     2.40     2.27     2.22     2.09     1.99     
 1.91     1.81     1.76     1.66     1.51     1.40     1.22     1.05     0.87     0.59     
 0.38     0.33     0.33     0.33     0.33     0.33     0.33     0.33     0.33     0.33     
 0.33     0.33     0.33     0.33     0.36     0.36     0.36     0.36     0.36     0.36     
 0.36     0.36     0.36     0.36     0.38     0.41     0.41     0.41     0.43     0.46     
 0.48     0.53     0.58     0.66     0.64     0.69     0.71     0.69     0.69     0.69     
 0.71     0.71     0.76     0.76     0.76     0.81     0.82     0.87     0.84     0.89     
 0.89     0.89     0.89     0.89     0.89     0.89     0.89     0.89     0.89     0.89     
 0.89     
2013.60  2013.59  2011.92  2010.47  2007.38  2003.34  1999.90  1994.90  1992.49  1985.33  
 1979.15  1972.52  1965.51  1958.05  1949.03  1940.53  1929.69  1921.83  1909.24  1898.54  
 1885.90  1872.52  1859.33  1845.07  1831.68  1816.47  1799.98  1783.29  1764.48  1747.91  
 1728.74  1709.12  1689.11  1668.26  1646.55  1624.51  1602.70  1579.10  1555.09  1531.19  
 1506.15  1480.57  1454.36  1428.34  1400.50  1373.12  1345.10  1316.44  1288.60  1258.73  
 1228.96  1199.44  1169.36  1137.72  1106.06  1075.74  1044.27  1011.19  978.99   945.54   
 912.50   879.27   845.15   812.10   779.07   746.04   712.87   677.98   643.37   609.36   
 574.38   540.82   506.61   473.13   440.59   407.68   376.01   344.90   314.24   284.83   
 256.47   229.20   202.20   176.20   149.61   122.67   92.24    57.00    24.64    3.75     
 0.62     0.55     0.49     0.47     0.47     0.47     0.47     0.47     0.47     0.47     
 0.49     0.47     0.52     0.52     0.52     0.57     0.62     0.67     0.67     0.70     
 0.72     0.72     0.75     0.73     0.75     0.65     0.55     0.31     0.18     0.16     
 0.16     0.16     0.08     0.10     0.08     0.08     0.08     0.08     0.08     0.08     
 0.08     0.08     0.08     0.10     0.15     0.18     0.18     0.28     0.26     0.26     
 0.26     0.26     0.26     0.33     0.36     0.39     0.36     0.44     0.52     0.49     
 0.49     0.49     0.52     0.59     0.72     0.70     0.70     0.70     0.70     0.72     
 0.75     0.75     0.80     0.83     0.85     0.88     0.91     0.96     0.98     0.98     
 0.98     0.98     0.98     0.98     0.98     0.98     0.98     0.98     1.01     0.96     
 0.89     
2013.60  2012.45  2009.73  2007.38  2002.11  1999.92  1996.11  1991.34  1983.78  1979.94  
 1973.33  1966.96  1959.16  1950.16  1942.47  1930.14  1921.06  1910.57  1898.83  1887.06  
 1874.93  1863.22  1850.64  1836.89  1822.81  1808.18  1793.83  1777.05  1759.81  1743.69  
 1726.92  1709.76  1690.95  1672.64  1651.27  1632.07  1613.57  1591.37  1569.87  1546.61  
 1525.64  1501.72  1478.51  1454.86  1429.52  1404.41  1379.73  1352.75  1326.84  1298.75  
 1273.04  1244.25  1216.47  1186.68  1157.54  1128.09  1097.40  1067.44  1035.87  1004.53  
 972.91   942.32   910.37   877.29   846.58   815.92   785.27   754.50   723.13   692.12   
 661.01   630.73   600.73   570.56   541.13   510.36   480.00   449.58   418.49   387.69   
 356.57   325.16   291.89   249.54   201.85   152.93   102.42   52.55    13.66    1.49     
 0.67     0.57     0.51     0.46     0.46     0.41     0.41     0.43     0.38     0.38     
 0.38     0.38     0.38     0.38     0.38     0.38     0.38     0.40     0.41     0.41     
 0.41     0.41     0.41     0.41     0.41     0.41     0.41     0.41     0.41     0.41     
 0.41     0.41     0.41     0.41     0.41     0.41     0.41     0.41     0.41     0.41     
 0.41     0.41     0.41     0.41     0.41     0.41     0.41     0.41     0.41     0.41     
 0.41     0.41     0.41     0.43     0.38     0.41     0.38     0.38     0.38     0.38     
 0.38     0.38     0.38     0.38     0.38     0.38     0.41     0.43     0.49     0.51     
 0.65     0.70     0.70     0.70     0.70     0.73     0.76     0.78     0.76     0.76     
 0.76     0.76     0.76     0.76     0.76     0.76     0.76     0.76     0.76     0.76     
 0.89     
2013.60  2012.06  2012.35  2008.36  2005.00  2003.72  1997.28  1990.95  1984.30  1978.22  
 1972.31  1962.78  1957.07  1946.47  1937.57  1925.36  1915.50  1905.48  1893.29  1878.74  
 1868.02  1852.77  1838.20  1823.35  1809.77  1793.32  1776.90  1761.57  1742.94  1727.67  
 1707.16  1688.56  1669.05  1649.84  1630.12  1608.91  1587.42  1565.19  1544.92  1521.58  
 1498.64  1474.93  1450.90  1427.69  1402.58  1377.10  1352.07  1326.47  1301.32  1275.49  
 1248.03  1221.61  1194.55  1167.30  1138.66  1110.45  1084.27  1056.07  1027.34  998.91   
 971.31   943.20   915.69   887.20   861.32   835.47   809.78   783.36   755.70   729.29   
 701.44   674.78   646.20   617.98   589.13   560.00   530.85   501.43   470.91   440.53   
 407.00   363.31   314.28   262.69   209.94   152.61   94.23    41.91    5.42     1.24     
 0.68     0.59     0.53     0.50     0.45     0.45     0.39     0.39     0.39     0.39     
 0.39     0.39     0.39     0.39     0.39     0.39     0.39     0.39     0.39     0.39     
 0.39     0.39     0.39     0.39     0.39     0.39     0.39     0.39     0.39     0.39     
 0.39     0.39     0.39     0.39     0.39     0.39     0.39     0.39     0.39     0.39     
 0.39     0.39     0.39     0.39     0.39     0.39     0.39     0.39     0.39     0.39     
 0.39     0.39     0.39     0.39     0.39     0.39     0.39     0.39     0.39     0.39     
 0.39     0.39     0.39     0.39     0.39     0.42     0.48     0.48     0.48     0.53     
 0.56     0.70     0.73     0.81     0.92     1.03     1.12     1.17     1.18     1.18     
 1.18     1.18     1.18     1.18     1.18     1.18     1.18     1.18     1.23     1.23     
 0.89     
2013.60  2013.57  2011.13  2009.80  2006.49  2005.20  2000.26  1996.24  1990.06  1984.45  
 1978.66  1972.89  1962.85  1956.11  1947.35  1937.72  1928.72  1918.28  1906.16  1894.37  
 1881.02  1869.04  1854.25  1840.37  1827.12  1809.62  1795.04  1779.05  1761.64  1745.39  
 1727.72  1709.92  1691.79  1671.60  1651.41  1631.22  1609.68  1589.10  1566.36  1543.57  
 1520.44  1496.67  1472.00  1448.54  1423.35  1397.18  1371.28  1345.60  1318.40  1291.60  
 1264.64  1236.39  1208.80  1181.42  1153.35  1124.81  1096.43  1068.31  1039.86  1011.76  
 984.09   955.67   928.63   900.64   873.19   846.46   819.33   792.21   765.49   737.92   
 710.53   681.88   652.92   624.16   595.36   565.93   537.10   506.85   477.00   446.05   
 409.12   362.58   312.86   261.58   207.67   150.37   92.36    39.81    5.30     1.22     
 0.70     0.56     0.53     0.53     0.53     0.53     0.53     0.53     0.53     0.56     
 0.56     0.59     0.59     0.64     0.67     0.73     0.75     0.73     0.76     0.81     
 0.81     0.81     0.81     0.81     0.81     0.81     0.81     0.81     0.81     0.81     
 0.81     0.81     0.81     0.84     0.84     0.89     0.89     0.89     0.89     0.89     
 0.89     0.89     0.89     0.89     0.89     0.90     0.92     0.95     0.98     0.95     
 0.95     0.95     0.95     0.95     0.95     0.95     0.95     0.95     0.95     0.95     
 0.95     0.95     0.95     0.95     0.95     0.95     0.98     1.01     1.04     1.06     
 1.09     1.15     1.15     1.18     1.23     1.29     1.31     1.31     1.31     1.31     
 1.31     1.31     1.31     1.31     1.31     1.31     1.31     1.31     1.31     1.31     
 0.89     
2013.60  2013.90  2012.93  2010.24  2007.50  2005.33  2001.15  1999.25  1992.90  1988.14  
 1981.65  1973.90  1967.01  1958.37  1950.47  1942.78  1933.09  1921.02  1909.99  1899.75  
 1888.06  1875.30  1861.95  1849.27  1834.98  1819.90  1805.18  1789.98  1774.92  1757.86  
 1739.03  1722.17  1703.75  1684.77  1665.39  1645.41  1625.43  1605.42  1583.97  1560.92  
 1539.16  1515.26  1491.68  1467.61  1442.57  1418.30  1392.85  1366.61  1340.79  1313.88  
 1286.44  1259.85  1231.50  1203.89  1174.88  1147.29  1118.29  1089.09  1059.89  1030.16  
 1001.16  971.74   942.56   913.55   884.84   856.22   827.36   798.97   770.86   742.61   
 714.76   686.05   657.46   627.48   597.95   567.64   536.68   506.00   475.40   444.08   
 411.64   373.13   324.35   272.70   220.30   164.50   105.99   52.77    11.02    1.56     
 0.66     0.52     0.52     0.52     0.52     0.52     0.52     0.52     0.52     0.55     
 0.55     0.55     0.60     0.60     0.63     0.69     0.66     0.69     0.69     0.77     
 0.74     0.79     0.80     0.82     0.79     0.79     0.79     0.79     0.79     0.79     
 0.79     0.80     0.82     0.85     0.82     0.82     0.82     0.82     0.82     0.82     
 0.82     0.82     0.82     0.82     0.82     0.82     0.82     0.82     0.85     0.85     
 0.85     0.85     0.85     0.88     0.88     0.88     0.90     0.90     0.90     0.90     
 0.90     0.90     0.90     0.90     0.96     0.96     0.96     1.01     1.04     1.07     
 1.07     1.12     1.12     1.18     1.23     1.26     1.26     1.26     1.23     1.23     
 1.23     1.23     1.21     1.21     1.21     1.21     1.21     1.21     1.21     1.21     
 0.89     
2013.60  2014.43  2012.44  2012.42  2010.60  2006.63  2004.78  1998.21  1996.29  1988.37  
 1984.82  1977.89  1971.46  1965.44  1958.08  1948.65  1939.56  1930.23  1919.46  1909.80  
 1897.66  1884.50  1873.06  1860.94  1846.65  1831.95  1818.37  1802.89  1787.43  1769.94  
 1751.25  1733.68  1716.33  1696.70  1676.81  1655.63  1635.61  1612.46  1592.71  1568.90  
 1545.09  1521.23  1495.62  1470.31  1444.12  1417.71  1390.53  1363.52  1335.35  1306.41  
 1278.08  1248.11  1218.57  1188.80  1157.97  1126.47  1095.58  1063.47  1031.82  1000.01  
 967.86   935.08   902.50   869.54   836.53   804.76   771.66   738.63   706.20   674.47   
 642.48   610.71   580.63   549.80   519.86   489.95   460.33   430.62   400.92   370.87   
 340.66   310.78   280.09   246.25   204.44   159.25   112.93   65.52    24.55    2.70     
 0.68     0.52     0.52     0.52     0.52     0.52     0.52     0.52     0.55     0.60     
 0.58     0.60     0.58     0.66     0.66     0.71     0.71     0.73     0.76     0.73     
 0.73     0.73     0.73     0.71     0.71     0.71     0.71     0.71     0.71     0.71     
 0.68     0.71     0.71     0.66     0.63     0.66     0.63     0.52     0.52     0.52     
 0.52     0.52     0.52     0.52     0.52     0.52     0.52     0.52     0.52     0.52     
 0.52     0.52     0.52     0.52     0.53     0.55     0.58     0.58     0.60     0.58     
 0.58     0.58     0.66     0.63     0.68     0.66     0.68     0.71     0.76     0.74     
 0.79     0.81     0.84     0.89     0.92     0.95     1.00     1.10     1.15     1.18     
 1.18     1.18     1.18     1.18     1.15     1.15     1.15     1.15     1.16     1.18     
 0.89     
2013.60  2012.74  2011.09  2008.59  2008.78  2005.42  2000.08  1996.77  1990.05  1985.77  
 1979.04  1971.99  1962.94  1954.28  1943.85  1936.95  1926.94  1914.98  1904.07  1889.56  
 1876.23  1863.43  1851.14  1833.97  1819.26  1802.71  1785.21  1768.20  1750.70  1731.67  
 1712.44  1692.33  1672.20  1651.54  1629.14  1607.42  1586.79  1562.59  1538.74  1514.90  
 1491.05  1467.20  1441.25  1415.82  1389.77  1362.80  1336.12  1307.07  1279.84  1250.69  
 1221.47  1192.19  1162.26  1132.01  1101.72  1069.48  1039.37  1007.06  975.30   942.46   
 910.41   876.81   843.41   810.08   775.76   742.35   707.49   673.20   639.02   604.64   
 570.42   535.98   501.89   468.19   434.62   401.21   368.58   336.59   305.42   274.94   
 245.48   217.46   190.46   164.96   140.50   116.66   91.97    63.13    33.82    9.95     
 0.95     0.56     0.53     0.56     0.56     0.56     0.61     0.64     0.69     0.76     
 0.84     0.91     0.94     0.96     1.07     1.14     1.17     1.17     1.17     1.17     
 1.17     1.17     1.14     1.12     1.12     1.09     1.01     0.91     0.79     0.66     
 0.66     0.46     0.33     0.28     0.28     0.25     0.25     0.25     0.25     0.25     
 0.28     0.28     0.28     0.33     0.30     0.31     0.33     0.36     0.36     0.38     
 0.38     0.43     0.46     0.46     0.48     0.48     0.51     0.53     0.56     0.53     
 0.56     0.61     0.63     0.61     0.61     0.66     0.69     0.71     0.71     0.74     
 0.76     0.74     0.74     0.74     0.74     0.74     0.74     0.74     0.74     0.74     
 0.74     0.74     0.74     0.74     0.74     0.74     0.74     0.74     0.71     0.73     
 0.89     
2013.60  2014.68  2011.36  2011.88  2010.49  2005.39  2002.60  1999.21  1995.73  1988.40  
 1982.37  1973.13  1965.17  1958.56  1949.09  1938.23  1928.59  1917.60  1904.34  1893.25  
 1882.84  1866.49  1852.90  1838.07  1822.29  1807.63  1790.07  1772.73  1755.68  1736.25  
 1716.46  1697.35  1676.08  1656.65  1634.53  1613.26  1590.26  1567.06  1542.48  1517.91  
 1493.35  1470.48  1445.47  1419.05  1392.12  1364.36  1337.08  1308.91  1280.99  1250.69  
 1222.07  1192.08  1161.97  1131.16  1099.57  1068.60  1036.71  1003.81  971.74   938.63   
 905.41   871.84   838.12   803.41   768.70   733.93   698.91   663.22   627.80   592.35   
 556.53   521.02   485.40   449.16   413.82   379.00   343.85   309.49   275.76   242.32   
 209.88   179.06   149.59   121.65   95.77    72.70    52.10    34.89    20.85    9.55     
 1.09     0.59     0.61     0.71     0.82     0.94     1.07     1.23     1.40     1.58     
 1.76     1.94     2.14     2.32     2.47     2.62     2.73     2.73     2.73     2.75     
 2.60     2.47     2.42     2.32     2.32     2.22     2.04     1.91     1.83     1.58     
 1.57     1.19     1.04     0.79     0.66     0.41     0.41     0.38     0.38     0.38     
 0.38     0.38     0.38     0.38     0.38     0.38     0.41     0.43     0.46     0.48     
 0.48     0.48     0.51     0.53     0.54     0.59     0.59     0.61     0.59     0.64     
 0.64     0.69     0.69     0.71     0.71     0.74     0.76     0.76     0.82     0.82     
 0.89     0.89     0.94     0.94     0.97     0.97     0.97     0.97     0.97     0.97     
 0.97     0.97     0.97     0.97     0.97     0.97     0.97     0.99     0.94     0.92     
 0.89     
2013.60  2014.72  2013.94  2015.80  2011.02  2011.27  2008.91  2004.38  2001.49  1997.58  
 1991.56  1987.53  1980.16  1975.69  1967.25  1958.26  1950.20  1940.77  1930.35  1918.54  
 1909.50  1898.14  1884.35  1870.74  1858.54  1842.57  1825.60  1810.21  1792.17  1775.17  
 1758.73  1739.65  1719.76  1700.37  1679.25  1656.32  1634.43  1612.24  1588.08  1563.84  
 1539.61  1515.34  1490.21  1464.37  1436.99  1410.10  1381.35  1353.32  1324.12  1295.91  
 1265.99  1235.85  1206.11  1175.03  1143.61  1111.53  1080.69  1047.88  1015.58  982.43   
 949.23   915.70   881.41   847.64   812.40   778.21   743.12   708.36   673.16   638.55   
 603.00   568.17   533.69   499.09   464.90   431.44   398.44   366.22   335.14   304.48   
 274.18   245.95   218.25   190.44   163.07   134.02   101.72   65.71    31.51    6.53     
 0.65     0.65     0.62     0.65     0.67     0.70     0.75     0.80     0.91     0.96     
 0.98     1.06     1.17     1.24     1.22     1.22     1.22     1.22     1.22     1.22     
 1.22     1.22     1.22     1.22     1.16     1.16     1.14     1.14     1.00     0.85     
 0.75     0.67     0.51     0.31     0.28     0.23     0.23     0.21     0.21     0.21     
 0.21     0.21     0.21     0.21     0.23     0.21     0.26     0.26     0.26     0.26     
 0.29     0.31     0.31     0.34     0.36     0.39     0.39     0.42     0.47     0.49     
 0.47     0.54     0.54     0.57     0.62     0.62     0.65     0.70     0.72     0.73     
 0.75     0.83     0.85     0.88     0.91     0.91     0.96     0.93     0.93     0.93     
 0.93     0.93     0.93     0.93     0.93     0.93     0.91     0.91     0.91     0.91     
 0.89     
2013.60  2013.90  2013.60  2013.30  2013.30  2011.70  2006.70  2004.04  2003.05  1998.81  
 1992.95  1990.44  1983.40  1976.57  1969.32  1962.64  1955.36  1944.61  1935.90  1926.44  
 1914.93  1904.35  1890.29  1879.88  1866.47  1853.27  1837.56  1825.20  1808.94  1793.35  
 1776.52  1758.92  1739.69  1724.51  1705.41  1684.66  1666.77  1644.58  1623.14  1601.70  
 1580.26  1558.55  1534.30  1509.08  1484.73  1459.12  1432.76  1406.31  1379.07  1351.47  
 1322.95  1294.91  1264.74  1236.39  1205.59  1175.41  1144.47  1113.20  1080.68  1049.23  
 1016.27  983.67   951.08   917.55   884.48   851.85   818.64   785.59   752.15   719.58   
 687.69   656.27   624.78   593.06   561.23   529.32   497.64   465.29   433.54   401.22   
 368.50   335.28   299.09   253.00   204.49   154.15   102.31   53.18    14.68    1.59     
 0.57     0.59     0.57     0.57     0.57     0.57     0.57     0.57     0.59     0.62     
 0.65     0.65     0.70     0.73     0.73     0.78     0.76     0.79     0.84     0.89     
 0.86     0.86     0.86     0.86     0.87     0.89     0.84     0.84     0.78     0.76     
 0.76     0.73     0.73     0.73     0.73     0.73     0.73     0.73     0.73     0.73     
 0.73     0.73     0.76     0.73     0.62     0.57     0.54     0.54     0.57     0.54     
 0.51     0.49     0.46     0.46     0.43     0.43     0.43     0.43     0.43     0.43     
 0.43     0.43     0.43     0.43     0.43     0.46     0.49     0.51     0.51     0.57     
 0.59     0.60     0.65     0.68     0.70     0.76     0.76     0.81     0.86     0.86     
 0.87     0.92     0.95     0.95     0.95     0.95     0.95     0.95     0.95     0.97     
 0.89     
2013.60  2014.25  2015.99  2013.60  2014.77  2012.33  2008.87  2005.45  2001.79  1999.96  
 1992.53  1987.29  1982.18  1974.49  1966.63  1958.16  1950.29  1939.55  1929.54  1919.20  
 1908.19  1896.23  1883.25  1872.69  1857.46  1842.97  1827.66  1814.44  1797.35  1780.59  
 1763.21  1745.91  1726.51  1708.36  1688.42  1668.48  1648.54  1628.58  1607.62  1585.18  
 1562.48  1538.91  1515.19  1491.06  1466.89  1441.64  1415.97  1390.30  1363.70  1336.16  
 1309.72  1282.21  1254.62  1225.99  1197.82  1168.94  1139.83  1110.41  1081.14  1051.97  
 1021.22  991.67   962.39   932.81   903.19   873.91   844.58   815.29   786.29   756.20   
 726.26   695.56   664.65   632.77   601.97   570.56   538.28   506.31   474.24   441.32   
 400.36   352.58   302.11   249.42   194.51   138.45   83.27    34.63    3.34     1.00     
 0.53     0.53     0.50     0.50     0.50     0.50     0.50     0.53     0.50     0.56     
 0.53     0.59     0.59     0.59     0.64     0.64     0.65     0.73     0.76     0.81     
 0.84     0.81     0.81     0.81     0.81     0.81     0.81     0.81     0.81     0.81     
 0.81     0.81     0.81     0.81     0.81     0.81     0.81     0.81     0.78     0.81     
 0.78     0.76     0.76     0.76     0.76     0.73     0.73     0.73     0.73     0.73     
 0.73     0.73     0.73     0.73     0.70     0.70     0.70     0.70     0.70     0.70     
 0.70     0.70     0.70     0.70     0.70     0.70     0.70     0.70     0.70     0.70     
 0.70     0.70     0.73     0.73     0.78     0.81     0.78     0.78     0.78     0.78     
 0.78     0.78     0.78     0.78     0.78     0.78     0.78     0.78     0.78     0.78     
 0.89     
2013.60  2012.37  2012.67  2012.07  2009.30  2006.54  2003.43  2000.12  1993.99  1991.11  
 1982.99  1976.92  1968.71  1963.41  1954.45  1944.39  1934.70  1924.68  1913.78  1902.64  
 1890.57  1877.31  1863.00  1848.50  1834.78  1820.14  1805.08  1787.03  1771.04  1754.42  
 1735.80  1716.50  1699.15  1678.37  1659.38  1638.59  1618.49  1595.43  1575.71  1553.37  
 1530.59  1507.38  1482.90  1459.22  1436.24  1411.24  1386.30  1360.42  1335.42  1308.27  
 1282.26  1254.33  1228.18  1200.14  1173.03  1144.88  1117.01  1089.36  1060.82  1032.19  
 1002.78  975.97   946.82   919.01   891.44   865.09   838.78   812.48   783.65   754.66   
 724.51   694.74   664.29   633.24   602.69   571.57   540.29   508.67   476.59   438.12   
 390.35   340.09   287.18   233.42   176.59   119.30   65.89    20.44    1.87     0.94     
 0.62     0.53     0.48     0.45     0.45     0.39     0.39     0.36     0.39     0.36     
 0.36     0.36     0.36     0.36     0.36     0.36     0.36     0.36     0.36     0.36     
 0.36     0.36     0.36     0.36     0.36     0.36     0.36     0.36     0.36     0.36     
 0.36     0.36     0.36     0.36     0.36     0.36     0.36     0.36     0.39     0.42     
 0.45     0.50     0.48     0.48     0.48     0.48     0.48     0.48     0.48     0.48     
 0.48     0.48     0.48     0.48     0.48     0.48     0.48     0.48     0.48     0.48     
 0.48     0.48     0.48     0.48     0.48     0.48     0.48     0.48     0.48     0.48     
 0.48     0.56     0.75     0.76     0.87     0.95     1.09     1.12     1.12     1.15     
 1.15     1.20     1.17     1.23     1.23     1.23     1.23     1.23     1.23     1.23     
 0.89     
2013.60  2014.19  2013.90  2012.14  2008.22  2006.97  2002.49  1998.82  1996.36  1989.85  
 1982.80  1977.43  1970.10  1961.91  1954.21  1944.65  1934.88  1925.36  1913.28  1901.32  
 1890.28  1878.06  1863.43  1851.26  1837.36  1820.49  1806.43  1789.08  1772.33  1754.14  
 1737.13  1720.02  1699.97  1680.24  1660.05  1639.95  1618.83  1597.83  1575.47  1554.94  
 1531.20  1506.73  1483.37  1460.04  1434.73  1410.09  1385.01  1358.49  1332.30  1304.34  
 1278.05  1251.82  1223.78  1194.47  1166.98  1137.63  1110.25  1080.81  1051.97  1020.80  
 991.77   962.41   931.37   901.47   871.79   843.93   816.09   788.25   758.81   729.03   
 699.16   668.99   638.20   606.77   575.91   544.58   512.93   481.21   448.82   416.45   
 377.41   330.75   281.11   229.33   176.15   121.87   70.44    25.80    2.49     0.90     
 0.61     0.55     0.47     0.44     0.47     0.41     0.38     0.41     0.38     0.36     
 0.36     0.36     0.36     0.36     0.36     0.36     0.36     0.36     0.36     0.38     
 0.38     0.38     0.38     0.38     0.38     0.38     0.38     0.38     0.38     0.38     
 0.38     0.38     0.38     0.38     0.38     0.38     0.38     0.38     0.38     0.38     
 0.38     0.38     0.38     0.38     0.38     0.38     0.38     0.38     0.38     0.38     
 0.38     0.38     0.38     0.38     0.38     0.38     0.38     0.38     0.38     0.38     
 0.38     0.38     0.38     0.38     0.38     0.38     0.38     0.38     0.38     0.38     
 0.38     0.41     0.41     0.52     0.65     0.77     0.74     0.74     0.77     0.77     
 0.79     0.85     0.90     0.96     0.96     1.01     1.07     1.15     1.15     1.15     
 0.89     
2013.60  2013.59  2014.16  2011.65  2008.16  2007.23  2003.77  2001.22  1997.41  1991.16  
 1985.59  1978.03  1973.18  1966.48  1956.53  1947.90  1938.06  1930.10  1919.32  1908.21  
 1896.47  1885.01  1873.10  1858.92  1846.51  1830.48  1814.99  1799.71  1782.93  1765.21  
 1749.56  1729.83  1710.65  1692.21  1672.04  1651.70  1631.14  1609.24  1587.80  1564.08  
 1540.98  1517.64  1492.88  1468.20  1441.77  1416.45  1390.33  1361.89  1334.79  1307.12  
 1277.92  1249.92  1220.95  1191.78  1160.92  1130.40  1100.10  1069.27  1037.89  1006.74  
 973.29   941.72   909.60   875.75   843.91   812.22   780.54   748.85   717.21   684.38   
 652.95   621.64   590.00   558.11   527.83   496.51   465.12   433.91   402.67   371.19   
 339.67   307.32   273.18   229.68   182.99   135.32   86.54    41.98    8.73     1.02     
 0.58     0.53     0.47     0.45     0.39     0.39     0.37     0.37     0.39     0.37     
 0.42     0.39     0.39     0.39     0.39     0.39     0.39     0.39     0.39     0.39     
 0.39     0.39     0.39     0.39     0.39     0.39     0.39     0.39     0.39     0.39     
 0.39     0.39     0.39     0.39     0.39     0.39     0.39     0.39     0.39     0.42     
 0.37     0.34     0.29     0.29     0.26     0.24     0.24     0.21     0.21     0.18     
 0.18     0.18     0.18     0.18     0.18     0.18     0.18     0.18     0.18     0.18     
 0.18     0.21     0.21     0.31     0.34     0.39     0.37     0.37     0.37     0.37     
 0.37     0.37     0.37     0.39     0.42     0.47     0.47     0.50     0.63     0.66     
 0.71     0.76     0.74     0.73     0.73     0.73     0.73     0.73     0.73     0.73     
 0.89     
2013.60  2011.42  2010.84  2009.44  2008.88  2005.57  2001.38  1996.31  1990.46  1986.18  
 1981.26  1972.64  1964.65  1956.95  1948.09  1939.55  1927.84  1917.08  1904.35  1892.65  
 1879.84  1865.71  1852.14  1835.90  1821.84  1804.00  1787.98  1770.69  1752.41  1733.77  
 1714.46  1693.40  1673.37  1652.98  1631.32  1609.28  1585.17  1563.01  1539.46  1514.93  
 1490.90  1465.02  1439.30  1413.52  1386.85  1360.71  1332.76  1304.45  1275.48  1247.43  
 1218.44  1188.27  1158.85  1128.19  1097.32  1066.69  1034.92  1002.94  970.81   938.20   
 905.72   872.86   838.96   805.06   772.66   740.28   706.80   672.89   638.85   603.96   
 569.87   536.07   502.16   468.13   434.96   401.24   368.86   336.48   305.48   275.19   
 245.37   217.53   190.18   164.47   138.73   111.87   83.02    50.72    21.01    2.94     
 0.56     0.48     0.46     0.46     0.46     0.46     0.48     0.48     0.51     0.63     
 0.66     0.68     0.66     0.66     0.68     0.69     0.69     0.71     0.71     0.74     
 0.71     0.71     0.74     0.69     0.61     0.53     0.41     0.28     0.20     0.18     
 0.18     0.18     0.18     0.18     0.18     0.18     0.18     0.18     0.18     0.18     
 0.18     0.18     0.18     0.18     0.18     0.18     0.18     0.18     0.18     0.18     
 0.18     0.18     0.18     0.20     0.20     0.25     0.33     0.30     0.30     0.30     
 0.30     0.30     0.35     0.33     0.38     0.43     0.48     0.48     0.48     0.63     
 0.63     0.63     0.68     0.69     0.69     0.69     0.69     0.71     0.74     0.83     
 0.84     0.86     0.86     0.86     0.86     0.89     0.91     0.91     0.91     0.91     
 0.89     
2013.60  2015.78  2015.03  2009.76  2007.42  2005.77  2000.11  1996.79  1990.43  1984.13  
 1977.63  1970.55  1962.56  1953.73  1944.03  1934.34  1920.66  1910.87  1898.13  1885.30  
 1873.31  1857.99  1843.26  1827.00  1812.01  1793.83  1777.44  1759.03  1740.03  1720.75  
 1702.86  1681.01  1661.03  1640.07  1619.10  1595.35  1572.31  1548.92  1525.26  1501.47  
 1476.21  1451.46  1425.52  1398.34  1372.25  1344.03  1316.59  1288.65  1260.08  1230.17  
 1200.80  1171.15  1141.30  1110.32  1078.68  1047.66  1015.67  982.68   949.95   917.17   
 883.52   850.51   815.76   782.40   749.04   715.68   680.45   645.61   610.19   575.19   
 539.82   504.42   468.67   433.27   398.62   363.66   329.25   295.31   261.57   229.28   
 197.62   167.59   139.02   111.74   87.16    64.62    45.24    28.96    15.67    5.13     
 0.83     0.71     0.86     1.19     1.57     1.90     2.11     2.29     2.44     2.57     
 2.67     2.72     2.73     2.73     2.55     2.40     2.27     2.22     2.09     1.99     
 1.91     1.81     1.76     1.66     1.51     1.40     1.22     1.05     0.87     0.59     
 0.38     0.33     0.33     0.33     0.33     0.33     0.33     0.33     0.33     0.33     
 0.33     0.33     0.33     0.33     0.36     0.36     0.36     0.36     0.36     0.36     
 0.36     0.36     0.36     0.36     0.38     0.41     0.41     0.41     0.43     0.46     
 0.48     0.53     0.58     0.66     0.64     0.69     0.71     0.69     0.69     0.69     
 0.71     0.71     0.76     0.76     0.76     0.81     0.82     0.87     0.84     0.89     
 0.89     0.89     0.89     0.89     0.89     0.89     0.89     0.89     0.89     0.89     
 0.89     
