IESNA:LM-63-2002
[TEST] 1
[TESTLAB] 
[TESTDATE] 2025-02-21
[ISSUEDATE] 2025-02-21 16:01:56
[LAMPPOSITION] 0,0
[OTHER] EVERFINE GO-2000A_V1 SYSTEM
[MANUFAC] 
[LUMINAIRE] 25W-3500K
[LAMP] DB77E-4-50L-UD-P-A5W5C5
TILT=NONE
1 3367.3 1 181 17 1 2 0.060 1.200 0.000
1.000 1 24.6344
0.0    1.0    2.0    3.0    4.0    5.0    6.0    7.0    8.0    9.0    
 10.0   11.0   12.0   13.0   14.0   15.0   16.0   17.0   18.0   19.0   
 20.0   21.0   22.0   23.0   24.0   25.0   26.0   27.0   28.0   29.0   
 30.0   31.0   32.0   33.0   34.0   35.0   36.0   37.0   38.0   39.0   
 40.0   41.0   42.0   43.0   44.0   45.0   46.0   47.0   48.0   49.0   
 50.0   51.0   52.0   53.0   54.0   55.0   56.0   57.0   58.0   59.0   
 60.0   61.0   62.0   63.0   64.0   65.0   66.0   67.0   68.0   69.0   
 70.0   71.0   72.0   73.0   74.0   75.0   76.0   77.0   78.0   79.0   
 80.0   81.0   82.0   83.0   84.0   85.0   86.0   87.0   88.0   89.0   
 90.0   91.0   92.0   93.0   94.0   95.0   96.0   97.0   98.0   99.0   
 100.0  101.0  102.0  103.0  104.0  105.0  106.0  107.0  108.0  109.0  
 110.0  111.0  112.0  113.0  114.0  115.0  116.0  117.0  118.0  119.0  
 120.0  121.0  122.0  123.0  124.0  125.0  126.0  127.0  128.0  129.0  
 130.0  131.0  132.0  133.0  134.0  135.0  136.0  137.0  138.0  139.0  
 140.0  141.0  142.0  143.0  144.0  145.0  146.0  147.0  148.0  149.0  
 150.0  151.0  152.0  153.0  154.0  155.0  156.0  157.0  158.0  159.0  
 160.0  161.0  162.0  163.0  164.0  165.0  166.0  167.0  168.0  169.0  
 170.0  171.0  172.0  173.0  174.0  175.0  176.0  177.0  178.0  179.0  
 180.0  
0.0    22.5   45.0   67.5   90.0   112.5  135.0  157.5  180.0  202.5  
 225.0  247.5  270.0  292.5  315.0  337.5  360.0  
1257.7 1259.3 1258.4 1257 1254.9 1252.3 1249.3 1246.2 1241.9 1237 
 1231.7 1225.6 1219.4 1212.4 1205.2 1197.1 1188.9 1179.9 1170.6 1160.7 
 1150.7 1140.4 1129 1117.5 1105.2 1093.2 1080.2 1066.8 1053.4 1039.8 
 1026 1011.6 996.8 981.73 966.75 950.93 935.41 919.06 902.66 886.11 
 869.16 851.83 834.96 817.89 800.75 782.73 764.98 746.91 728.72 710.44 
 691.99 673.42 655.06 636.44 617.38 598.52 580 561.13 541.92 522.99 
 504.08 485.03 465.95 446.67 427.61 408.67 389.72 370.87 352.12 333.39 
 314.74 296.08 277.92 259.61 241.6 223.89 207.03 190.18 173.24 156.6 
 140.2 124.18 108.57 93.185 78.238 63.766 49.78 36.277 23.384 11.454 
 2.355 1.9302 1.7969 1.7322 1.7192 1.7192 1.7257 1.79 1.8613 1.9589 
 2.0505 2.1279 2.2253 2.3228 2.4127 2.5097 2.6084 2.7176 2.8217 2.9188 
 3.0238 3.1329 3.225 3.3405 3.4502 3.56 3.685 3.7827 3.8862 4.0079 
 4.1254 4.2305 4.36 4.4826 4.6049 4.7298 4.8454 4.9765 5.1059 5.2285 
 5.3511 5.4761 5.5977 5.735 5.8579 6.001 6.1182 6.2401 6.377 6.4936 
 6.6168 6.7469 6.8641 6.9942 7.1104 7.2201 7.3375 7.453 7.5701 7.7009 
 7.7971 7.9015 8.0188 8.1353 8.2327 8.3427 8.4585 8.5507 8.6547 8.7516 
 8.8486 8.9324 9.0172 9.1147 9.2063 9.2895 9.3678 9.4584 9.5177 9.5877 
 9.6529 9.7115 9.7699 9.8224 9.8672 9.9323 9.9651 10.004 10.043 10.088 
 10.101 
1257.7 1262.1 1260.3 1258.9 1257 1254.5 1251 1247.2 1243.1 1237.7 
 1232.6 1226.5 1220 1212.6 1205 1197.4 1189 1179.7 1170.2 1160.3 
 1149.3 1138.5 1127.1 1115.1 1103.2 1090.8 1078.1 1065.2 1051.2 1036.8 
 1022.8 1008.3 993.47 978.22 962.65 946.69 931.13 914.8 898.12 881.6 
 864.85 847.31 830.21 812.78 795.25 777.25 759.58 741.63 723.31 704.92 
 686.48 667.65 649.13 630.73 611.94 592.92 573.93 554.81 535.76 516.7 
 497.7 478.5 459.55 440.2 421.17 402.59 383.73 364.86 345.86 327.24 
 308.6 290.02 271.85 253.62 235.66 217.89 200.41 183.24 166.09 149.43 
 133.02 116.94 101.25 85.908 71.136 56.61 42.721 29.311 16.677 5.5877 
 1.6601 1.622 1.6349 1.6485 1.7004 1.752 1.8105 1.8757 1.9793 2.057 
 2.1422 2.2387 2.3228 2.401 2.4986 2.5961 2.6809 2.7844 2.8823 2.9791 
 3.0824 3.1804 3.2903 3.3868 3.4858 3.6019 3.6926 3.8157 3.9206 4.0368 
 4.1538 4.2641 4.3991 4.5031 4.626 4.749 4.8665 4.9958 5.1059 5.2428 
 5.3605 5.4959 5.6124 5.7483 5.8792 6.0151 6.1438 6.2625 6.3976 6.5331 
 6.6636 6.7801 6.916 7.0351 7.17 7.2798 7.41 7.5198 7.6363 7.7605 
 7.8702 7.9802 8.0976 8.208 8.3248 8.4215 8.5314 8.629 8.7261 8.8237 
 8.9208 9.0116 9.1029 9.1866 9.272 9.3682 9.4396 9.5175 9.5955 9.6542 
 9.7128 9.777 9.8292 9.8812 9.9267 9.9717 10.011 10.043 10.062 10.088 
 10.101 
1257.7 1260 1258.6 1256.6 1254.2 1251.4 1247.8 1243.4 1239 1233.4 
 1227.9 1221.3 1214.7 1206.9 1198.6 1190.2 1181.2 1171.5 1161.9 1151.5 
 1140.5 1129 1117.1 1104.7 1092.6 1079.4 1066 1052.5 1038.3 1024 
 1009.5 994.36 979.07 963.53 947.74 931.63 915.48 898.95 882.33 865.38 
 848.07 831.07 813.59 795.97 778.12 760.1 741.95 723.62 705.35 686.85 
 668.48 649.78 631.08 612.39 593.42 574.84 556 537.18 517.96 498.95 
 479.9 460.99 441.95 422.87 403.87 384.86 366.1 347.27 328.52 310.08 
 291.49 273.14 255.28 237.16 219.37 202.6 185.82 168.85 152.17 136.01 
 119.93 104.3 89.067 74.321 59.804 45.862 32.506 19.679 8.464 1.9538 
 1.8847 1.8156 1.7466 1.6775 1.6084 1.6737 1.7381 1.8234 1.9002 1.9979 
 2.0695 2.1534 2.2447 2.3289 2.4135 2.511 2.5947 2.7049 2.7951 2.899 
 2.9848 3.0805 3.1854 3.2951 3.3923 3.5031 3.6004 3.7178 3.8079 3.919 
 4.0214 4.1458 4.2629 4.372 4.4956 4.6059 4.7234 4.8457 4.9693 5.0998 
 5.2227 5.3515 5.4877 5.606 5.7419 5.8648 5.9942 6.1309 6.2477 6.3828 
 6.5001 6.6234 6.7535 6.8829 7.0069 7.1227 7.2331 7.357 7.4725 7.5899 
 7.7009 7.8567 8.0254 8.1992 8.3758 8.5303 8.6727 8.7653 8.8559 8.9462 
 9.0241 9.1013 9.1599 9.2374 9.3096 9.3806 9.4459 9.5236 9.5823 9.6337 
 9.6917 9.7446 9.7961 9.8348 9.8808 9.9196 9.9584 9.9843 10.023 10.056 
 10.101 
1257.7 1257.2 1256 1253.8 1251 1248.1 1244.2 1239.9 1234.9 1229.3 
 1223.2 1216.5 1209.2 1201.6 1193.2 1184.3 1175.2 1165.4 1154.7 1144.2 
 1133 1121.5 1109.5 1097 1084.3 1070.8 1057.4 1043.3 1028.6 1014.3 
 999.46 984.26 968.63 952.92 936.51 920.46 903.94 887.01 870.26 853.31 
 835.97 818.3 800.82 783.04 765.06 747.06 728.96 710.61 692.06 673.63 
 655.14 636.58 618.09 599.33 580.89 562 543.11 524.07 505.29 486.56 
 467.53 448.57 429.73 410.95 392.52 374.08 355.41 336.67 318.35 299.87 
 281.6 263.73 246.04 228.29 210.98 193.66 176.66 160.15 143.85 127.94 
 112.32 97.109 82.057 67.458 53.473 39.814 26.816 14.878 5.5315 1.6208 
 1.4145 1.4345 1.4862 1.5446 1.5831 1.6686 1.7399 1.8231 1.8947 1.9669 
 2.0516 2.1424 2.2331 2.317 2.3955 2.4856 2.5767 2.6668 2.7648 2.8485 
 2.9529 3.0499 3.1467 3.2385 3.3479 3.4515 3.5494 3.6536 3.7647 3.868 
 3.9777 4.0822 4.1989 4.3026 4.4199 4.5303 4.6465 4.7688 4.8857 5.0154 
 5.1261 5.2552 5.3788 5.5031 5.6257 5.7484 5.8792 6.0024 6.1244 6.2627 
 6.3847 6.5216 6.6442 6.7616 6.8771 7.0011 7.1251 7.247 7.357 7.4813 
 7.5787 7.7085 7.8126 7.9351 8.046 8.1557 8.2607 8.3639 8.4678 8.5774 
 8.6684 8.7787 8.883 8.966 9.0647 9.1606 9.239 9.3306 9.4211 9.5045 
 9.5763 9.6478 9.7122 9.7708 9.8358 9.8938 9.9458 9.9912 10.049 10.075 
 10.101 
1257.7 1252.3 1251.4 1249.4 1246.6 1243.2 1239.2 1234.9 1229.7 1223.7 
 1217.6 1210.8 1203.6 1196 1187.2 1178.5 1169.2 1159.3 1148.5 1137.5 
 1126.2 1114.1 1102.4 1089.9 1077.3 1063.8 1050.1 1035.9 1021.3 1006.5 
 991.49 976.24 960.63 944.82 928.7 912.3 895.89 878.92 862.2 845.17 
 828.01 810.56 792.96 775.27 757.41 739.6 720.96 702.87 684.74 666.44 
 647.85 629.32 610.87 592.08 573.55 555 536.14 517.38 498.76 479.83 
 460.95 442.18 423.38 404.73 386.39 368.05 349.46 331.22 312.85 294.68 
 276.56 258.98 241.28 223.77 206.75 189.68 173.07 156.65 140.46 124.69 
 109.17 94.269 79.388 65.012 51.058 37.629 24.98 13.545 5.1426 2.0964 
 2.0243 2.0957 2.1672 2.2582 2.3419 2.4258 2.537 2.6277 2.7312 2.8345 
 2.9383 3.0421 3.166 3.2633 3.3804 3.4908 3.6066 3.7114 3.8337 3.9447 
 4.055 4.1721 4.2894 4.4186 4.5216 4.6452 4.7559 4.8791 4.9947 5.1124 
 5.2412 5.3587 5.4755 5.5923 5.7149 5.8266 5.9482 6.0779 6.1893 6.3133 
 6.4349 6.5527 6.675 6.7932 6.929 7.039 7.1549 7.273 7.3821 7.4936 
 7.6036 7.7195 7.8298 7.9345 8.0319 8.1416 8.239 8.3294 8.4401 8.5305 
 8.6152 8.7067 8.7911 8.8879 8.9658 9.0377 9.1284 9.1999 9.2835 9.3556 
 9.4324 9.5042 9.5631 9.6212 9.6665 9.7189 9.7776 9.8484 9.8998 9.9653 
 10.01 10.062 10.094 10.133 10.172 10.166 10.166 10.166 10.166 10.166 
 10.101 
1257.7 1255.2 1253.9 1251.8 1249.3 1246 1242.2 1237.6 1232.5 1227.2 
 1221.1 1214.5 1207.1 1199.3 1190.8 1182.1 1172.9 1162.8 1152.6 1141.7 
 1130.5 1119.2 1106.6 1094.4 1081.8 1068.5 1054.8 1041 1026.3 1011.6 
 996.71 981.78 966.06 950.3 934.24 918.51 901.71 884.57 867.83 850.55 
 833.47 815.95 798.71 780.95 762.76 744.93 726.88 708.55 690.11 671.7 
 653.52 634.84 616.04 597.28 578.61 559.94 541.37 522.33 503.6 484.7 
 465.69 446.75 427.74 408.81 390.11 371.28 352.52 334.26 315.86 297.57 
 279.49 261.63 243.78 226.04 208.77 192.58 175.86 159.27 142.96 127.12 
 111.37 96.278 81.293 66.751 52.723 39.108 26.154 14.346 5.462 2.1837 
 2.0774 2.0889 2.1729 2.251 2.3473 2.4392 2.5296 2.6383 2.743 2.8474 
 2.9642 3.0672 3.1716 3.2816 3.3989 3.5084 3.6134 3.729 3.8593 3.9566 
 4.0921 4.2018 4.3136 4.4307 4.5591 4.676 4.7992 4.9106 5.0339 5.1504 
 5.2787 5.396 5.5012 5.6247 5.7535 5.8639 5.981 6.1111 6.2337 6.357 
 6.4671 6.5974 6.7127 6.8314 6.9608 7.0712 7.2055 7.3172 7.4281 7.5446 
 7.6601 7.772 7.8756 7.9729 8.082 8.1734 8.277 8.3742 8.4718 8.5499 
 8.6282 8.718 8.7902 8.8738 8.9454 9.0242 9.101 9.1666 9.2374 9.3086 
 9.368 9.432 9.4847 9.5233 9.5751 9.6146 9.6789 9.7182 9.7696 9.8086 
 9.8546 9.9063 9.9257 9.9516 9.9776 10.017 10.03 10.043 10.049 10.049 
 10.101 
1257.7 1255.8 1254.3 1252.5 1250.2 1246.9 1243.2 1239.3 1234.7 1229.6 
 1223.8 1217.3 1210.7 1203.5 1195.6 1186.8 1177.9 1168.2 1158.3 1148.2 
 1137.2 1126.1 1114.5 1102.4 1089.9 1077.1 1063.6 1050.1 1036.1 1021.8 
 1007.3 992.1 977.21 961.45 945.61 929.76 913.45 897.15 880.63 863.72 
 846.62 829.28 811.62 794.12 776.52 758.67 740.38 722.19 704.21 685.46 
 667.11 648.76 630.08 611.51 592.73 574.28 555.18 536.37 517.06 498.29 
 479.13 460.26 441.58 422.6 404.12 385.49 366.86 348.03 329.43 310.86 
 292.41 274.19 256.17 238.42 220.61 203.06 185.9 168.97 152.48 136.33 
 120.17 104.7 89.342 74.544 59.974 45.989 32.504 19.799 8.6081 2.4825 
 2.2064 2.264 2.3293 2.3938 2.486 2.5897 2.6863 2.7847 2.9006 2.9914 
 3.1216 3.2246 3.3357 3.432 3.5633 3.6724 3.7889 3.8989 4.0238 4.1406 
 4.2565 4.3859 4.4901 4.6134 4.7425 4.859 4.9832 5.1 5.2169 5.3408 
 5.4628 5.5805 5.6964 5.8132 5.9372 6.0595 6.1763 6.3009 6.4229 6.5409 
 6.6824 6.7859 6.9096 7.0403 7.1558 7.2797 7.3891 7.5071 7.6162 7.7281 
 7.8442 7.9483 8.0526 8.149 8.2651 8.3565 8.4544 8.5507 8.6283 8.7326 
 8.8046 8.9083 8.9732 9.0446 9.1355 9.2129 9.2774 9.3488 9.4269 9.4979 
 9.5626 9.6215 9.6665 9.7184 9.7573 9.8032 9.8482 9.8936 9.9329 9.9845 
 10.017 10.037 10.062 10.071 10.081 10.09 10.099 10.108 10.108 10.108 
 10.101 
1257.7 1255.4 1254.8 1252.7 1250.4 1247.6 1244.5 1240.8 1236.8 1231.9 
 1226.4 1220.7 1213.9 1206.9 1199 1190.9 1182.6 1173.6 1164 1153.9 
 1143.3 1132.4 1121.2 1109.5 1097.5 1084.9 1072.2 1059 1045.1 1031.4 
 1016.9 1002.1 987.35 972.29 956.64 941.02 925.02 908.85 892.31 875.58 
 858.67 841.79 824.62 807.05 789.22 771.79 754.03 735.94 717.77 699.38 
 681.07 662.29 643.66 624.84 606.02 587.29 568.53 549.5 530.72 511.73 
 492.58 473.66 454.66 435.49 416.62 397.59 378.57 359.91 341.04 322.51 
 303.85 285.68 267.45 249.1 231.57 213.9 197.07 180.24 163.36 146.82 
 130.33 114.53 98.836 83.522 68.692 54.254 40.377 27.043 14.631 4.3451 
 3.9741 3.6031 3.2321 2.8611 2.4901 2.5754 2.6715 2.7757 2.8863 3.0037 
 3.1008 3.2305 3.3405 3.457 3.5609 3.6834 3.8003 3.911 4.028 4.1448 
 4.2623 4.3785 4.4953 4.6117 4.7407 4.8457 4.975 5.0923 5.2081 5.3449 
 5.4612 5.578 5.6881 5.8115 5.9294 6.0523 6.181 6.2916 6.4025 6.5321 
 6.6487 6.7787 6.902 7.0192 7.1351 7.2522 7.362 7.4796 7.583 7.6862 
 7.8028 7.908 8.0056 8.1211 8.2065 8.3036 8.4006 8.5039 8.5946 8.68 
 8.7635 8.8418 8.9321 9.0043 9.0953 9.1664 9.2318 9.3028 9.3802 9.4521 
 9.5107 9.5618 9.6141 9.6532 9.7054 9.7378 9.7962 9.8348 9.8928 9.9383 
 9.9582 9.9842 10.004 10.036 10.056 10.069 10.088 10.095 10.095 10.095 
 10.101 
1257.7 1259.2 1258.3 1256.7 1255 1252.6 1250.1 1246.1 1241.8 1237.1 
 1232.3 1226.6 1220 1213.4 1206 1198.7 1189.9 1181.7 1172.2 1162.7 
 1152.6 1141.6 1130.5 1119.5 1107.5 1095.2 1082.5 1069.3 1056.2 1042.3 
 1028.5 1014 999.45 984.09 968.78 953.41 937.59 921.16 904.9 888.39 
 871.61 854.44 837.48 820.2 802.32 784.43 766.79 748.76 730.71 712.27 
 693.8 675.38 656.63 637.98 619.06 600.39 581.51 562.45 543.51 524.27 
 505.49 486.07 466.81 447.94 428.66 409.61 391.07 372.53 353.49 334.62 
 315.92 297.32 278.93 260.62 242.64 224.74 207.17 189.87 172.77 156.16 
 139.68 123.51 107.76 92.494 77.531 62.968 48.979 35.53 22.79 10.999 
 2.6331 2.5302 2.5302 2.5369 2.5755 2.641 2.7187 2.8038 2.919 3.0426 
 3.1535 3.2639 3.3875 3.5034 3.6137 3.7376 3.8535 3.9715 4.0881 4.2178 
 4.334 4.4508 4.5618 4.6837 4.8074 4.9174 5.0481 5.1711 5.2876 5.4044 
 5.5279 5.6387 5.7619 5.8719 5.9942 6.1117 6.235 6.3579 6.4692 6.5786 
 6.7092 6.813 6.9494 7.0653 7.1879 7.2862 7.4021 7.5135 7.6106 7.7206 
 7.8174 7.9277 8.0183 8.1232 8.2133 8.3111 8.4019 8.4931 8.5901 8.6745 
 8.759 8.8362 8.9147 8.9859 9.0629 9.1483 9.2189 9.2775 9.3551 9.4206 
 9.4851 9.5432 9.5885 9.6344 9.6799 9.7314 9.777 9.8228 9.8746 9.9258 
 9.9648 9.9975 10.017 10.062 10.088 10.121 10.14 10.14 10.14 10.14 
 10.101 
1257.7 1262.2 1261.2 1260 1258.6 1255.4 1252.9 1249.6 1245.4 1240.5 
 1235.8 1230.2 1224 1217 1209.7 1202 1193.7 1184.8 1175.6 1165.7 
 1155.9 1145.4 1133.8 1122 1110.6 1098 1085.1 1072.4 1058.9 1045.3 
 1031.3 1016.7 1002 986.96 971.52 955.67 939.73 923.41 907.29 890.48 
 873.82 856.74 839.48 822.17 804.69 787.05 769.06 750.73 732.51 713.94 
 695.58 676.7 658.32 639.43 620.39 601.92 582.71 563.66 544.58 525.35 
 506.18 486.78 467.59 448.28 428.96 410.07 390.69 371.93 352.98 334.1 
 315.24 296.76 278.35 259.98 241.98 224.06 207.11 190.17 173.02 156.14 
 139.45 123.29 107.43 92.098 76.969 62.312 48.171 34.611 21.691 9.663 
 2.4979 2.3238 2.3226 2.3419 2.4002 2.4842 2.5623 2.678 2.7696 2.8804 
 3.0031 3.1131 3.2101 3.3211 3.4382 3.5544 3.6718 3.7809 3.9108 4.0025 
 4.1308 4.2425 4.3584 4.4688 4.5916 4.7098 4.8317 4.9486 5.0725 5.1884 
 5.3055 5.4351 5.5451 5.6624 5.7927 5.9087 6.0267 6.1368 6.2593 6.3894 
 6.4987 6.6298 6.7399 6.8573 6.9793 7.0891 7.2004 7.3098 7.4213 7.524 
 7.6351 7.739 7.8359 7.9343 8.044 8.1349 8.2378 8.3165 8.4067 8.505 
 8.5757 8.6735 8.7384 8.8226 8.9001 8.9653 9.0372 9.1271 9.1928 9.263 
 9.3158 9.3742 9.4197 9.4715 9.5235 9.5558 9.6009 9.6656 9.7118 9.7567 
 9.7895 9.8285 9.8676 9.9259 9.9453 9.9646 10.004 10.023 10.03 10.043 
 10.101 
1257.7 1260.5 1260.1 1259.4 1257.6 1255.4 1252.5 1249.1 1244.8 1240 
 1235.3 1229.3 1223.5 1216.2 1209.2 1201.6 1193 1184.1 1174.3 1164.5 
 1154 1143 1131.6 1120.2 1108.1 1095.9 1082.9 1069.7 1055.9 1041.8 
 1027.5 1012.8 997.77 982.53 966.95 951.3 935.17 918.73 902.45 885.57 
 868.8 851.82 834.11 816.75 799.11 781.41 763.24 745.27 726.93 708.43 
 689.99 671.23 652.59 633.83 615.21 596.26 577.3 558.46 539.5 520.24 
 501.19 481.93 463.08 443.83 424.85 405.96 387.3 368.64 349.81 330.87 
 312.12 293.67 275.3 257.07 239.1 221.29 203.89 186.59 169.63 153.04 
 136.68 120.72 105.15 90.086 75.152 60.628 46.827 33.18 20.472 9.041 
 2.5195 2.1412 2.1868 2.2452 2.3291 2.4075 2.5043 2.5955 2.7055 2.8094 
 2.9138 3.0246 3.1268 3.2444 3.3536 3.4522 3.5806 3.6845 3.8025 3.9129 
 4.0349 4.1467 4.2565 4.3785 4.484 4.6063 4.7224 4.8341 4.9573 5.0746 
 5.2036 5.3143 5.4375 5.5534 5.6702 5.7873 5.9113 6.0336 6.1507 6.2733 
 6.4034 6.5267 6.6507 6.7733 6.8978 7.0073 7.1296 7.2525 7.3564 7.4673 
 7.5915 7.6953 7.798 7.9215 8.0054 8.1292 8.2198 8.3177 8.4204 8.5056 
 8.5966 8.6736 8.7589 8.849 8.9267 8.9928 9.0701 9.1479 9.2252 9.3036 
 9.368 9.4393 9.4785 9.5367 9.5824 9.6281 9.6795 9.7383 9.7903 9.8353 
 9.874 9.9 9.9591 10.03 10.056 10.088 10.101 10.095 10.095 10.095 
 10.101 
1257.7 1258.2 1257.7 1256.4 1254.8 1252.4 1249.6 1246 1242.2 1237.3 
 1231.8 1226 1219.8 1212.6 1205 1196.9 1188.3 1178.6 1169.4 1159.4 
 1148.5 1137.7 1126.3 1114.3 1102.1 1089.1 1075.9 1062.8 1048.7 1034.4 
 1019.6 1004.8 989.82 974.29 958.58 942.74 926.32 909.56 893.07 876.05 
 859.41 841.98 824.46 806.69 789.15 771.46 753.2 735.05 716.75 698.15 
 679.78 661.02 642.6 623.96 605.13 586.57 567.73 548.75 529.95 511.01 
 491.9 472.67 453.85 434.58 415.76 396.95 377.92 359.32 340.67 322.33 
 303.71 285.67 267.55 249.62 231.93 214.64 198.05 181.47 164.85 148.5 
 132.51 116.91 101.43 86.441 71.873 57.544 43.857 30.581 18.301 7.8617 
 2.4917 2.0244 2.0241 2.0887 2.1718 2.2444 2.3416 2.4452 2.5361 2.6599 
 2.7502 2.8537 2.9634 3.0684 3.1772 3.3016 3.3988 3.5145 3.6255 3.7426 
 3.8524 3.9621 4.0868 4.1907 4.3254 4.4241 4.5462 4.6564 4.7802 4.9028 
 5.0271 5.1497 5.2549 5.3897 5.5003 5.61 5.7412 5.8707 5.9869 6.1105 
 6.2331 6.3628 6.481 6.6094 6.7276 6.8624 6.9868 7.1088 7.2193 7.336 
 7.4599 7.5835 7.6933 7.8027 7.9197 8.0307 8.1413 8.238 8.3417 8.4391 
 8.5234 8.6219 8.7184 8.8163 8.8938 8.9783 9.0565 9.1406 9.218 9.2889 
 9.3675 9.4199 9.4903 9.5363 9.5816 9.6397 9.7047 9.7506 9.8025 9.8411 
 9.8993 9.932 9.9582 9.9906 10.01 10.023 10.043 10.043 10.056 10.056 
 10.101 
1257.7 1253.5 1253 1251.8 1250.1 1248 1244.8 1241 1236.4 1231.8 
 1226.6 1220.5 1213.7 1206.6 1199.1 1191 1182.5 1173.2 1163.6 1153.6 
 1142.7 1132.3 1120.2 1108.5 1096 1083.1 1070.2 1056.4 1042.5 1028.5 
 1013.8 998.91 983.66 968.09 952.49 936.4 920.59 903.83 887.39 870.37 
 853.23 836.2 818.75 801.25 783.39 765.54 747.74 729.22 711.41 692.68 
 674.42 655.68 637.5 619.04 600.46 581.61 562.91 544.21 525.2 506.15 
 487.32 468.35 449.44 430.48 411.57 393.03 374.12 355.74 337.26 318.84 
 300.44 282.65 264.88 246.97 229.5 212.26 195.78 179.31 162.7 146.55 
 130.69 115.19 99.876 84.932 70.487 56.246 42.502 29.506 17.292 7.2309 
 1.8567 1.3533 1.343 1.3495 1.3816 1.4398 1.5118 1.5633 1.6417 1.7129 
 1.7904 1.8753 1.9461 2.0499 2.1215 2.1932 2.2897 2.3806 2.4652 2.556 
 2.641 2.7439 2.841 2.9389 3.0362 3.1268 3.2309 3.3283 3.4315 3.5356 
 3.6401 3.7495 3.8533 3.9569 4.0858 4.1771 4.314 4.4049 4.5414 4.6456 
 4.7615 4.8908 4.9948 5.1387 5.2492 5.3786 5.5002 5.6184 5.7599 5.8718 
 6.0019 6.1299 6.2608 6.3837 6.5067 6.6296 6.7478 6.8776 7.0074 7.1305 
 7.2342 7.3629 7.4668 7.6022 7.7208 7.8314 7.9467 8.0628 8.1747 8.2789 
 8.4021 8.5121 8.6219 8.7392 8.8432 8.9658 9.0688 9.161 9.2651 9.3616 
 9.4587 9.5558 9.6407 9.7313 9.7901 9.8742 9.9326 9.991 10.036 10.088 
 10.101 
1257.7 1256.1 1255.8 1254.9 1253.3 1251.3 1248.4 1245 1240.7 1235.7 
 1230.7 1224.9 1218.5 1211.6 1203.6 1195.5 1186.9 1177.9 1168.2 1158.6 
 1147.7 1136.5 1125.4 1113.3 1101.2 1088.3 1075.2 1061.5 1047.7 1034 
 1019 1004.2 989.1 973.6 958 941.83 925.98 909.45 892.63 876.13 
 858.94 841.69 824.27 806.9 788.87 771.07 753.4 735.07 716.57 698.49 
 680.23 661.81 643.2 624.52 605.9 587.18 568.29 549.51 530.76 511.93 
 493.12 473.7 455.01 436.25 417.08 398.32 379.58 361.61 343.1 324.55 
 306.22 287.74 269.89 251.92 234.29 217 199.76 182.85 166.1 149.88 
 133.72 118.13 102.84 87.67 72.998 58.64 44.719 31.341 18.952 8.196 
 2.0186 1.3495 1.3562 1.3949 1.4471 1.4997 1.5578 1.6356 1.707 1.7842 
 1.8557 1.9411 2.0189 2.0955 2.1872 2.2594 2.3557 2.4335 2.5238 2.616 
 2.7125 2.8037 2.901 2.9975 3.0889 3.1869 3.2898 3.3875 3.4916 3.5946 
 3.6917 3.8023 3.9188 4.03 4.1406 4.2513 4.3674 4.4711 4.6002 4.7241 
 4.8406 4.9636 5.0945 5.2243 5.3594 5.4828 5.62 5.7432 5.8851 6.0145 
 6.1514 6.2749 6.4182 6.542 6.6774 6.8061 6.9299 7.0664 7.189 7.312 
 7.4349 7.5601 7.6764 7.8002 7.917 8.0333 8.1555 8.267 8.3765 8.4937 
 8.5962 8.72 8.8235 8.9215 9.026 9.136 9.2261 9.3239 9.4139 9.4921 
 9.5761 9.6481 9.7187 9.7836 9.8225 9.8809 9.9261 9.9716 10.023 10.056 
 10.101 
1257.7 1256.1 1255.9 1254.9 1252.9 1250.4 1247.3 1243.8 1240.1 1235.2 
 1230.2 1224.5 1218.2 1211.2 1203.4 1195.5 1186.9 1178.4 1168.9 1159.2 
 1148.6 1137.5 1126.5 1114.6 1102.6 1090.3 1077.2 1064 1050.1 1036.2 
 1021.8 1007.1 992.42 976.88 962.02 945.95 930.19 913.67 897.4 880.4 
 863.4 846.35 828.88 811.61 793.99 776.14 758.28 740.38 722 703.62 
 685.32 666.91 648.18 629.67 611.23 592.41 573.55 554.82 535.71 516.94 
 498.21 479.11 460.3 441.28 422.27 403.56 384.57 365.7 346.92 328.5 
 309.76 291.33 273.39 255.37 237.47 219.89 203.13 186.38 169.57 152.98 
 136.71 120.82 105.35 90.142 75.219 60.815 46.614 32.993 20.197 8.6638 
 1.9615 1.4438 1.4273 1.4209 1.4527 1.5045 1.5507 1.6279 1.7129 1.7901 
 1.8615 1.9398 2.0297 2.1074 2.1986 2.2833 2.3607 2.4584 2.549 2.6404 
 2.7372 2.8209 2.925 3.0294 3.1191 3.2235 3.3274 3.4256 3.5344 3.6456 
 3.7631 3.8979 4.0277 4.1523 4.2621 4.3394 4.4373 4.5667 4.6972 4.8194 
 4.9417 5.0671 5.1969 5.3381 5.4629 5.5909 5.7416 5.8635 6.0004 6.1302 
 6.2664 6.397 6.5138 6.6432 6.7719 6.9014 7.0383 7.1494 7.271 7.4014 
 7.5189 7.6348 7.7451 7.8622 7.979 8.0762 8.18 8.2899 8.4015 8.4988 
 8.6023 8.7056 8.8097 8.9073 8.9985 9.1087 9.186 9.2902 9.3618 9.4455 
 9.5232 9.5946 9.6666 9.7178 9.7698 9.8348 9.8997 9.9453 9.9908 10.036 
 10.101 
1257.7 1256 1255.6 1254.2 1252.4 1250.2 1247.3 1243.4 1238.9 1234.8 
 1229.4 1223.6 1217.5 1211 1203.6 1195.9 1187.9 1179 1169.8 1160.3 
 1150 1139.4 1128 1116.7 1105.1 1092.8 1080.1 1067.7 1053.6 1039.9 
 1025.9 1011.2 996.28 981.43 966.31 950.85 934.72 918.6 902.34 885.81 
 869.23 852.25 835.34 817.65 800.12 782.32 764.84 747.05 728.79 710.39 
 692.05 673.85 655.41 636.6 617.92 599.25 580.58 561.56 542.71 523.82 
 504.92 485.67 466.86 447.71 428.86 410.43 391.8 373.16 354.42 335.85 
 317.18 298.65 280.39 262.19 244.44 226.69 209.11 191.79 174.73 158.13 
 141.57 125.55 109.8 94.385 79.356 64.647 50.57 36.798 23.632 11.222 
 2.2437 1.557 1.5506 1.5578 1.6025 1.635 1.6999 1.7723 1.8496 1.934 
 2.0049 2.0895 2.1749 2.2707 2.3553 2.4464 2.5379 2.6223 2.726 2.8229 
 2.933 3.0184 3.1217 3.2259 3.3357 3.433 3.5556 3.653 3.764 3.8869 
 3.9969 4.1202 4.2311 4.3473 4.4573 4.5822 4.6971 4.8279 4.9567 5.0818 
 5.2175 5.3338 5.4761 5.6 5.716 5.8652 5.9949 6.1197 6.2541 6.3645 
 6.4946 6.6308 6.7488 6.8783 6.9882 7.1252 7.2344 7.3587 7.4815 7.5915 
 7.708 7.8251 7.9345 8.0383 8.1499 8.2601 8.3639 8.4666 8.5712 8.668 
 8.7659 8.8627 8.96 9.0503 9.1414 9.2259 9.304 9.4009 9.4661 9.5506 
 9.6093 9.6804 9.758 9.8158 9.8684 9.9331 9.9783 10.03 10.069 10.101 
 10.101 
1257.7 1259.3 1258.4 1257 1254.9 1252.3 1249.3 1246.2 1241.9 1237 
 1231.7 1225.6 1219.4 1212.4 1205.2 1197.1 1188.9 1179.9 1170.6 1160.7 
 1150.7 1140.4 1129 1117.5 1105.2 1093.2 1080.2 1066.8 1053.4 1039.8 
 1026 1011.6 996.8 981.73 966.75 950.93 935.41 919.06 902.66 886.11 
 869.16 851.83 834.96 817.89 800.75 782.73 764.98 746.91 728.72 710.44 
 691.99 673.42 655.06 636.44 617.38 598.52 580 561.13 541.92 522.99 
 504.08 485.03 465.95 446.67 427.61 408.67 389.72 370.87 352.12 333.39 
 314.74 296.08 277.92 259.61 241.6 223.89 207.03 190.18 173.24 156.6 
 140.2 124.18 108.57 93.185 78.238 63.766 49.78 36.277 23.384 11.454 
 2.355 1.9302 1.7969 1.7322 1.7192 1.7192 1.7257 1.79 1.8613 1.9589 
 2.0505 2.1279 2.2253 2.3228 2.4127 2.5097 2.6084 2.7176 2.8217 2.9188 
 3.0238 3.1329 3.225 3.3405 3.4502 3.56 3.685 3.7827 3.8862 4.0079 
 4.1254 4.2305 4.36 4.4826 4.6049 4.7298 4.8454 4.9765 5.1059 5.2285 
 5.3511 5.4761 5.5977 5.735 5.8579 6.001 6.1182 6.2401 6.377 6.4936 
 6.6168 6.7469 6.8641 6.9942 7.1104 7.2201 7.3375 7.453 7.5701 7.7009 
 7.7971 7.9015 8.0188 8.1353 8.2327 8.3427 8.4585 8.5507 8.6547 8.7516 
 8.8486 8.9324 9.0172 9.1147 9.2063 9.2895 9.3678 9.4584 9.5177 9.5877 
 9.6529 9.7115 9.7699 9.8224 9.8672 9.9323 9.9651 10.004 10.043 10.088 
 10.101 
