IESNA:LM-63-2002
[TEST] 1
[TESTLAB] 
[TESTDATE] 2025-02-21
[ISSUEDATE] 2025-02-21 15:23:26
[LAMPPOSITION] 0,0
[OTHER] EVERFINE GO-2000A_V1 SYSTEM
[MANUFAC] 
[LUMINAIRE] 25W-5000K
[LAMP] DB77E-4-50L-UD-P-A5W5C5
TILT=NONE
1 3435.5 1 181 17 1 2 0.060 1.200 0.000
1.000 1 24.6847
0.0    1.0    2.0    3.0    4.0    5.0    6.0    7.0    8.0    9.0    
 10.0   11.0   12.0   13.0   14.0   15.0   16.0   17.0   18.0   19.0   
 20.0   21.0   22.0   23.0   24.0   25.0   26.0   27.0   28.0   29.0   
 30.0   31.0   32.0   33.0   34.0   35.0   36.0   37.0   38.0   39.0   
 40.0   41.0   42.0   43.0   44.0   45.0   46.0   47.0   48.0   49.0   
 50.0   51.0   52.0   53.0   54.0   55.0   56.0   57.0   58.0   59.0   
 60.0   61.0   62.0   63.0   64.0   65.0   66.0   67.0   68.0   69.0   
 70.0   71.0   72.0   73.0   74.0   75.0   76.0   77.0   78.0   79.0   
 80.0   81.0   82.0   83.0   84.0   85.0   86.0   87.0   88.0   89.0   
 90.0   91.0   92.0   93.0   94.0   95.0   96.0   97.0   98.0   99.0   
 100.0  101.0  102.0  103.0  104.0  105.0  106.0  107.0  108.0  109.0  
 110.0  111.0  112.0  113.0  114.0  115.0  116.0  117.0  118.0  119.0  
 120.0  121.0  122.0  123.0  124.0  125.0  126.0  127.0  128.0  129.0  
 130.0  131.0  132.0  133.0  134.0  135.0  136.0  137.0  138.0  139.0  
 140.0  141.0  142.0  143.0  144.0  145.0  146.0  147.0  148.0  149.0  
 150.0  151.0  152.0  153.0  154.0  155.0  156.0  157.0  158.0  159.0  
 160.0  161.0  162.0  163.0  164.0  165.0  166.0  167.0  168.0  169.0  
 170.0  171.0  172.0  173.0  174.0  175.0  176.0  177.0  178.0  179.0  
 180.0  
0.0    22.5   45.0   67.5   90.0   112.5  135.0  157.5  180.0  202.5  
 225.0  247.5  270.0  292.5  315.0  337.5  360.0  
1280.8 1283 1281.7 1279.8 1278.4 1275.2 1271.9 1268.2 1263.7 1259.2 
 1253.7 1248.1 1241.3 1234.2 1227.1 1219.3 1210.3 1201.3 1191.9 1182 
 1171.7 1160.9 1149.8 1138.2 1126.1 1113.2 1100.2 1087.3 1073.8 1060 
 1045.6 1031.1 1016.1 1000.7 984.94 969.03 952.69 936.26 919.87 903.13 
 885.94 868.89 851.32 833.74 815.75 797.84 779.63 761.39 743.08 724.48 
 706.01 686.8 667.92 649.3 630.04 610.67 591.5 572.46 553.05 533.59 
 514.26 494.77 475.45 455.84 436.4 416.97 397.54 378.27 359.21 340.21 
 321.13 302.23 283.63 264.98 246.69 228.78 210.9 193.99 176.87 159.77 
 143.15 126.83 110.79 95.218 79.932 65.156 50.895 36.961 23.821 11.661 
 2.4069 1.9692 1.8492 1.7841 1.7647 1.7646 1.7779 1.8355 1.9272 2.0107 
 2.1015 2.1988 2.2837 2.3807 2.4904 2.5881 2.6975 2.8025 2.8931 3.016 
 3.1146 3.2178 3.3269 3.4378 3.5546 3.6647 3.7814 3.8918 4.016 4.1201 
 4.2354 4.3664 4.4894 4.6123 4.7353 4.8589 4.9761 5.1127 5.2353 5.3704 
 5.4871 5.6178 5.7605 5.8777 6.014 6.1556 6.2794 6.4098 6.5318 6.6698 
 6.7981 6.9157 7.0328 7.1672 7.2859 7.4027 7.5253 7.6412 7.7589 7.8764 
 7.9987 8.1035 8.2193 8.337 8.4336 8.5374 8.6538 8.7456 8.8559 8.9529 
 9.0503 9.153 9.2514 9.349 9.4327 9.5237 9.5951 9.6793 9.7446 9.8086 
 9.8805 9.952 10.003 10.081 10.114 10.153 10.205 10.25 10.289 10.328 
 10.341 
1280.8 1284.8 1283.7 1282.2 1279.4 1277 1273.7 1270.2 1265.4 1259.9 
 1254.2 1248.2 1241.3 1234.2 1226.7 1218.4 1209.9 1200.9 1191.1 1181 
 1170.5 1159.3 1148.1 1136 1123.6 1111.2 1098.2 1084.5 1070.4 1056.4 
 1041.7 1027 1011.9 996.44 980.71 964.83 948.65 932.26 915.43 898.59 
 881.3 863.85 846.23 828.65 810.89 792.61 774.27 755.73 737.36 718.86 
 700.26 681.21 662.03 643.26 623.89 604.75 585.47 566.14 546.74 527.18 
 507.86 487.94 468.82 449.26 429.64 410.38 391.23 372.08 352.89 334.02 
 314.66 295.74 277.19 258.62 240.3 222.29 204.37 186.67 169.19 152.29 
 135.46 119.14 103.13 87.431 72.409 57.53 43.303 29.713 16.94 5.4685 
 1.6866 1.6609 1.6674 1.6936 1.7452 1.8039 1.8563 1.9399 2.0245 2.11 
 2.1939 2.2968 2.3823 2.4794 2.5756 2.6677 2.7574 2.8617 2.9588 3.0691 
 3.1732 3.2779 3.3814 3.4839 3.5886 3.7045 3.8022 3.9201 4.029 4.1458 
 4.2694 4.3859 4.504 4.6267 4.7496 4.8665 5.002 5.1143 5.2551 5.3671 
 5.5146 5.6262 5.7688 5.8979 6.0228 6.1646 6.2938 6.4307 6.5591 6.6953 
 6.8255 6.9549 7.085 7.1967 7.3194 7.4545 7.5724 7.7011 7.8193 7.9415 
 8.0512 8.1615 8.2799 8.396 8.5055 8.6102 8.7199 8.8242 8.9218 9.0184 
 9.1216 9.2324 9.3228 9.4014 9.4858 9.5824 9.667 9.7324 9.8033 9.8741 
 9.9467 10.017 10.069 10.115 10.16 10.199 10.238 10.263 10.309 10.322 
 10.341 
1280.8 1283 1281.4 1280 1277.7 1274.8 1271.2 1266.5 1261.7 1256.6 
 1250.2 1243.8 1237 1229.5 1221.1 1212.6 1203.5 1194 1183.6 1172.9 
 1161.9 1150.5 1138.4 1126 1113.3 1100 1086.5 1072.7 1058.4 1043.8 
 1028.7 1013.4 997.82 982.06 965.92 949.43 932.83 916.17 899.43 882.31 
 865.07 847.28 829.47 811.73 793.35 775.23 757.01 738.36 719.49 700.58 
 682.14 662.98 643.73 624.75 605.49 586.3 567.13 547.83 528.32 508.79 
 489.78 470.39 451.15 431.57 412.27 393.01 373.54 354.33 335.3 316.31 
 297.33 278.81 260.51 242.15 224.01 206.76 189.52 172.33 155.27 138.68 
 122.34 106.42 90.886 75.793 60.9 46.825 33.043 20.064 8.6466 2.0045 
 1.557 1.5505 1.5506 1.6025 1.6477 1.713 1.7838 1.8686 1.9587 2.056 
 2.1286 2.2125 2.2966 2.3934 2.4905 2.5819 2.6787 2.7696 2.8747 2.9643 
 3.0756 3.1721 3.2818 3.3798 3.4836 3.5997 3.7045 3.8219 3.9193 4.0284 
 4.1526 4.262 4.3736 4.4904 4.6066 4.7353 4.8532 4.9815 5.1195 5.2353 
 5.3583 5.4956 5.6257 5.7473 5.8839 6.0201 6.1377 6.2725 6.4023 6.5324 
 6.6558 6.7859 6.9088 7.0454 7.1749 7.2866 7.4098 7.526 7.654 7.7719 
 7.8887 8.0436 8.2325 8.4222 8.595 8.7527 8.8759 8.9791 9.0762 9.1599 
 9.2509 9.323 9.3944 9.4851 9.5366 9.6081 9.6796 9.7377 9.7966 9.8549 
 9.9197 9.9712 10.023 10.056 10.102 10.153 10.179 10.212 10.257 10.276 
 10.341 
1280.8 1279.9 1278.6 1276.3 1273.7 1270.7 1266.4 1262.1 1257 1251.5 
 1245.3 1238.4 1231.3 1223.4 1215.1 1206 1196.6 1186.8 1176.1 1165.5 
 1154.1 1142.2 1129.9 1117.3 1104.5 1090.9 1077.1 1063.2 1048.2 1033.6 
 1018.2 1002.7 986.78 971.03 954.8 938.29 921.5 904.26 887.11 869.8 
 851.94 834.47 816.32 798.48 780.22 762.06 743.71 724.95 706.18 687.28 
 668.66 649.74 630.73 611.75 592.58 573.36 554.17 535.12 515.61 496.58 
 477.19 457.77 438.55 419.41 400.5 381.6 362.7 343.68 324.8 306.1 
 287.35 268.9 250.8 232.71 215.01 197.53 180.39 163.38 146.72 130.54 
 114.38 98.721 83.52 68.661 54.298 40.443 27.143 14.973 5.5295 1.6516 
 1.4538 1.4858 1.5251 1.5836 1.6481 1.7137 1.7913 1.8621 1.9404 2.0192 
 2.1156 2.1999 2.2774 2.3689 2.4537 2.5497 2.6542 2.7326 2.8366 2.9326 
 3.024 3.1222 3.2259 3.3217 3.432 3.5488 3.6409 3.7515 3.8603 3.9641 
 4.0756 4.1863 4.3016 4.4189 4.5231 4.6333 4.7694 4.8869 5.0041 5.1261 
 5.2504 5.3795 5.5024 5.626 5.7484 5.8931 6.0151 6.1449 6.2805 6.4176 
 6.5279 6.6698 6.7938 6.9229 7.0468 7.164 7.2924 7.4106 7.5336 7.6634 
 7.7736 7.8959 8.0202 8.1236 8.2398 8.351 8.4601 8.5707 8.6818 8.7846 
 8.8951 8.9931 9.1032 9.1931 9.2911 9.3819 9.4669 9.5632 9.6481 9.7254 
 9.8104 9.8879 9.9524 10.017 10.069 10.134 10.18 10.238 10.276 10.309 
 10.341 
1280.8 1274.5 1273.7 1271.6 1268.9 1265.9 1261.8 1257.3 1252 1245.9 
 1239.8 1232.8 1225.3 1217.3 1208.7 1200 1190.4 1180.4 1169.4 1158.8 
 1147.6 1135.3 1123.2 1110.1 1096.5 1083.1 1069.8 1055.3 1040.8 1025.8 
 1010.3 994.69 978.82 962.57 946.31 929.95 913.35 896.08 878.84 861.7 
 843.93 826.24 808.48 790.62 772.38 753.94 735.57 716.78 698.24 679.51 
 660.78 642.11 623.21 604.11 585.01 566.21 547.09 527.94 508.67 489.33 
 470.33 451.16 431.9 412.75 394.06 375.37 356.43 337.87 319.17 300.61 
 282.06 263.97 245.94 228.25 210.84 193.39 176.27 159.6 143.15 127.02 
 111.16 95.866 80.751 66.154 51.907 38.184 25.249 13.537 5.065 2.1339 
 2.0825 2.1408 2.219 2.3096 2.3883 2.4857 2.5887 2.6864 2.7967 2.9074 
 2.9979 3.1144 3.2305 3.3417 3.4385 3.5627 3.6731 3.7893 3.9122 4.0355 
 4.1464 4.2564 4.3665 4.4969 4.6134 4.7364 4.8664 4.9829 5.1056 5.2292 
 5.3463 5.4638 5.587 5.6961 5.8339 5.9495 6.0657 6.1906 6.3129 6.4362 
 6.5602 6.6832 6.8128 6.9241 7.0601 7.1753 7.2869 7.4024 7.5257 7.6432 
 7.7658 7.8706 7.987 8.0974 8.2144 8.3186 8.4287 8.5245 8.6296 8.7525 
 8.8365 8.9278 9.0181 9.0955 9.1864 9.2717 9.3554 9.4147 9.4985 9.5762 
 9.6536 9.7188 9.7703 9.8353 9.9005 9.9584 10.018 10.075 10.127 10.192 
 10.237 10.264 10.309 10.354 10.387 10.387 10.387 10.387 10.38 10.38 
 10.341 
1280.8 1278.1 1276.4 1274.5 1271.8 1268.5 1264.4 1260 1255.1 1249.5 
 1243.2 1236.3 1229 1221.3 1213 1203.9 1194.4 1184.5 1174 1163.5 
 1152.1 1140.1 1128 1115.1 1101.8 1088.7 1074.9 1060.6 1045.9 1031.6 
 1016.1 1000.7 984.82 968.78 952.41 935.88 919.55 902.05 884.81 867.52 
 850.07 832.52 814.34 796.4 778.23 759.77 741.46 722.67 704.34 685.37 
 666.41 647.38 628.45 609.59 590.24 571.4 552.29 533.08 513.79 494.61 
 475.28 456.02 436.66 417.16 398.13 378.98 359.81 341.05 322.29 303.71 
 285.18 266.8 248.65 230.67 213.26 196.33 179.39 162.54 145.93 129.62 
 113.69 98.129 82.815 67.97 53.532 39.628 26.528 14.395 5.4595 2.2282 
 2.1283 2.1473 2.2246 2.3025 2.3997 2.5032 2.6003 2.6987 2.8136 2.9194 
 3.0297 3.1332 3.2371 3.3526 3.4768 3.5862 3.7036 3.8262 3.9424 4.0531 
 4.1644 4.3054 4.418 4.5339 4.651 4.7746 4.903 5.0327 5.143 5.26 
 5.3839 5.5001 5.6117 5.7394 5.8631 5.9935 6.104 6.234 6.3566 6.4729 
 6.6156 6.7266 6.8569 6.9738 7.0906 7.225 7.3304 7.454 7.5708 7.6927 
 7.8093 7.9203 8.051 8.1476 8.2581 8.3614 8.4713 8.5565 8.6666 8.7578 
 8.8477 8.9326 9.0165 9.0883 9.1732 9.2448 9.3344 9.387 9.4517 9.517 
 9.5815 9.6337 9.6922 9.7311 9.7962 9.8611 9.9127 9.9647 10.017 10.055 
 10.101 10.133 10.147 10.179 10.218 10.244 10.257 10.276 10.283 10.283 
 10.341 
1280.8 1278.1 1277 1275.3 1273.1 1269.9 1266.1 1262.1 1257.2 1252 
 1246.5 1240 1233.2 1225.7 1217.6 1209.2 1199.7 1190.2 1180.1 1169.3 
 1158.4 1147.3 1135.6 1123.5 1111 1097.8 1084.3 1070.4 1056.9 1042.2 
 1027.5 1012.2 996.73 980.99 965.01 948.51 931.86 914.91 898.24 881.03 
 863.95 846.12 828.47 810.43 792.41 774.41 755.97 737.28 718.97 700.03 
 681.3 662.12 643.17 624.2 605.12 586.03 566.84 547.67 528.41 508.78 
 489.87 470.56 451.46 431.89 412.81 393.85 374.89 356.08 336.75 317.83 
 298.88 280.41 261.86 243.41 225.55 207.63 190.19 172.81 155.86 139.27 
 122.87 106.95 91.256 76.168 61.245 46.906 33.151 20.162 8.7275 2.5352 
 2.2577 2.3033 2.375 2.4586 2.543 2.6527 2.7439 2.8488 2.9589 3.0683 
 3.1919 3.2963 3.4119 3.5296 3.6455 3.7636 3.8868 3.9962 4.1075 4.2307 
 4.3395 4.4706 4.5935 4.7169 4.8459 4.9624 5.0857 5.2093 5.3384 5.4447 
 5.5737 5.6834 5.8005 5.9239 6.0526 6.1633 6.306 6.4351 6.5455 6.6763 
 6.805 6.9236 7.053 7.1888 7.3056 7.4157 7.5444 7.6425 7.7583 7.8832 
 7.999 8.1165 8.2339 8.343 8.4403 8.5506 8.6477 8.7386 8.855 8.9337 
 9.0249 9.1214 9.1931 9.2832 9.3624 9.4396 9.5177 9.5827 9.6471 9.7121 
 9.7763 9.8355 9.8807 9.9329 9.9905 10.043 10.089 10.14 10.179 10.218 
 10.25 10.276 10.289 10.322 10.348 10.348 10.348 10.348 10.348 10.348 
 10.341 
1280.8 1278.9 1277.9 1276.6 1274.6 1271.7 1268.1 1264.2 1259.9 1255 
 1249.4 1242.9 1236.6 1229.7 1221.8 1213.6 1204.9 1195.9 1186.4 1176.3 
 1165.5 1154.6 1143.2 1131.5 1119.3 1106.1 1093.6 1080.1 1066.2 1052.4 
 1037.5 1022.5 1007.1 992.24 976.55 960.31 944.33 927.55 911.05 894.26 
 876.6 859.22 841.88 823.89 806.17 787.89 770.08 751.72 733.34 714.29 
 695.37 676.73 657.66 638.72 619.48 600.52 581.23 561.9 542.78 523.2 
 504.06 484.55 465.2 445.46 426.22 406.92 387.34 368.2 349.08 330.01 
 310.9 292.28 273.78 255.09 236.97 218.87 201.72 184.57 167.13 150.32 
 133.45 117.23 101.16 85.645 70.411 55.675 41.431 27.856 15.019 4.4205 
 2.4305 2.4135 2.4134 2.4713 2.5428 2.6454 2.7374 2.847 2.9565 3.0747 
 3.1845 3.3009 3.4119 3.5345 3.6449 3.7626 3.8913 4.0021 4.1256 4.2357 
 4.3579 4.4812 4.5981 4.7227 4.8392 4.9678 5.0909 5.2148 5.3384 5.4495 
 5.5724 5.6883 5.8118 5.9348 6.0648 6.1811 6.2982 6.4218 6.5505 6.6684 
 6.7985 6.9157 7.0315 7.1601 7.2787 7.3952 7.5178 7.6274 7.7389 7.856 
 7.9728 8.0889 8.1867 8.3025 8.4006 8.5035 8.5958 8.7119 8.7965 8.8938 
 8.9787 9.0755 9.1529 9.2313 9.3221 9.3999 9.4709 9.5491 9.5946 9.672 
 9.7247 9.7699 9.8285 9.8738 9.9388 9.9909 10.049 10.088 10.14 10.179 
 10.211 10.224 10.244 10.27 10.296 10.341 10.341 10.348 10.348 10.354 
 10.341 
1280.8 1283 1282.2 1281 1278.9 1276 1273.2 1269.4 1265.8 1261.2 
 1255.5 1249.8 1243.5 1236.7 1229.5 1221.7 1213.2 1204.2 1194.8 1185.4 
 1175.1 1164.5 1153.5 1141.8 1129.5 1116.8 1104.6 1091.7 1078 1064.3 
 1049.8 1034.9 1019.9 1004.2 988.69 973.01 956.57 940.68 923.87 907.06 
 889.53 872.65 855.22 837.5 819.67 801.79 783.69 765.15 746.69 728.04 
 709.06 690.11 671.17 652.44 633 613.9 594.28 575.11 555.74 536.41 
 516.56 497.02 477.58 457.84 438.56 419.14 399.92 380.7 361.48 342.28 
 323.02 304.13 285.22 266.64 248.12 229.96 212.18 194.3 176.76 159.68 
 142.77 126.53 110.37 94.676 79.387 64.46 50.223 36.438 23.281 11.151 
 2.6918 2.5886 2.595 2.595 2.6411 2.6996 2.7833 2.8752 2.9913 3.1084 
 3.2178 3.3479 3.4595 3.5747 3.6977 3.8271 3.9449 4.0627 4.1854 4.3089 
 4.4248 4.5478 4.671 4.795 4.9126 5.0409 5.1636 5.2882 5.4105 5.5228 
 5.6447 5.7551 5.878 5.9959 6.1181 6.2421 6.359 6.4883 6.6048 6.7271 
 6.8511 6.9744 7.0918 7.2073 7.3319 7.4478 7.5519 7.6681 7.7716 7.8825 
 7.9934 8.097 8.2145 8.3115 8.4017 8.5057 8.6031 8.6996 8.7977 8.8876 
 8.972 9.0503 9.1421 9.2255 9.29 9.3814 9.4526 9.5173 9.589 9.6471 
 9.7055 9.7574 9.8155 9.8616 9.9263 9.991 10.036 10.082 10.14 10.173 
 10.212 10.231 10.257 10.296 10.335 10.361 10.361 10.361 10.361 10.361 
 10.341 
1280.8 1285.6 1284.8 1283.8 1282.2 1279.5 1276.3 1272.8 1268.8 1263.9 
 1258.7 1253.3 1246.9 1240.4 1233.4 1225.2 1217.1 1207.7 1198.3 1188.3 
 1178 1167.2 1156.3 1144.3 1132.5 1120 1107.1 1093.8 1080.2 1066.3 
 1052 1037.3 1022.2 1007.4 991.46 975.39 959.16 942.97 926.35 909.34 
 891.91 874.79 857.22 839.72 821.86 803.72 785.37 766.89 748.44 729.78 
 710.63 691.62 672.8 653.65 634.39 615.13 595.9 576.34 556.83 537.21 
 517.7 498.03 478.43 458.69 439.29 419.39 399.75 380.57 361.31 342.11 
 322.93 303.82 285.13 266.34 247.85 229.56 211.83 194.53 177.23 160.08 
 143 126.56 110.23 94.486 79.042 64.096 49.642 35.672 22.405 10.121 
 2.5919 2.3749 2.3745 2.3874 2.4643 2.5358 2.6274 2.7359 2.8412 2.9515 
 3.0621 3.1724 3.2937 3.4057 3.5209 3.6316 3.7432 3.859 3.9819 4.1052 
 4.2169 4.3385 4.4557 4.5735 4.6961 4.8187 4.9416 5.0472 5.1883 5.3002 
 5.4219 5.5455 5.6623 5.7852 5.9028 6.0202 6.1361 6.265 6.3894 6.5056 
 6.6292 6.7467 6.875 6.9923 7.1104 7.2262 7.3293 7.453 7.5702 7.6676 
 7.7843 7.9069 8.0045 8.1159 8.225 8.3163 8.4134 8.518 8.6081 8.7112 
 8.7897 8.8738 8.9524 9.0296 9.1205 9.1925 9.2708 9.3224 9.4003 9.4644 
 9.523 9.5685 9.6209 9.679 9.7443 9.8021 9.8603 9.9123 9.952 9.9841 
 10.023 10.055 10.088 10.133 10.172 10.192 10.218 10.244 10.263 10.27 
 10.341 
1280.8 1284.2 1283.8 1282.7 1280.9 1278.7 1275.9 1272.3 1268 1263.6 
 1258.3 1252.5 1246.1 1239 1231.7 1224 1214.7 1206.4 1196.9 1186.5 
 1175.9 1165.3 1154 1142 1130.1 1117.4 1104.4 1090.7 1077 1062.7 
 1048.2 1033.6 1017.8 1002.7 986.58 970.86 954.61 938.09 921.27 904.61 
 886.87 869.42 851.61 833.98 815.71 797.76 779.43 761.18 742.46 723.83 
 704.7 685.83 666.55 647.72 628.38 609.26 589.7 570.37 550.95 531.4 
 512.03 492.83 473.28 453.75 434.31 415.05 396.08 377.1 357.83 338.36 
 319.36 300.38 281.63 263.12 244.83 226.57 208.7 191.1 173.84 156.83 
 140.21 123.91 107.85 92.346 77.109 62.221 47.993 34.115 21.046 9.3717 
 2.5993 2.1863 2.2314 2.3036 2.3815 2.4659 2.5622 2.6666 2.7707 2.881 
 2.984 3.0894 3.2046 3.3146 3.4262 3.5485 3.653 3.7759 3.8924 4.0092 
 4.1202 4.2438 4.36 4.4694 4.5929 4.7097 4.8337 4.9572 5.067 5.1835 
 5.3064 5.43 5.5414 5.6646 5.7808 5.9099 6.0332 6.1429 6.279 6.3966 
 6.5264 6.6497 6.7791 6.9021 7.0267 7.1493 7.2661 7.3891 7.5059 7.6227 
 7.7402 7.857 7.9854 8.0961 8.2006 8.3052 8.4074 8.5118 8.6086 8.7134 
 8.803 8.8946 8.9723 9.0571 9.141 9.2191 9.303 9.3683 9.4397 9.5107 
 9.5694 9.634 9.6858 9.7377 9.7962 9.8614 9.9132 9.9717 10.03 10.062 
 10.101 10.133 10.179 10.237 10.276 10.315 10.322 10.322 10.322 10.322 
 10.341 
1280.8 1280.7 1280.5 1279.3 1278 1275.5 1272.6 1269.2 1265 1260.2 
 1255 1249 1242.3 1235.1 1227.2 1219.1 1210.5 1201.7 1191.7 1181.9 
 1170.4 1159.1 1147.7 1135.8 1123.3 1110.4 1097.3 1083.8 1069.6 1055.1 
 1040.2 1025.3 1009.4 993.77 978.22 961.92 945.43 928.72 911.64 894.1 
 876.79 859.38 841.74 823.81 805.55 787.6 769.2 750.5 732.15 713.34 
 694.52 675.68 656.65 637.53 618.47 599.44 580.12 561.09 541.83 522.31 
 503.11 483.48 464.36 444.82 425.47 406.28 386.82 367.79 348.69 329.75 
 310.95 292.38 274.14 255.61 237.65 219.8 202.87 185.95 169.06 152.37 
 135.76 119.93 104.02 88.86 73.81 59.23 45.135 31.602 19.013 8.301 
 2.5678 2.0898 2.0761 2.1469 2.2316 2.3084 2.4 2.4976 2.6076 2.7045 
 2.8091 2.9121 3.0285 3.1388 3.2556 3.3604 3.483 3.5872 3.7155 3.8197 
 3.9434 4.0538 4.1773 4.301 4.4239 4.534 4.6498 4.7747 4.8963 5.0135 
 5.1442 5.2598 5.3775 5.4928 5.6105 5.7477 5.8636 5.9996 6.1096 6.2276 
 6.3623 6.4804 6.6097 6.7398 6.8622 6.9933 7.1098 7.2395 7.3615 7.4915 
 7.6224 7.7392 7.8758 7.9911 8.0965 8.2068 8.3156 8.4259 8.5304 8.6596 
 8.7444 8.8355 8.9261 9.0226 9.1018 9.1924 9.283 9.3477 9.4132 9.5039 
 9.5556 9.6142 9.6721 9.7441 9.809 9.8674 9.9255 9.9776 10.042 10.094 
 10.133 10.166 10.192 10.231 10.244 10.263 10.283 10.296 10.296 10.296 
 10.341 
1280.8 1275.7 1275.7 1274.3 1272.8 1270.5 1267.3 1263.6 1259.3 1254.4 
 1248.8 1242.7 1235.7 1229 1221.2 1213.1 1204.2 1195.1 1185.2 1174.8 
 1164.6 1153.4 1141.4 1129.5 1117 1104 1090.4 1077.2 1063 1049 
 1033.5 1018.3 1003 987.29 971.19 954.99 938.54 921.63 905 887.54 
 870.49 853.32 835.1 817.48 799.44 781.19 762.9 744.71 726.04 707.42 
 688.69 669.84 650.89 632.14 613.15 594.3 574.95 556.01 536.56 517.19 
 497.98 478.47 459.51 440.14 420.81 401.71 382.58 363.69 344.99 326.23 
 307.58 289.04 271.02 252.83 234.86 217.16 200.4 183.65 166.69 150.19 
 133.88 117.96 102.47 87.147 72.333 57.899 43.864 30.494 18.046 7.5809 
 1.9722 1.3911 1.3755 1.3818 1.4144 1.4784 1.5442 1.6218 1.6869 1.7706 
 1.8421 1.9266 2.0112 2.0953 2.179 2.2638 2.3603 2.4512 2.5294 2.6212 
 2.7175 2.8153 2.9119 3.0095 3.1135 3.2165 3.3153 3.4244 3.5216 3.632 
 3.7424 3.8403 3.9509 4.0677 4.1836 4.3068 4.4052 4.5268 4.6497 4.7679 
 4.8905 5.0022 5.132 5.2542 5.384 5.5015 5.6299 5.7657 5.8908 6.0138 
 6.1361 6.279 6.4015 6.5383 6.655 6.7857 6.9096 7.0258 7.1494 7.2774 
 7.4086 7.5319 7.6552 7.765 7.8939 8.0115 8.1286 8.2577 8.3623 8.4923 
 8.602 8.7194 8.8298 8.9395 9.0563 9.1721 9.2834 9.3864 9.4841 9.5946 
 9.685 9.7826 9.8866 9.9578 10.036 10.107 10.172 10.231 10.27 10.328 
 10.341 
1280.8 1279.2 1278.1 1277.4 1276 1273.3 1270.3 1266.8 1263 1257.8 
 1252.7 1246.8 1240.2 1233.2 1225.7 1217.6 1208.6 1199.6 1190 1179.4 
 1168.8 1157.6 1146 1134 1121.3 1108.5 1095.4 1081.8 1067.7 1053.4 
 1038.7 1023.6 1008 992.39 976.74 960.36 944.11 927.41 910.32 893.41 
 875.95 858.17 840.76 823.04 804.9 786.75 768.68 750.16 731.62 713.05 
 694.3 675.36 656.5 637.84 618.46 599.85 580.43 561.33 542.03 522.83 
 503.64 484.25 464.99 445.48 426.16 407.25 388.44 369.63 350.53 331.76 
 312.92 294.25 276.02 257.77 239.8 222.07 204.49 187.1 170.09 153.49 
 136.95 121.05 105.29 89.883 74.951 60.222 46.053 32.356 19.752 8.6552 
 2.1454 1.382 1.395 1.4341 1.4922 1.5514 1.6098 1.6804 1.7518 1.8303 
 1.9078 1.9857 2.0706 2.1604 2.245 2.324 2.4086 2.5053 2.5952 2.687 
 2.7782 2.8743 2.9789 3.0754 3.1792 3.2715 3.3744 3.4716 3.5889 3.6732 
 3.7962 3.8932 4.0171 4.1335 4.2436 4.373 4.4833 4.6008 4.7241 4.8474 
 4.97 5.0941 5.2246 5.3542 5.4956 5.6122 5.7495 5.8855 6.0278 6.1649 
 6.3068 6.4367 6.5737 6.7087 6.826 6.9627 7.1 7.235 7.3509 7.4878 
 7.6101 7.7344 7.8642 7.9867 8.0975 8.2213 8.3369 8.4666 8.5776 8.6954 
 8.817 8.9212 9.0312 9.1424 9.2523 9.3497 9.4529 9.5446 9.6286 9.7195 
 9.7974 9.8744 9.9587 10.011 10.069 10.114 10.16 10.218 10.27 10.296 
 10.341 
1280.8 1278.9 1278.2 1277.4 1275.7 1273 1269.4 1266.3 1262 1257.4 
 1252.3 1246.6 1240.1 1233.5 1226 1218 1209.3 1200.4 1190.5 1180.7 
 1169.9 1158.9 1147.5 1135.4 1123.6 1110.2 1097.6 1084.2 1070.4 1056.1 
 1041.4 1026.9 1011.6 996.24 980.5 964 948 931.55 914.78 897.9 
 880.71 863.54 845.56 828.11 809.9 791.66 773.78 755.49 736.74 718.12 
 699.51 680.56 661.54 643.03 623.61 604.75 585.38 566.21 547 527.51 
 508.57 489.17 470 450.58 431.06 411.79 392.7 373.35 354.27 335.53 
 316.48 297.77 279.43 260.95 242.65 224.62 207.52 190.43 173.19 156.47 
 139.78 123.53 107.73 92.112 76.96 62.221 47.704 33.838 20.823 8.9613 
 1.9953 1.4791 1.4599 1.4533 1.4853 1.5372 1.6088 1.6744 1.7521 1.8355 
 1.9201 1.9986 2.0828 2.1602 2.2518 2.3427 2.4462 2.5298 2.6281 2.712 
 2.8164 2.9132 3.01 3.1141 3.2121 3.3279 3.4261 3.5288 3.6271 3.7507 
 3.8737 4.0096 4.1459 4.2759 4.3791 4.47 4.5665 4.7025 4.8256 4.9571 
 5.0865 5.2149 5.3583 5.4758 5.6057 5.7476 5.8775 6.0145 6.1512 6.3067 
 6.4172 6.5645 6.689 6.8177 6.9489 7.0791 7.2152 7.3295 7.4594 7.578 
 7.7002 7.831 7.9407 8.0578 8.1675 8.2791 8.3949 8.5053 8.6217 8.7132 
 8.8235 8.9329 9.0309 9.1353 9.2385 9.3361 9.4391 9.5231 9.6081 9.699 
 9.7635 9.8415 9.9197 9.9714 10.024 10.095 10.134 10.192 10.237 10.283 
 10.341 
1280.8 1279.3 1278.7 1277.3 1275.4 1273.1 1269.9 1266.4 1262.1 1258 
 1252.8 1246.6 1240.3 1233.4 1226 1218.5 1209.7 1200.7 1191.5 1181.6 
 1171.2 1160.8 1149.8 1137.8 1125.9 1113.3 1100.5 1087.4 1073.5 1059.6 
 1045.2 1030.6 1015.3 1000.1 984.44 968.95 952.7 936.33 920.04 903.04 
 885.78 869.01 851.48 833.76 815.88 797.88 779.79 761.47 743.14 724.58 
 706.05 687.33 668.28 649.31 630.36 611.51 592.26 573.29 553.84 534.66 
 515.06 495.84 476.61 457.37 437.84 418.61 400.34 381.03 361.73 342.63 
 323.53 304.82 286.22 267.66 249.42 231.31 213.53 195.84 178.38 161.42 
 144.48 128.13 112 96.208 80.834 65.894 51.376 37.351 24.021 11.402 
 2.2974 1.6089 1.6025 1.6094 1.6421 1.694 1.7524 1.8107 1.9018 1.9727 
 2.0765 2.1616 2.2518 2.3231 2.4207 2.5178 2.616 2.7192 2.8165 2.9072 
 3.0043 3.1216 3.2249 3.3295 3.4264 3.5371 3.6529 3.7629 3.8797 3.9911 
 4.114 4.2312 4.3544 4.4716 4.5946 4.7176 4.8479 4.9639 5.1008 5.2292 
 5.36 5.4823 5.6193 5.7506 5.8861 6.0219 6.1503 6.2818 6.411 6.5468 
 6.6759 6.8012 6.9229 7.0536 7.1762 7.3002 7.4225 7.5454 7.6635 7.78 
 7.8968 8.0134 8.1369 8.2346 8.351 8.4666 8.5704 8.6748 8.7792 8.8827 
 8.986 9.0903 9.1878 9.2779 9.3752 9.4591 9.5447 9.6345 9.7058 9.7773 
 9.8612 9.9326 9.991 10.056 10.114 10.167 10.225 10.27 10.322 10.354 
 10.341 
1280.8 1283 1281.7 1279.8 1278.4 1275.2 1271.9 1268.2 1263.7 1259.2 
 1253.7 1248.1 1241.3 1234.2 1227.1 1219.3 1210.3 1201.3 1191.9 1182 
 1171.7 1160.9 1149.8 1138.2 1126.1 1113.2 1100.2 1087.3 1073.8 1060 
 1045.6 1031.1 1016.1 1000.7 984.94 969.03 952.69 936.26 919.87 903.13 
 885.94 868.89 851.32 833.74 815.75 797.84 779.63 761.39 743.08 724.48 
 706.01 686.8 667.92 649.3 630.04 610.67 591.5 572.46 553.05 533.59 
 514.26 494.77 475.45 455.84 436.4 416.97 397.54 378.27 359.21 340.21 
 321.13 302.23 283.63 264.98 246.69 228.78 210.9 193.99 176.87 159.77 
 143.15 126.83 110.79 95.218 79.932 65.156 50.895 36.961 23.821 11.661 
 2.4069 1.9692 1.8492 1.7841 1.7647 1.7646 1.7779 1.8355 1.9272 2.0107 
 2.1015 2.1988 2.2837 2.3807 2.4904 2.5881 2.6975 2.8025 2.8931 3.016 
 3.1146 3.2178 3.3269 3.4378 3.5546 3.6647 3.7814 3.8918 4.016 4.1201 
 4.2354 4.3664 4.4894 4.6123 4.7353 4.8589 4.9761 5.1127 5.2353 5.3704 
 5.4871 5.6178 5.7605 5.8777 6.014 6.1556 6.2794 6.4098 6.5318 6.6698 
 6.7981 6.9157 7.0328 7.1672 7.2859 7.4027 7.5253 7.6412 7.7589 7.8764 
 7.9987 8.1035 8.2193 8.337 8.4336 8.5374 8.6538 8.7456 8.8559 8.9529 
 9.0503 9.153 9.2514 9.349 9.4327 9.5237 9.5951 9.6793 9.7446 9.8086 
 9.8805 9.952 10.003 10.081 10.114 10.153 10.205 10.25 10.289 10.328 
 10.341 
