IESNA:LM-63-2002
[TEST] 1
[TESTLAB] 
[TESTDATE] 2025-02-21
[ISSUEDATE] 2025-02-21 15:06:44
[LAMPPOSITION] 0,0
[OTHER] EVERFINE GO-2000A_V1 SYSTEM
[MANUFAC] 
[LUMINAIRE] 25W-6500K
[LAMP] DB77E-4-50L-UD-P-A5W5C5
TILT=NONE
1 3430.1 1 181 17 1 2 0.060 1.200 0.000
1.000 1 25.0717
0.0    1.0    2.0    3.0    4.0    5.0    6.0    7.0    8.0    9.0    
 10.0   11.0   12.0   13.0   14.0   15.0   16.0   17.0   18.0   19.0   
 20.0   21.0   22.0   23.0   24.0   25.0   26.0   27.0   28.0   29.0   
 30.0   31.0   32.0   33.0   34.0   35.0   36.0   37.0   38.0   39.0   
 40.0   41.0   42.0   43.0   44.0   45.0   46.0   47.0   48.0   49.0   
 50.0   51.0   52.0   53.0   54.0   55.0   56.0   57.0   58.0   59.0   
 60.0   61.0   62.0   63.0   64.0   65.0   66.0   67.0   68.0   69.0   
 70.0   71.0   72.0   73.0   74.0   75.0   76.0   77.0   78.0   79.0   
 80.0   81.0   82.0   83.0   84.0   85.0   86.0   87.0   88.0   89.0   
 90.0   91.0   92.0   93.0   94.0   95.0   96.0   97.0   98.0   99.0   
 100.0  101.0  102.0  103.0  104.0  105.0  106.0  107.0  108.0  109.0  
 110.0  111.0  112.0  113.0  114.0  115.0  116.0  117.0  118.0  119.0  
 120.0  121.0  122.0  123.0  124.0  125.0  126.0  127.0  128.0  129.0  
 130.0  131.0  132.0  133.0  134.0  135.0  136.0  137.0  138.0  139.0  
 140.0  141.0  142.0  143.0  144.0  145.0  146.0  147.0  148.0  149.0  
 150.0  151.0  152.0  153.0  154.0  155.0  156.0  157.0  158.0  159.0  
 160.0  161.0  162.0  163.0  164.0  165.0  166.0  167.0  168.0  169.0  
 170.0  171.0  172.0  173.0  174.0  175.0  176.0  177.0  178.0  179.0  
 180.0  
0.0    22.5   45.0   67.5   90.0   112.5  135.0  157.5  180.0  202.5  
 225.0  247.5  270.0  292.5  315.0  337.5  360.0  
1277.5 1279.2 1278.2 1276.4 1274.3 1272 1268.9 1265.4 1261 1256.2 
 1251 1245.1 1238.9 1231.5 1224.1 1216.1 1207.2 1198.5 1188.8 1179.1 
 1168.8 1158.2 1146.7 1134.6 1122.9 1110.7 1098.1 1084.8 1070.9 1057.1 
 1042.9 1028.5 1013.5 998.27 982.97 967 950.74 934.52 917.82 901.06 
 884.25 867.25 849.7 832.58 814.58 796.51 778.54 760.4 741.74 723.03 
 704.44 685.78 666.83 647.96 628.88 609.76 590.43 571.38 551.89 532.68 
 513.4 494.04 474.7 455.42 436 416.62 397.45 377.94 358.66 339.72 
 320.64 302 283.34 264.87 246.64 228.45 210.69 193.65 176.63 159.73 
 142.92 126.61 110.54 94.93 79.707 64.963 50.681 36.854 23.722 11.551 
 2.3744 1.9585 1.8295 1.7646 1.7517 1.7517 1.765 1.8169 1.9008 1.9986 
 2.0887 2.1863 2.2769 2.3875 2.4721 2.5759 2.6733 2.7824 2.8942 2.9904 
 3.0952 3.211 3.3161 3.4246 3.5287 3.6452 3.7616 3.8791 3.9839 4.1127 
 4.2243 4.3405 4.458 4.5799 4.71 4.833 4.9569 5.0799 5.2093 5.3452 
 5.4825 5.5861 5.7231 5.864 5.9938 6.124 6.2548 6.39 6.5068 6.6438 
 6.7599 6.8836 7.0137 7.1428 7.2538 7.377 7.487 7.6097 7.7401 7.8504 
 7.9601 8.0778 8.1869 8.2975 8.4087 8.512 8.6152 8.7126 8.8237 8.9208 
 9.0116 9.1079 9.205 9.2897 9.3872 9.4788 9.5622 9.6411 9.7051 9.7956 
 9.8481 9.9129 9.9718 10.024 10.075 10.127 10.173 10.224 10.257 10.283 
 10.315 
1277.5 1282 1281 1279.2 1276.7 1274.2 1270.9 1266.9 1262.6 1257.3 
 1252.2 1245.8 1239.3 1232.1 1224.3 1216.2 1207.3 1198.2 1188.6 1178.1 
 1167.9 1156.6 1145.3 1133.4 1120.9 1108.1 1095.3 1082.3 1068.2 1054 
 1039.3 1024.9 1009.8 994.14 978.5 962.71 946.53 929.87 913.01 896.05 
 879 861.97 844.28 826.79 808.75 790.95 772.92 754.49 735.88 717.36 
 698.61 679.87 660.69 641.93 622.85 603.67 584.49 565.25 545.74 526.51 
 506.99 487.46 468.18 448.6 428.99 409.83 390.87 371.9 352.49 333.48 
 314.39 295.51 277 258.21 240.07 222.07 204.18 186.56 169.22 152.18 
 135.32 119.04 102.93 87.295 72.234 57.49 43.288 29.588 16.817 5.4596 
 1.6802 1.6479 1.6546 1.6809 1.7322 1.7907 1.85 1.9344 2.0182 2.0968 
 2.1933 2.2841 2.3745 2.4656 2.5635 2.6612 2.7509 2.8429 2.9528 3.0499 
 3.1539 3.2448 3.3673 3.4644 3.5691 3.6799 3.8024 3.906 4.0173 4.1399 
 4.2564 4.3746 4.4971 4.6069 4.737 4.8606 4.9833 5.1123 5.2369 5.3532 
 5.4964 5.612 5.7486 5.8789 6.0208 6.1391 6.2739 6.4044 6.5338 6.6576 
 6.8009 6.9293 7.0461 7.1824 7.3053 7.4228 7.5458 7.6687 7.7872 7.909 
 8.013 8.1369 8.2589 8.3642 8.474 8.5898 8.6949 8.8047 8.8956 8.9924 
 9.0903 9.1746 9.2718 9.3565 9.4473 9.5503 9.6277 9.6935 9.7708 9.8294 
 9.9074 9.9655 10.024 10.082 10.121 10.154 10.205 10.244 10.27 10.296 
 10.315 
1277.5 1280.4 1279.1 1277.3 1275.1 1271.7 1268.1 1263.9 1258.9 1253.3 
 1247.6 1241.1 1234.1 1226.3 1218.2 1209.6 1200.4 1191.3 1180.8 1170.3 
 1159.5 1147.9 1135.7 1123.8 1111 1097.8 1084.6 1070.7 1056.4 1041.8 
 1026.9 1011.6 996.45 980.65 964.95 948.2 932.19 915.31 898.54 881.33 
 864.09 846.19 828.33 810.59 792.57 774.09 755.77 737.4 718.67 700.03 
 681.26 662.31 643.05 624.12 605.07 585.95 566.72 547.45 528.16 508.92 
 489.56 469.95 450.83 431.28 411.77 392.72 373.46 354.4 335.19 316.44 
 297.34 278.82 260.4 242.08 223.99 206.83 189.69 172.35 155.48 138.72 
 122.43 106.44 91.008 75.825 61.061 46.818 33.114 19.951 8.7126 2.028 
 1.5657 1.5311 1.5375 1.5952 1.6407 1.7118 1.783 1.8614 1.9465 2.0297 
 2.1142 2.1984 2.2966 2.3872 2.4771 2.5692 2.6727 2.7626 2.8677 2.9712 
 3.0683 3.1657 3.2689 3.3736 3.4771 3.5926 3.6905 3.8013 3.9107 4.0157 
 4.1458 4.2485 4.3587 4.4822 4.5985 4.7345 4.839 4.9693 5.0991 5.2278 
 5.3586 5.4812 5.6049 5.7353 5.863 6.001 6.1305 6.2717 6.3952 6.5313 
 6.6483 6.7844 6.9146 7.0376 7.1673 7.2788 7.4078 7.5301 7.6418 7.7647 
 7.881 8.043 8.2256 8.4127 8.582 8.7383 8.8685 8.9776 9.0813 9.1603 
 9.2313 9.3023 9.3743 9.4525 9.5167 9.5888 9.6665 9.7375 9.7768 9.8352 
 9.8936 9.9384 9.9968 10.036 10.082 10.133 10.16 10.199 10.231 10.276 
 10.315 
1277.5 1277.5 1276 1274.1 1271.3 1268 1264 1259.4 1254.6 1248.8 
 1243.1 1236.1 1228.8 1220.7 1212.6 1203.6 1194 1184.3 1174 1163.1 
 1151.7 1140.2 1128.1 1115.2 1102 1088.8 1075 1060.8 1046.4 1031.9 
 1016.5 1001.1 985.51 969.3 952.97 936.46 919.64 902.91 885.81 868.64 
 851.11 833.13 815.29 797.3 779.11 761.01 742.59 724.18 705.3 686.72 
 667.95 648.8 629.71 610.88 591.76 572.95 553.63 534.6 515.29 496.17 
 476.96 457.51 438.62 419.19 400.39 381.44 362.49 343.51 324.63 306.01 
 287.42 269.06 250.82 232.85 215.08 197.7 180.4 163.36 146.77 130.48 
 114.35 98.903 83.665 68.721 54.394 40.493 27.157 15.044 5.5056 1.6445 
 1.4404 1.4731 1.5053 1.5704 1.6349 1.7063 1.7842 1.856 1.9342 2.0183 
 2.1091 2.1939 2.2714 2.3626 2.4589 2.55 2.6416 2.7381 2.8293 2.9264 
 3.0246 3.1281 3.2254 3.3217 3.4266 3.5293 3.6402 3.7502 3.8546 3.9576 
 4.0756 4.1856 4.2953 4.4005 4.5167 4.6403 4.7568 4.88 4.9959 5.1131 
 5.2442 5.3669 5.496 5.626 5.7437 5.8788 6.0079 6.1373 6.2682 6.4037 
 6.5284 6.6504 6.7873 6.9171 7.041 7.1633 7.2815 7.4089 7.5263 7.6442 
 7.7658 7.8761 7.9929 8.1106 8.2212 8.3303 8.4477 8.5512 8.656 8.7656 
 8.8635 8.9606 9.0633 9.1607 9.2709 9.356 9.4461 9.537 9.616 9.699 
 9.7835 9.8551 9.9261 9.991 10.056 10.108 10.16 10.212 10.264 10.302 
 10.315 
1277.5 1271.3 1270 1267.6 1264.9 1261.6 1257.8 1253.2 1248.1 1242.3 
 1236.2 1229.4 1222.2 1214 1205.5 1196.3 1186.6 1176.6 1166 1155.5 
 1143.9 1132.1 1119.9 1106.8 1093.6 1080 1066.3 1052.3 1037.8 1023.1 
 1007.8 992.32 976.49 960.51 944.25 927.59 911.02 893.94 876.73 859.73 
 842.2 824.42 807.01 788.75 770.74 752.74 734.2 715.63 696.83 678.32 
 659.71 641.13 621.98 603.3 584.16 565.4 546.13 527.13 508.08 488.9 
 469.88 450.46 431.43 412.41 393.75 375.09 356.14 337.49 318.92 300.33 
 281.86 263.87 245.91 228.03 210.65 193.25 176.25 159.53 143.26 127.04 
 111.17 95.889 80.811 66.168 52 38.253 25.353 13.628 5.1531 2.1371 
 2.0765 2.1282 2.2119 2.2902 2.3746 2.4843 2.5817 2.6731 2.7769 2.8928 
 2.9975 3.1087 3.2105 3.3279 3.4459 3.5553 3.6659 3.7818 3.9001 4.0103 
 4.139 4.2631 4.3608 4.4959 4.6133 4.7224 4.8603 4.9752 5.0998 5.2227 
 5.3392 5.4693 5.5861 5.6964 5.8255 5.9356 6.066 6.1954 6.3064 6.4304 
 6.5581 6.6814 6.8002 6.9157 7.0585 7.163 7.2791 7.3885 7.5121 7.6286 
 7.7463 7.856 7.9799 8.0964 8.2011 8.3046 8.3947 8.4994 8.6085 8.7134 
 8.8043 8.8941 8.9725 9.0758 9.16 9.2456 9.3227 9.4074 9.4853 9.5625 
 9.6341 9.7049 9.7706 9.829 9.8869 9.946 10.017 10.056 10.121 10.173 
 10.224 10.263 10.296 10.347 10.38 10.38 10.38 10.38 10.38 10.38 
 10.315 
1277.5 1274.1 1272.8 1270.7 1268.1 1264.9 1261.4 1256.8 1252 1246.1 
 1240.1 1233.4 1226.1 1218.4 1209.9 1201 1191.6 1181.7 1170.9 1160.6 
 1149.3 1137.5 1125.4 1112.6 1099.8 1086.4 1072.9 1058.8 1044.2 1029.5 
 1014.5 998.79 982.96 966.89 950.9 934.38 917.57 900.71 883.52 866.48 
 848.93 831.24 813.26 795.62 777.34 758.94 740.68 722.07 703.55 685.17 
 666.15 647.11 628.1 609.2 589.94 571.2 551.94 532.92 513.7 494.47 
 475.39 455.83 436.56 417.29 398.29 379.07 359.97 341.19 322.38 303.76 
 285.22 267.01 248.91 230.72 213.2 196.4 179.62 162.56 146.08 129.66 
 113.72 98.237 82.88 68.139 53.758 39.886 26.707 14.591 5.5025 2.1961 
 2.1155 2.1405 2.2109 2.296 2.3932 2.4906 2.5874 2.6905 2.8026 2.9117 
 3.0094 3.1251 3.2429 3.346 3.4693 3.5742 3.6967 3.8146 3.9301 4.0466 
 4.165 4.299 4.41 4.521 4.6445 4.7792 4.8973 5.0147 5.1502 5.2665 
 5.3775 5.5001 5.6179 5.7469 5.8571 5.9863 6.1097 6.2337 6.3624 6.4793 
 6.5974 6.721 6.8508 6.9728 7.0896 7.2135 7.3236 7.4529 7.564 7.6811 
 7.7903 7.9144 8.0367 8.1471 8.2516 8.3557 8.4395 8.5364 8.6407 8.7316 
 8.8165 8.8999 8.985 9.0684 9.1408 9.2303 9.3086 9.3676 9.4447 9.5031 
 9.588 9.6468 9.6923 9.7375 9.7766 9.8413 9.9064 9.9388 9.9908 10.035 
 10.069 10.094 10.133 10.173 10.198 10.231 10.237 10.257 10.263 10.263 
 10.315 
1277.5 1275.2 1274.2 1272.5 1269.7 1266.9 1263.4 1259.2 1254.8 1249.1 
 1243.5 1237.3 1230.4 1222.7 1214.9 1206.5 1197.6 1187.9 1177.8 1167.5 
 1156.5 1145.4 1133.7 1121.7 1109 1095.9 1082.7 1069 1054.8 1040.6 
 1025.7 1010.5 995.13 979.37 963.46 947.41 930.95 914.32 897.36 880.17 
 862.88 845.08 827.57 809.72 791.64 773.47 755.36 736.85 718.2 699.65 
 680.92 661.72 642.8 623.93 604.67 585.84 566.45 547.49 528.16 508.83 
 489.65 470.49 451.31 431.88 412.77 393.78 374.79 355.84 336.71 317.89 
 299.06 280.46 262.04 243.69 225.83 207.94 190.37 173.06 156.07 139.46 
 123.12 107.15 91.446 76.323 61.442 47.074 33.388 20.297 8.8292 2.5325 
 2.2448 2.2962 2.3676 2.4524 2.543 2.6395 2.7438 2.8485 2.9524 3.0682 
 3.1792 3.2824 3.4057 3.5218 3.638 3.7493 3.879 3.9885 4.113 4.2295 
 4.3453 4.4703 4.5983 4.7152 4.8388 4.9627 5.085 5.1958 5.3251 5.4545 
 5.5731 5.6892 5.8179 5.9365 6.0594 6.1762 6.3057 6.429 6.558 6.681 
 6.8043 6.9351 7.0577 7.1681 7.2974 7.4088 7.5311 7.6421 7.7592 7.8696 
 7.9915 8.1158 8.2197 8.3297 8.4338 8.5314 8.6213 8.725 8.8224 8.9135 
 9.01 9.0821 9.1671 9.2505 9.3287 9.413 9.4974 9.5627 9.6343 9.7109 
 9.783 9.8417 9.8805 9.9258 9.9709 10.017 10.069 10.114 10.153 10.198 
 10.231 10.257 10.276 10.309 10.328 10.328 10.328 10.328 10.328 10.328 
 10.315 
1277.5 1275.6 1274.3 1272.9 1270.7 1267.9 1264.9 1261.1 1256.8 1251.7 
 1245.9 1240.1 1233.7 1226.7 1219.4 1211.3 1203 1193.4 1183.9 1174.1 
 1163.6 1152.6 1141.3 1129.2 1117.5 1104.8 1091.7 1078.3 1064.6 1051 
 1036.2 1021.2 1006 990.73 975.2 958.78 942.66 926.19 909.57 892.72 
 875.5 858.78 841.1 823.41 805.33 787.46 768.84 750.79 732.51 713.48 
 695.02 676.23 657.25 638.31 618.81 599.88 580.8 561.61 542.21 522.95 
 503.63 484.37 464.95 445.37 426.04 406.58 387.35 368.25 348.99 330.01 
 310.86 292.18 273.75 255.12 237.08 219.12 201.92 184.75 167.31 150.41 
 133.55 117.29 101.19 85.773 70.512 55.798 41.6 27.962 15.064 4.4818 
 2.4521 2.4135 2.4134 2.4582 2.543 2.6387 2.7368 2.8415 2.9567 3.0747 
 3.1786 3.2954 3.4119 3.5348 3.6446 3.7616 3.8855 4.0014 4.1192 4.2425 
 4.3651 4.4819 4.5997 4.7227 4.8443 4.9682 5.0861 5.2029 5.3384 5.4556 
 5.5724 5.6892 5.8115 5.9423 6.0639 6.1821 6.3053 6.428 6.557 6.6756 
 6.7979 6.9218 7.0374 7.1606 7.272 7.3891 7.5117 7.6148 7.7323 7.8424 
 7.9595 8.0634 8.1862 8.2894 8.3876 8.4978 8.5831 8.6796 8.7767 8.8676 
 8.9518 9.0364 9.1272 9.2112 9.29 9.3745 9.4522 9.5228 9.6008 9.6597 
 9.7367 9.7893 9.8349 9.8675 9.9194 9.9776 10.016 10.062 10.108 10.14 
 10.166 10.198 10.224 10.244 10.263 10.289 10.296 10.315 10.322 10.322 
 10.315 
1277.5 1279.4 1278.5 1277.3 1275.9 1273 1270.3 1267 1262.7 1258.1 
 1252.6 1246.7 1240.4 1233.6 1226.3 1218.5 1210.4 1201.9 1192.5 1182.7 
 1172.3 1162 1151 1139.6 1127.8 1115 1102.4 1089.3 1075.8 1061.9 
 1047.4 1033.1 1018.1 1002.9 987.43 971.4 955.23 939.28 922.7 905.84 
 888.68 871.7 854.29 836.81 818.77 800.91 782.58 764.1 745.93 727.2 
 708.36 689.66 670.58 651.49 632.13 613.24 593.77 574.81 555.16 535.65 
 516.21 496.68 477.33 457.57 438.38 418.92 399.76 380.6 361.44 342.16 
 322.93 304.18 285.32 266.61 248.27 230.06 212.09 194.45 176.93 159.78 
 142.98 126.59 110.43 94.839 79.41 64.576 50.307 36.536 23.379 11.227 
 2.7111 2.5821 2.5821 2.5885 2.6405 2.7052 2.7833 2.8751 2.9904 3.101 
 3.2249 3.3346 3.4718 3.5812 3.7045 3.822 3.9439 4.0604 4.1851 4.3138 
 4.4316 4.5539 4.6707 4.7947 4.9108 5.0409 5.1704 5.294 5.4102 5.5334 
 5.6383 5.7616 5.8781 6.0071 6.1301 6.2534 6.3767 6.4868 6.6035 6.7408 
 6.8579 6.9802 7.0983 7.2154 7.3245 7.4424 7.5448 7.6619 7.7649 7.8763 
 7.9793 8.084 8.2005 8.304 8.3952 8.4997 8.5896 8.6807 8.7708 8.8686 
 8.9465 9.0302 9.1152 9.1996 9.2776 9.3557 9.4332 9.5106 9.5757 9.6408 
 9.6992 9.7574 9.8158 9.8545 9.9 9.9581 10.023 10.056 10.101 10.134 
 10.179 10.212 10.225 10.263 10.302 10.322 10.348 10.348 10.348 10.348 
 10.315 
1277.5 1282.5 1282 1280.7 1278.7 1276.4 1273.6 1269.8 1265.6 1261 
 1256.1 1250.8 1244 1237.7 1230 1222.2 1213.8 1205.1 1195.8 1186.1 
 1175.5 1165 1153.9 1142.6 1130.6 1117.8 1105.2 1092.2 1078.6 1064.6 
 1050.1 1035.5 1020.6 1005 989.59 973.75 957.89 941.63 925.04 908.15 
 891.05 874.07 856.53 838.64 820.77 802.63 784.62 766.17 747.73 728.87 
 709.98 691.13 672.37 653.26 633.96 614.58 595.28 576.07 556.39 536.82 
 517.24 497.82 478.22 458.44 439.11 419.29 399.8 380.49 360.91 341.59 
 322.33 303.6 285.05 266.04 247.77 229.32 211.59 194.46 177.33 159.99 
 142.99 126.54 110.27 94.54 79.017 64.077 49.659 35.651 22.431 10.071 
 2.6579 2.3891 2.3747 2.3873 2.4583 2.5428 2.6267 2.7244 2.8335 2.9566 
 3.0621 3.177 3.2941 3.4054 3.5161 3.6377 3.7549 3.8665 3.9826 4.0991 
 4.2234 4.3398 4.4692 4.5794 4.7025 4.8252 4.9421 5.0589 5.1763 5.306 
 5.4219 5.54 5.6568 5.7788 5.9024 6.0321 6.15 6.2729 6.3891 6.5124 
 6.6299 6.7531 6.869 6.9922 7.1094 7.2189 7.3298 7.4459 7.5575 7.6676 
 7.7785 7.8888 7.9926 8.102 8.2068 8.3041 8.4004 8.4849 8.5882 8.6797 
 8.7711 8.8483 8.9268 9.0236 9.1076 9.1853 9.2638 9.3285 9.3996 9.4651 
 9.5427 9.588 9.6529 9.6795 9.7245 9.7762 9.8349 9.8868 9.9257 9.9707 
 10.004 10.042 10.075 10.12 10.153 10.179 10.205 10.231 10.25 10.25 
 10.315 
1277.5 1281.2 1280.9 1279.7 1278.1 1276 1272.9 1269.8 1265.9 1261.1 
 1255.9 1250.3 1243.9 1236.8 1229.5 1221.3 1212.8 1203.9 1194.6 1184.7 
 1174.1 1162.9 1152 1140.1 1127.7 1115.1 1101.8 1088.6 1074.7 1060.9 
 1046.2 1031.8 1016.6 1001.1 984.94 969.19 953.05 936.4 919.83 902.97 
 885.73 868.39 850.7 833.23 814.82 797.02 778.72 760.24 742.04 723.09 
 704.29 685.35 666.23 647.18 627.98 608.98 589.38 570.24 550.73 531.26 
 511.78 492.22 472.89 453.52 434.24 414.7 395.78 376.87 357.44 338.33 
 319.26 300.27 281.56 262.99 244.59 226.43 208.62 190.9 173.64 156.6 
 140.04 123.66 107.72 92.285 77.029 62.228 47.972 34.058 21.021 9.2744 
 2.5799 2.18 2.2385 2.2911 2.3755 2.4587 2.5692 2.6552 2.7704 2.881 
 2.9849 3.0952 3.2058 3.3159 3.4382 3.5427 3.66 3.7633 3.8866 4.0102 
 4.1325 4.2444 4.3611 4.47 4.5943 4.7172 4.8286 4.9515 5.0741 5.1914 
 5.3212 5.4316 5.5482 5.6717 5.7883 5.9111 6.0221 6.1571 6.2682 6.3966 
 6.5267 6.6565 6.7795 6.9027 7.0213 7.1502 7.2603 7.3711 7.5059 7.6111 
 7.7343 7.8515 7.9682 8.0782 8.1941 8.2917 8.39 8.499 8.5843 8.687 
 8.7784 8.8567 8.9465 9.0376 9.1232 9.2131 9.284 9.3681 9.4337 9.518 
 9.5824 9.6469 9.706 9.7512 9.8027 9.8488 9.9065 9.9457 9.9919 10.05 
 10.088 10.114 10.166 10.231 10.263 10.296 10.289 10.289 10.289 10.289 
 10.315 
1277.5 1278.6 1278.3 1277 1276 1273.4 1270.5 1266.7 1262.6 1257.8 
 1252.2 1246.3 1239.7 1233.2 1225.6 1217.5 1208.4 1199.3 1189.4 1179.6 
 1168.7 1157.6 1146.1 1134 1121.4 1108.6 1095.3 1082.1 1067.9 1053.7 
 1038.7 1023.7 1008.4 992.76 976.41 960.46 943.98 927.15 910.52 893.31 
 875.74 858.72 840.66 823.05 805.12 786.94 768.58 750.03 731.77 712.97 
 694.22 675.07 656.18 637.29 618.23 599.3 580.16 560.88 541.46 522.27 
 502.94 483.46 464.08 444.53 425.31 405.82 386.64 367.54 348.44 329.69 
 310.77 292.22 273.9 255.55 237.7 219.78 202.81 185.85 168.97 152.29 
 135.76 119.85 104.02 88.721 73.844 59.237 45.154 31.615 18.95 8.2843 
 2.6036 2.0783 2.0825 2.134 2.2248 2.3021 2.4003 2.4907 2.5947 2.7041 
 2.8082 2.9182 3.023 3.133 3.25 3.3659 3.4901 3.5865 3.7104 3.8266 
 3.9364 4.047 4.1759 4.288 4.4042 4.5392 4.6449 4.7747 4.8966 5.0074 
 5.1359 5.2549 5.3714 5.4926 5.6099 5.7473 5.8636 5.9861 6.1101 6.2395 
 6.3639 6.4861 6.6098 6.7388 6.8628 6.9868 7.1216 7.2396 7.3551 7.478 
 7.6083 7.7321 7.8554 7.9649 8.0819 8.1929 8.3032 8.4068 8.5168 8.6212 
 8.7383 8.8223 8.9071 8.998 9.0947 9.1921 9.2699 9.3478 9.4196 9.5041 
 9.5754 9.6526 9.6988 9.7504 9.8026 9.8605 9.9195 9.9643 10.017 10.049 
 10.113 10.146 10.172 10.205 10.237 10.244 10.263 10.27 10.27 10.27 
 10.315 
1277.5 1272.2 1271.7 1270.5 1268.6 1266.2 1263.2 1259.6 1255.3 1250.3 
 1245.2 1239.2 1232.6 1225.6 1218 1210.1 1200.8 1191.4 1181.7 1171.8 
 1161.4 1150.2 1138.2 1126.3 1114 1101.3 1087.9 1074.4 1060.2 1045.9 
 1030.9 1015.9 1000.5 984.57 969.02 952.48 936.62 920.06 903.06 886.04 
 868.96 851.25 833.51 815.8 797.61 779.61 761.58 743.04 724.49 705.78 
 687.35 668.76 650 631.15 612.05 593.08 574.08 554.94 535.59 516.37 
 497.21 477.85 458.76 439.43 420.33 401.32 382.08 363.14 344.29 325.68 
 307.02 288.7 270.5 252.45 234.58 216.85 200.07 183.29 166.55 150.07 
 133.69 117.86 102.31 87.05 72.284 57.769 43.717 30.42 17.917 7.5796 
 1.9172 1.3637 1.3624 1.3692 1.4204 1.4663 1.5371 1.6024 1.6809 1.7583 
 1.836 1.9136 1.9977 2.0763 2.1664 2.2448 2.3416 2.4265 2.5238 2.6147 
 2.7048 2.8026 2.8994 2.997 3.1006 3.2055 3.3026 3.4003 3.5167 3.6135 
 3.7311 3.8344 3.9447 4.0557 4.1719 4.2877 4.4119 4.5208 4.6394 4.7617 
 4.8718 4.9947 5.1118 5.2416 5.3721 5.4943 5.618 5.7535 5.8779 6.0085 
 6.1497 6.2663 6.3898 6.521 6.6497 6.7741 6.8973 7.0199 7.1368 7.2662 
 7.396 7.5131 7.63 7.7587 7.8894 7.9927 8.1156 8.2382 8.3561 8.4603 
 8.5893 8.7003 8.81 8.9203 9.0313 9.161 9.2634 9.375 9.4598 9.5619 
 9.666 9.758 9.8542 9.9328 10.01 10.088 10.153 10.205 10.25 10.309 
 10.315 
1277.5 1275.5 1274.9 1273.3 1272.2 1269.8 1267.2 1263.1 1259.4 1254.6 
 1249.2 1243.2 1236.7 1229.8 1222.2 1213.9 1205.1 1195.8 1186 1176.2 
 1165.9 1154.9 1143 1130.8 1118.6 1105.3 1092.4 1078.6 1064.8 1050.6 
 1035.9 1020.9 1005.7 990.08 974.35 957.81 941.71 925.09 908.3 891.2 
 873.96 856.64 838.89 821.21 803.12 784.93 766.89 748.31 729.98 711.33 
 692.78 674.13 655.23 636.27 617.17 598.19 579.22 560.03 540.91 521.77 
 502.64 483.24 464.11 444.82 425.65 406.59 387.72 368.86 350.09 331.2 
 312.56 293.76 275.52 257.26 239.25 221.63 204.04 186.71 169.82 153.16 
 136.71 120.77 105.09 89.652 74.701 59.957 45.842 32.276 19.524 8.5202 
 2.0914 1.3628 1.395 1.4213 1.4797 1.5256 1.5967 1.6745 1.7396 1.8116 
 1.8951 1.9796 2.0635 2.1415 2.2327 2.3166 2.4008 2.5053 2.5887 2.6801 
 2.7776 2.8683 2.9659 3.0625 3.1668 3.2643 3.3752 3.4718 3.5761 3.6722 
 3.7841 3.9006 4.0166 4.1215 4.2381 4.3612 4.4708 4.6011 4.7173 4.8409 
 4.9589 5.088 5.2234 5.3407 5.4759 5.6075 5.7423 5.8778 6.0219 6.1447 
 6.2821 6.4236 6.5543 6.6958 6.8195 6.9562 7.0934 7.2217 7.3383 7.4738 
 7.5921 7.7278 7.8448 7.9745 8.0981 8.2206 8.3304 8.4485 8.5718 8.6753 
 8.7917 8.909 9.0117 9.1228 9.2258 9.3308 9.4334 9.5245 9.6084 9.7 
 9.7771 9.8547 9.9261 9.9852 10.05 10.095 10.147 10.199 10.244 10.276 
 10.315 
1277.5 1276 1275 1274 1272.1 1269.9 1266.6 1263 1259 1254 
 1248.7 1243.3 1236.6 1229.8 1222.2 1214.4 1205.2 1196.7 1186.9 1177.1 
 1166.5 1155.7 1144.2 1132.3 1120.2 1107.4 1094.4 1081.1 1067.2 1053.1 
 1038.6 1024 1008.8 993.61 978 961.75 945.67 929.2 912.74 895.64 
 878.57 861.23 843.66 826.03 807.9 789.92 771.8 753.55 735 716.37 
 697.83 678.79 659.99 641.17 622.21 603.27 584.19 564.95 545.77 526.67 
 507.59 488.33 468.95 449.7 430.41 411.3 392.13 372.98 353.89 334.98 
 316.09 297.2 279.1 260.42 242.25 224.17 207.08 190 172.86 156.15 
 139.46 123.26 107.25 91.873 76.574 61.946 47.658 33.676 20.661 8.846 
 1.9449 1.4532 1.4532 1.4532 1.467 1.5318 1.5898 1.6616 1.7389 1.824 
 1.9009 1.9857 2.0769 2.1544 2.2458 2.3356 2.4269 2.512 2.6144 2.7053 
 2.8099 2.9142 3.0045 3.0958 3.2059 3.3222 3.4132 3.5232 3.6206 3.7319 
 3.8539 3.9959 4.1326 4.2632 4.3659 4.4576 4.5609 4.691 4.8068 4.9376 
 5.0617 5.1976 5.3342 5.4638 5.5793 5.7358 5.8656 6.008 6.1431 6.2683 
 6.4096 6.5408 6.6767 6.8061 6.9307 7.0731 7.1957 7.3112 7.4552 7.5594 
 7.6756 7.7983 7.9154 8.038 8.1425 8.2593 8.369 8.4871 8.5837 8.687 
 8.7976 8.9022 8.9987 9.1025 9.2007 9.3037 9.4016 9.4789 9.5701 9.654 
 9.7321 9.816 9.8805 9.9395 9.9917 10.056 10.121 10.16 10.212 10.264 
 10.315 
1277.5 1275.7 1275.1 1273.8 1271.7 1269.8 1266.7 1263.4 1259 1254.6 
 1249.4 1243.7 1237.1 1230.1 1222.8 1215.1 1206.7 1197.9 1188.2 1178.5 
 1168.2 1157.6 1146.2 1134.8 1122.7 1110.3 1097.6 1084.5 1070.9 1057.2 
 1042.8 1028.2 1013.3 997.78 982.3 966.53 950.63 934.48 917.74 900.95 
 884.4 867.23 849.84 832.08 814.24 796.29 778.25 759.91 741.72 723.1 
 704.73 685.79 667 648.46 629.27 610.24 590.99 572.2 552.66 533.68 
 514.39 494.98 475.79 456.52 437.19 417.99 398.76 379.54 361.16 342.17 
 323.1 304.28 285.8 267.26 249.06 230.99 213.23 195.5 178.12 161.12 
 144.26 127.86 111.76 95.962 80.657 65.788 51.262 37.256 23.915 11.314 
 2.2724 1.5895 1.5831 1.5962 1.6286 1.6809 1.7454 1.8102 1.8885 1.9735 
 2.0506 2.1421 2.2325 2.3173 2.407 2.5108 2.609 2.6928 2.7966 2.894 
 3.0046 3.1091 3.2063 3.309 3.4199 3.5235 3.6412 3.7517 3.8603 3.9848 
 4.0945 4.2124 4.3343 4.4573 4.5803 4.7036 4.8282 4.9508 5.0753 5.2101 
 5.3406 5.4693 5.5933 5.7232 5.8669 5.996 6.1322 6.2613 6.3847 6.5273 
 6.6517 6.7805 6.9115 7.0338 7.157 7.2732 7.3915 7.5192 7.6366 7.7596 
 7.8774 7.9744 8.098 8.2149 8.3177 8.4414 8.5395 8.6485 8.74 8.8499 
 8.9414 9.0438 9.1489 9.2393 9.3423 9.4277 9.505 9.5961 9.6668 9.7513 
 9.8229 9.8811 9.9588 10.017 10.075 10.127 10.186 10.231 10.283 10.315 
 10.315 
1277.5 1279.2 1278.2 1276.4 1274.3 1272 1268.9 1265.4 1261 1256.2 
 1251 1245.1 1238.9 1231.5 1224.1 1216.1 1207.2 1198.5 1188.8 1179.1 
 1168.8 1158.2 1146.7 1134.6 1122.9 1110.7 1098.1 1084.8 1070.9 1057.1 
 1042.9 1028.5 1013.5 998.27 982.97 967 950.74 934.52 917.82 901.06 
 884.25 867.25 849.7 832.58 814.58 796.51 778.54 760.4 741.74 723.03 
 704.44 685.78 666.83 647.96 628.88 609.76 590.43 571.38 551.89 532.68 
 513.4 494.04 474.7 455.42 436 416.62 397.45 377.94 358.66 339.72 
 320.64 302 283.34 264.87 246.64 228.45 210.69 193.65 176.63 159.73 
 142.92 126.61 110.54 94.93 79.707 64.963 50.681 36.854 23.722 11.551 
 2.3744 1.9585 1.8295 1.7646 1.7517 1.7517 1.765 1.8169 1.9008 1.9986 
 2.0887 2.1863 2.2769 2.3875 2.4721 2.5759 2.6733 2.7824 2.8942 2.9904 
 3.0952 3.211 3.3161 3.4246 3.5287 3.6452 3.7616 3.8791 3.9839 4.1127 
 4.2243 4.3405 4.458 4.5799 4.71 4.833 4.9569 5.0799 5.2093 5.3452 
 5.4825 5.5861 5.7231 5.864 5.9938 6.124 6.2548 6.39 6.5068 6.6438 
 6.7599 6.8836 7.0137 7.1428 7.2538 7.377 7.487 7.6097 7.7401 7.8504 
 7.9601 8.0778 8.1869 8.2975 8.4087 8.512 8.6152 8.7126 8.8237 8.9208 
 9.0116 9.1079 9.205 9.2897 9.3872 9.4788 9.5622 9.6411 9.7051 9.7956 
 9.8481 9.9129 9.9718 10.024 10.075 10.127 10.173 10.224 10.257 10.283 
 10.315 
