IESNA:LM-63-2002
[TEST] 1
[TESTLAB] 
[TESTDATE] 2025-02-21
[ISSUEDATE] 2025-02-21 16:16:36
[LAMPPOSITION] 0,0
[OTHER] EVERFINE GO-2000A_V1 SYSTEM
[MANUFAC] 
[LUMINAIRE] 25W-3000K
[LAMP] DB77E-4-50L-UD-P-A5W5C5
TILT=NONE
1 3290.2 1 181 17 1 2 0.060 1.200 0.000
1.000 1 25.0175
0.0    1.0    2.0    3.0    4.0    5.0    6.0    7.0    8.0    9.0    
 10.0   11.0   12.0   13.0   14.0   15.0   16.0   17.0   18.0   19.0   
 20.0   21.0   22.0   23.0   24.0   25.0   26.0   27.0   28.0   29.0   
 30.0   31.0   32.0   33.0   34.0   35.0   36.0   37.0   38.0   39.0   
 40.0   41.0   42.0   43.0   44.0   45.0   46.0   47.0   48.0   49.0   
 50.0   51.0   52.0   53.0   54.0   55.0   56.0   57.0   58.0   59.0   
 60.0   61.0   62.0   63.0   64.0   65.0   66.0   67.0   68.0   69.0   
 70.0   71.0   72.0   73.0   74.0   75.0   76.0   77.0   78.0   79.0   
 80.0   81.0   82.0   83.0   84.0   85.0   86.0   87.0   88.0   89.0   
 90.0   91.0   92.0   93.0   94.0   95.0   96.0   97.0   98.0   99.0   
 100.0  101.0  102.0  103.0  104.0  105.0  106.0  107.0  108.0  109.0  
 110.0  111.0  112.0  113.0  114.0  115.0  116.0  117.0  118.0  119.0  
 120.0  121.0  122.0  123.0  124.0  125.0  126.0  127.0  128.0  129.0  
 130.0  131.0  132.0  133.0  134.0  135.0  136.0  137.0  138.0  139.0  
 140.0  141.0  142.0  143.0  144.0  145.0  146.0  147.0  148.0  149.0  
 150.0  151.0  152.0  153.0  154.0  155.0  156.0  157.0  158.0  159.0  
 160.0  161.0  162.0  163.0  164.0  165.0  166.0  167.0  168.0  169.0  
 170.0  171.0  172.0  173.0  174.0  175.0  176.0  177.0  178.0  179.0  
 180.0  
0.0    22.5   45.0   67.5   90.0   112.5  135.0  157.5  180.0  202.5  
 225.0  247.5  270.0  292.5  315.0  337.5  360.0  
1230.1 1231.9 1230.8 1229.5 1227.6 1225.3 1221.8 1218.7 1214.2 1209.6 
 1204.1 1198.7 1193 1186.1 1179 1171.4 1163.5 1154.5 1145.3 1135.6 
 1125.6 1115.1 1104.5 1093.4 1082 1069.8 1057.4 1044.5 1031.4 1017.8 
 1003.8 989.45 975.28 960.3 945.45 930.23 914.57 898.92 882.94 867.12 
 850.42 833.66 817.03 800.13 783.25 765.87 748.56 730.87 712.96 694.99 
 677.2 659.11 640.63 622.37 603.97 585.65 567.1 548.86 530.03 511.57 
 493.06 474.41 455.8 436.84 418.21 399.59 380.97 362.64 344.05 325.85 
 307.5 289.45 271.8 253.97 236.44 219.13 202.56 185.99 169.38 153.19 
 137.16 121.52 106.12 91.208 76.52 62.474 48.734 35.473 22.89 11.175 
 2.3149 1.881 1.7516 1.6867 1.6738 1.6738 1.6738 1.7261 1.816 1.8873 
 1.9911 2.0763 2.1607 2.2577 2.3414 2.4509 2.5371 2.6403 2.7371 2.8345 
 2.933 3.0549 3.1532 3.2431 3.3658 3.4647 3.568 3.6906 3.7954 3.9051 
 4.0228 4.1387 4.2429 4.3732 4.482 4.5924 4.722 4.8399 4.9761 5.0923 
 5.2149 5.3463 5.469 5.5923 5.7084 5.845 5.969 6.0974 6.221 6.3437 
 6.4669 6.578 6.6941 6.8184 6.9349 7.0458 7.1552 7.2665 7.3823 7.493 
 7.5974 7.7071 7.8372 7.9275 8.0386 8.1357 8.2519 8.3426 8.4393 8.531 
 8.6286 8.7249 8.823 8.9076 8.9784 9.0693 9.1347 9.2191 9.2961 9.3548 
 9.4386 9.4782 9.5561 9.5951 9.647 9.7052 9.738 9.7701 9.8159 9.8482 
 9.8677 
1230.1 1234.5 1233.4 1232 1229.8 1226.9 1224 1219.8 1215.8 1210.9 
 1205.7 1199.7 1193.5 1186.4 1179.1 1171.5 1163.1 1154.5 1144.9 1135.1 
 1124.8 1113.4 1102.8 1091 1079.2 1067 1054.2 1041.3 1028 1014.5 
 1000.7 986.18 971.77 956.77 941.89 926.38 910.9 895.05 878.84 862.86 
 845.81 828.96 812.12 795.31 777.88 760.71 743.04 725.15 707.27 689.44 
 671.46 653.37 635.08 616.8 598.27 580.21 561.24 542.73 524.19 505.6 
 486.73 468.13 449.32 430.4 411.92 393.6 375.28 356.79 338.31 320 
 301.66 283.45 265.57 247.71 230.27 212.99 195.77 179.02 162.33 146.01 
 129.92 114.39 99.032 84.019 69.51 55.357 41.704 28.579 16.311 5.4603 
 1.615 1.5701 1.5766 1.5895 1.6479 1.7 1.7583 1.8435 1.9218 1.9988 
 2.083 2.1671 2.2512 2.3423 2.4339 2.5251 2.6211 2.7001 2.8039 2.9069 
 2.9983 3.1016 3.2002 3.2963 3.4005 3.5104 3.614 3.7193 3.8281 3.9382 
 4.0491 4.1594 4.2771 4.3872 4.504 4.6201 4.7242 4.8665 4.9897 5.1069 
 5.2231 5.3536 5.4823 5.6059 5.7306 5.8594 5.9892 6.12 6.2484 6.3781 
 6.4965 6.6308 6.748 6.8655 6.9874 7.1113 7.2223 7.3384 7.4491 7.5646 
 7.6691 7.7924 7.9093 8.0006 8.1111 8.2136 8.325 8.4286 8.519 8.6091 
 8.7069 8.7914 8.8951 8.979 9.0573 9.1356 9.2198 9.2904 9.3555 9.4202 
 9.486 9.5501 9.6022 9.6477 9.6925 9.7382 9.7772 9.8093 9.8482 9.8482 
 9.8677 
1230.1 1232.5 1231.3 1229.4 1227 1224 1220.9 1216.9 1212.3 1207 
 1201.6 1195.1 1187.9 1180.7 1172.9 1165.1 1155.9 1146.8 1136.7 1127 
 1116 1105.2 1093.4 1081.3 1069.2 1056.1 1043.2 1030 1016.4 1001.9 
 987.31 972.88 957.59 942.58 927.23 911.53 895.4 879.09 862.83 845.79 
 829.51 812.41 795.26 778.12 760.52 742.81 725.21 707.62 689.55 671.64 
 653.68 635.31 617.05 598.81 580.57 562 543.53 525.1 506.3 487.55 
 469.13 450.59 431.87 413.38 394.66 376.22 357.71 339.43 320.96 302.95 
 284.75 266.93 249.31 231.62 214.46 198.03 181.6 164.86 148.68 132.87 
 117.14 101.85 87.012 72.57 58.422 44.793 31.668 19.234 8.2765 1.8934 
 1.4879 1.4792 1.4792 1.505 1.5566 1.6216 1.6928 1.7648 1.8482 1.933 
 2.0176 2.096 2.1854 2.2698 2.3546 2.4449 2.5305 2.6142 2.7114 2.8085 
 2.9069 3.0032 3.1005 3.1984 3.3014 3.4116 3.5093 3.6002 3.7169 3.8276 
 3.9382 4.0411 4.1508 4.2626 4.3656 4.4942 4.6001 4.7234 4.8386 4.9628 
 5.0855 5.2084 5.3449 5.4499 5.5796 5.6949 5.8184 5.9553 6.0664 6.2087 
 6.3188 6.4492 6.5722 6.6951 6.811 6.9216 7.0513 7.1559 7.2659 7.382 
 7.4998 7.6539 7.8234 7.993 8.1608 8.3226 8.4522 8.5509 8.6542 8.7384 
 8.8098 8.887 8.9528 9.0179 9.0885 9.1604 9.2312 9.296 9.3419 9.407 
 9.4588 9.5173 9.5623 9.6017 9.6343 9.6797 9.725 9.7509 9.7833 9.8157 
 9.8677 
1230.1 1229.4 1227.9 1226.4 1223.9 1220.4 1216.6 1212.8 1207.8 1202.1 
 1196.5 1189.9 1182.6 1175.1 1167.3 1158.7 1149.7 1140 1129.7 1119.5 
 1108.4 1096.4 1084.9 1072.6 1059.8 1047.1 1033.3 1019.9 1005.6 991.59 
 976.61 961.77 946.15 931.34 915.54 899.74 883.61 867.27 850.6 833.7 
 817.07 800 782.55 765.53 747.56 730.08 712.42 694.53 676.62 658.35 
 640.37 621.87 603.8 585.63 567.39 549.24 530.89 512.21 493.83 475.34 
 456.85 438.34 419.83 401.73 383.57 365.41 347.13 328.92 310.82 292.97 
 275.03 257.54 240.22 222.74 205.88 189.12 172.64 156.53 140.59 124.96 
 109.63 94.676 80.078 65.853 52.139 38.861 26.138 14.508 5.4065 1.5798 
 1.3819 1.3953 1.4471 1.4925 1.5446 1.6286 1.6806 1.7654 1.8431 1.9214 
 1.9991 2.083 2.1669 2.2517 2.3421 2.4135 2.5045 2.589 2.6865 2.7782 
 2.8753 2.9715 3.0629 3.1597 3.2579 3.3609 3.4524 3.5565 3.6601 3.7703 
 3.8682 3.9706 4.0748 4.1983 4.3016 4.413 4.5167 4.6341 4.7497 4.8733 
 4.9901 5.1073 5.2303 5.3543 5.4829 5.5926 5.7111 5.8528 5.964 6.0938 
 6.2221 6.3454 6.4625 6.5787 6.7033 6.8253 6.9429 7.0534 7.1766 7.2872 
 7.3977 7.5257 7.6244 7.741 7.8455 7.9546 8.0579 8.1685 8.273 8.3696 
 8.4737 8.5714 8.662 8.7723 8.8564 8.9414 9.0376 9.1224 9.2004 9.271 
 9.3558 9.4335 9.4979 9.5563 9.6084 9.6669 9.7185 9.7705 9.8029 9.8352 
 9.8677 
1230.1 1224.9 1223.6 1221.5 1219.1 1215.8 1212.1 1207.3 1202.3 1196.6 
 1190.4 1183.5 1176.4 1168.7 1160.8 1152 1142.8 1132.8 1122.9 1112.2 
 1101.2 1089.6 1077.5 1065.3 1052.7 1039.3 1025.9 1012.1 998.13 983.62 
 969.03 954 938.79 923.25 907.56 891.61 875.54 859.19 842.65 825.95 
 808.78 791.51 774.49 757.01 739.39 721.96 704.25 686.34 668.58 650.86 
 632.53 614.53 596.39 578.32 559.91 541.75 523.46 505.2 486.56 468.32 
 450.03 431.45 413.25 395.33 377.42 359.19 341.02 323.04 305.13 287.54 
 269.87 252.56 235.32 218.15 201.53 184.93 168.59 152.58 136.92 121.43 
 106.4 91.68 77.238 63.377 49.768 36.688 24.262 13.057 4.9681 2.0525 
 1.9857 2.0494 2.1217 2.2054 2.2904 2.3679 2.4775 2.5685 2.679 2.7758 
 2.867 2.9781 3.0755 3.1922 3.2955 3.3993 3.5099 3.6193 3.7364 3.8412 
 3.958 4.0745 4.1842 4.2955 4.4174 4.5281 4.6378 4.7607 4.8727 4.9953 
 5.105 5.2279 5.3334 5.455 5.5667 5.6829 5.7861 5.9157 6.0265 6.1436 
 6.2675 6.3892 6.5135 6.6296 6.7416 6.8642 6.9669 7.0971 7.2149 7.3305 
 7.4405 7.5576 7.6553 7.7647 7.8688 7.967 8.0768 8.1736 8.2588 8.3569 
 8.4524 8.5309 8.6083 8.6933 8.7643 8.8428 8.9208 8.9912 9.056 9.1404 
 9.1991 9.2644 9.3354 9.4067 9.4584 9.5298 9.5888 9.6401 9.6857 9.7568 
 9.7767 9.8221 9.8482 9.8935 9.9389 9.939 9.939 9.939 9.9326 9.9325 
 9.8677 
1230.1 1227.5 1226.3 1224.1 1221.9 1218.2 1214.6 1210.2 1205 1199.7 
 1193.9 1186.9 1179.7 1172.7 1164.6 1155.7 1146.3 1136.8 1126.7 1116.4 
 1105.4 1093.8 1082 1069.9 1057.1 1044 1030.8 1016.9 1002.6 988.54 
 973.68 958.76 943.66 928 912.35 896.47 880.62 864.17 847.86 830.91 
 813.84 796.95 779.53 762.38 744.88 727.33 709.57 691.55 673.93 655.84 
 637.96 619.62 601.22 582.95 564.51 546.46 528 509.54 491.22 472.82 
 454.3 435.77 417.36 398.75 380.32 362.25 343.83 325.79 307.67 289.93 
 272.31 254.93 237.47 220.18 203.95 187.73 171.35 155.18 139.4 123.89 
 108.52 93.735 79.229 65.037 51.235 37.96 25.424 13.864 5.2527 2.1114 
 2.0183 2.0496 2.1213 2.1921 2.2765 2.3794 2.4773 2.5682 2.6722 2.7755 
 2.8854 2.9827 3.0867 3.204 3.3079 3.4173 3.5282 3.6391 3.7546 3.8727 
 3.983 4.0933 4.204 4.333 4.4297 4.554 4.6767 4.7926 4.9039 5.0274 
 5.1427 5.247 5.3713 5.4933 5.6041 5.7077 5.8375 5.9483 6.0719 6.1945 
 6.3104 6.4217 6.5524 6.6627 6.7857 6.9083 7.0242 7.1291 7.2529 7.3806 
 7.4801 7.5962 7.706 7.8107 7.9143 8.0047 8.1095 8.1999 8.2972 8.3816 
 8.4719 8.5311 8.6147 8.6864 8.758 8.8286 8.8941 8.9523 9.0165 9.0816 
 9.147 9.2052 9.264 9.3156 9.368 9.42 9.4777 9.5303 9.5756 9.5948 
 9.6274 9.6534 9.6792 9.7248 9.7441 9.77 9.7961 9.8091 9.8157 9.8158 
 9.8677 
1230.1 1227.5 1226.6 1225 1222.6 1219.7 1216 1212.2 1207.4 1202.4 
 1196.7 1190.4 1183.4 1175.7 1168 1160 1151.4 1141.8 1132.3 1122.4 
 1111.8 1100.5 1089.2 1077.2 1065.2 1052.6 1039.2 1025.8 1012.2 998.3 
 983.76 968.97 954.4 939.3 923.75 907.92 892.28 875.82 859.99 843.23 
 826.73 809.7 792.86 775.62 757.88 740.38 722.66 704.83 687.07 669.06 
 650.92 632.83 614.59 596.56 578.25 560.03 541.6 523.05 504.52 486.03 
 467.55 449.2 430.64 412.09 394.13 376.15 357.67 339.55 321.29 303.04 
 285.03 267.39 249.75 232.32 215.15 197.94 181.26 164.85 148.58 132.6 
 117.02 101.88 86.991 72.549 58.405 44.68 31.689 19.162 8.3167 2.4314 
 2.1607 2.2126 2.2707 2.3499 2.4279 2.5308 2.6221 2.7327 2.8238 2.9329 
 3.0438 3.148 3.2584 3.3751 3.4854 3.5951 3.7052 3.8159 3.9382 4.0485 
 4.16 4.2698 4.393 4.497 4.6211 4.736 4.8596 4.9768 5.0929 5.2101 
 5.3281 5.4433 5.5552 5.6705 5.7821 5.8987 6.028 6.1377 6.2681 6.3786 
 6.5088 6.6253 6.7423 6.8713 6.9942 7.1051 7.2146 7.3391 7.4543 7.5585 
 7.6815 7.7853 7.8899 7.9868 8.0975 8.1944 8.2995 8.3959 8.4664 8.5704 
 8.6548 8.7326 8.7985 8.8687 8.9346 9.0122 9.083 9.1484 9.2129 9.271 
 9.3299 9.3879 9.447 9.5045 9.5506 9.6083 9.6413 9.6868 9.7382 9.764 
 9.7964 9.8093 9.8226 9.8547 9.8612 9.8612 9.8612 9.8612 9.8612 9.8612 
 9.8677 
1230.1 1228.6 1227.5 1225.9 1224.1 1221.2 1217.4 1213.6 1209.3 1204.2 
 1198.8 1192.5 1186.3 1179.7 1171.9 1164.2 1155.9 1146.5 1137.3 1127.9 
 1117.4 1106.8 1095.8 1084.3 1072.2 1060 1047.6 1034.7 1021.1 1007.5 
 993.6 979.15 964.66 949.72 934.94 918.91 903.51 887.64 871.6 855.27 
 838.56 822.03 805.13 788.05 770.77 753.48 735.86 717.96 700.41 682.41 
 664.48 646.46 628.23 609.77 591.46 573.48 554.91 536.59 518.1 499.5 
 480.88 462.24 443.79 424.95 406.44 388.11 369.34 351.25 332.8 314.87 
 296.44 278.72 260.89 243.25 225.89 208.51 192.67 175.88 159.48 143.13 
 127.12 111.63 96.37 81.518 67.087 52.962 39.497 26.428 14.293 4.2615 
 2.3455 2.3096 2.316 2.3614 2.4388 2.5169 2.6072 2.7117 2.8272 2.9248 
 3.0347 3.1511 3.2688 3.3663 3.4833 3.5927 3.7027 3.8272 3.9308 4.0411 
 4.1572 4.274 4.3911 4.514 4.6181 4.7351 4.8516 4.9674 5.0861 5.1955 
 5.3187 5.4297 5.5523 5.6507 5.7844 5.8902 6.0192 6.1306 6.2525 6.3642 
 6.4865 6.6108 6.7257 6.8431 6.9605 7.077 7.1865 7.298 7.4216 7.5301 
 7.641 7.7581 7.8556 7.9599 8.0568 8.1479 8.2455 8.3296 8.4192 8.5228 
 8.5888 8.679 8.7381 8.8231 8.8878 8.9522 9.0297 9.1021 9.1536 9.2179 
 9.2833 9.3413 9.3937 9.4517 9.4974 9.5429 9.6013 9.6467 9.6854 9.7118 
 9.7376 9.7508 9.7636 9.8023 9.822 9.8287 9.8417 9.8545 9.8547 9.8547 
 9.8677 
1230.1 1231.9 1231.3 1229.7 1227.9 1225.3 1222.2 1219.1 1214.7 1209.9 
 1204.9 1199.6 1192.9 1186.7 1179.1 1171.4 1163.5 1154.9 1145.4 1136.2 
 1126.2 1115.7 1105.2 1093.9 1082.4 1070.5 1058 1045.3 1031.7 1018.3 
 1004.8 990.66 975.92 961.55 946.25 930.75 915.42 899.66 883.83 867.33 
 851.07 834.54 817.66 800.8 783.56 766.15 748.53 730.89 713.17 695.21 
 677.22 659.17 641.05 622.86 604.38 585.76 567.55 548.79 530.03 511.41 
 492.96 474.19 455.6 436.67 418.28 400.11 381.7 363.28 344.75 326.3 
 307.98 289.88 272.12 254.05 236.48 218.98 201.9 185.03 168.29 152.11 
 135.95 120.37 104.94 90.058 75.467 61.306 47.68 34.527 22.07 10.55 
 2.5431 2.4718 2.4718 2.4853 2.53 2.5826 2.6661 2.7576 2.8418 2.978 
 3.0813 3.1925 3.3084 3.4129 3.5297 3.6472 3.7756 3.8871 3.9969 4.1141 
 4.2369 4.3399 4.4631 4.5684 4.698 4.808 4.9242 5.0342 5.1575 5.2804 
 5.3985 5.5079 5.6129 5.7227 5.845 5.9554 6.0731 6.189 6.3126 6.4303 
 6.5401 6.6691 6.7804 6.8978 7.0128 7.1175 7.2266 7.332 7.4423 7.5575 
 7.662 7.7596 7.8629 7.9676 8.0511 8.1363 8.2402 8.3301 8.4152 8.4986 
 8.583 8.6547 8.7262 8.8101 8.875 8.9399 9.0113 9.0826 9.141 9.2061 
 9.2577 9.3229 9.3813 9.4394 9.4915 9.5501 9.6016 9.6475 9.686 9.7118 
 9.7444 9.7702 9.7962 9.8415 9.8612 9.8871 9.8807 9.8806 9.8806 9.8806 
 9.8677 
1230.1 1234.6 1233.8 1232.5 1230.5 1228.3 1225.3 1221.9 1217.7 1213.2 
 1208.4 1202.4 1196.6 1189.9 1182.5 1174.7 1166.6 1158.3 1149.4 1139.5 
 1129.5 1119 1108.4 1096.8 1085.5 1073.2 1061 1047.9 1034.7 1021 
 1007.2 993.02 978.5 963.88 948.51 933.27 917.79 902.07 885.75 869.97 
 853.34 836.58 819.72 802.49 785.18 767.79 750.24 732.49 714.89 696.66 
 678.72 660.3 642.15 623.68 605.15 586.9 568.51 549.66 531.01 512.29 
 493.77 474.85 456.31 437.33 418.51 399.93 381.15 362.67 344.08 325.65 
 307.26 289.38 271.26 253.4 235.87 218.54 201.91 185.28 168.62 152.09 
 135.93 120.22 104.69 89.683 75.06 60.801 47.012 33.727 21.074 9.4087 
 2.4509 2.2726 2.2642 2.2771 2.3412 2.4384 2.5226 2.607 2.7182 2.8215 
 2.9186 3.0349 3.1386 3.2565 3.3601 3.4762 3.5801 3.6968 3.8075 3.9114 
 4.0281 4.1455 4.255 4.3714 4.4815 4.5927 4.7224 4.8266 4.9489 5.0596 
 5.1693 5.286 5.4103 5.5261 5.6304 5.7468 5.8629 5.9813 6.0969 6.2208 
 6.3382 6.4486 6.5712 6.6887 6.8042 6.9084 7.0258 7.1352 7.2461 7.3629 
 7.4668 7.5709 7.6747 7.7777 7.8824 7.9668 8.0694 8.1545 8.251 8.3229 
 8.4071 8.4788 8.557 8.6349 8.6996 8.7837 8.8426 8.9134 8.972 9.0305 
 9.0951 9.1471 9.205 9.2703 9.3157 9.3615 9.4198 9.4715 9.5106 9.5428 
 9.5755 9.5951 9.6404 9.6726 9.7118 9.7378 9.7637 9.7766 9.7898 9.8028 
 9.8677 
1230.1 1233.1 1232.2 1231.2 1229.4 1227.5 1224.8 1221.1 1217.3 1212.4 
 1207.5 1201.7 1195.8 1188.9 1182 1174.1 1165.9 1157.3 1148 1138.1 
 1128 1117.2 1106.2 1094.7 1083.2 1070.5 1058 1045.1 1031.6 1017.4 
 1003 988.9 974.53 959.73 944.41 928.83 913.23 897.12 881.06 864.94 
 848.17 831.28 814.36 797.44 780.02 762.68 744.95 727.08 709.3 691.35 
 673.35 655.28 636.96 618.41 600.23 581.97 563.27 544.9 525.97 507.42 
 488.94 470.18 451.69 432.95 414.6 396.25 377.9 359.76 341.06 322.55 
 304.15 286.39 268.42 250.63 233.16 215.75 198.77 181.91 165.5 149.27 
 133.4 117.92 102.57 87.794 73.259 59.18 45.506 32.432 19.886 8.7659 
 2.4503 2.0827 2.1411 2.2055 2.2768 2.3551 2.4532 2.5442 2.6536 2.7445 
 2.8492 2.9533 3.0554 3.1602 3.2773 3.3925 3.4905 3.6008 3.7185 3.8291 
 3.9391 4.0486 4.1721 4.2748 4.3857 4.4966 4.6131 4.7234 4.8337 4.9502 
 5.0664 5.1835 5.3074 5.4119 5.5274 5.6384 5.7553 5.8785 5.9893 6.1183 
 6.2351 6.3577 6.4756 6.6046 6.7153 6.8327 6.949 7.0773 7.188 7.3052 
 7.4281 7.532 7.6493 7.7464 7.8564 7.9603 8.052 8.1619 8.2463 8.3431 
 8.4272 8.5056 8.5897 8.6616 8.746 8.8166 8.9013 8.9597 9.0186 9.0897 
 9.1539 9.2186 9.2706 9.3228 9.3876 9.4269 9.4848 9.5373 9.5825 9.6146 
 9.6598 9.673 9.7316 9.7963 9.8159 9.8482 9.8482 9.8482 9.8482 9.8482 
 9.8677 
1230.1 1229.9 1229.3 1228.5 1227.1 1224.6 1222.2 1218.8 1214.4 1210.1 
 1204.7 1198.9 1192.4 1185.8 1178 1169.9 1162.1 1153 1143.5 1133.6 
 1123.3 1112.3 1100.7 1089.3 1077.2 1064.5 1051.7 1038.1 1024.4 1010.5 
 995.89 981.5 966.96 952.02 936.37 920.63 904.62 888.32 872.51 855.89 
 839.15 822.51 805.06 787.87 770.48 753.24 735.51 717.56 699.84 681.84 
 663.8 645.49 627.49 609 590.66 572.63 553.96 535.52 517.32 498.76 
 480.07 461.45 442.89 424.11 405.86 387.3 368.78 350.75 332.5 314.51 
 296.29 278.75 261.01 243.44 226.41 209.22 193.43 177.01 160.78 144.79 
 129.2 113.92 98.862 84.342 70.094 56.135 42.777 29.849 17.866 7.6943 
 2.4034 1.9765 1.9658 2.037 2.1138 2.1918 2.2835 2.3809 2.49 2.5936 
 2.6913 2.7883 2.8929 2.99 3.1138 3.2101 3.3203 3.4309 3.5342 3.6508 
 3.7551 3.885 3.9831 4.1063 4.2099 4.326 4.4431 4.5462 4.6702 4.7812 
 4.9038 5.0207 5.1436 5.2468 5.3704 5.487 5.5921 5.7218 5.8377 5.9745 
 6.0788 6.2017 6.3253 6.4421 6.5769 6.6878 6.8107 6.9404 7.0567 7.1802 
 7.3028 7.4339 7.5307 7.6546 7.758 7.8685 7.9603 8.0816 8.1604 8.2644 
 8.3685 8.4467 8.5304 8.6081 8.6926 8.7708 8.8484 8.9267 8.9911 9.0564 
 9.1273 9.1919 9.2575 9.3158 9.381 9.4388 9.4912 9.543 9.6009 9.6337 
 9.6596 9.7118 9.7249 9.757 9.7831 9.7962 9.8027 9.8221 9.8287 9.8287 
 9.8677 
1230.1 1226 1225.4 1224.3 1222.9 1220.5 1217.4 1213.4 1209.4 1204.7 
 1199.7 1193.9 1187.6 1180.4 1173.1 1165.3 1156.7 1148 1138.4 1128.3 
 1118 1107.3 1095.8 1084.4 1071.9 1059.6 1046.7 1033.4 1019.7 1005.5 
 991.05 976.47 961.67 946.6 931.19 915.53 899.65 883.32 866.94 850.72 
 833.86 816.99 800.02 783.01 765.47 748.04 730.7 712.73 694.77 677.01 
 658.8 640.81 622.86 604.53 586.19 568.17 549.7 531.31 512.83 494.25 
 475.75 457.24 438.9 420.4 402.05 383.9 365.63 347.46 329.44 311.53 
 293.58 276.06 258.65 241.2 224.03 207.73 191.43 175.12 159.07 143.19 
 127.72 112.51 97.588 82.975 68.848 54.992 41.721 28.845 17.013 7.0925 
 1.8151 1.3169 1.3105 1.317 1.3428 1.4144 1.4666 1.5251 1.5896 1.6673 
 1.7385 1.8232 1.9013 1.9788 2.0568 2.135 2.2253 2.3024 2.3944 2.4914 
 2.5701 2.6671 2.7505 2.8488 2.9395 3.0365 3.1339 3.2383 3.3413 3.4453 
 3.5292 3.6468 3.7508 3.8669 3.9631 4.081 4.1778 4.302 4.412 4.5214 
 4.6385 4.7498 4.867 4.9896 5.1061 5.2355 5.3452 5.476 5.5989 5.7293 
 5.8445 5.9685 6.0856 6.2089 6.325 6.4433 6.5781 6.6885 6.8056 6.923 
 7.0453 7.1634 7.28 7.4026 7.5123 7.6355 7.7465 7.8578 7.9733 8.0771 
 8.1878 8.3045 8.409 8.5187 8.6225 8.7334 8.8428 8.9407 9.0384 9.1413 
 9.2319 9.3354 9.4143 9.4979 9.5569 9.6273 9.693 9.7445 9.8033 9.8484 
 9.8677 
1230.1 1228.7 1228.5 1227.4 1225.7 1223.5 1220.7 1217.4 1213.3 1208.6 
 1203.7 1197.5 1191.4 1184.9 1177.1 1169.2 1160.8 1151.8 1142.5 1132.5 
 1122 1111.4 1100.1 1089 1076.7 1064.4 1051.1 1038.3 1024.3 1011 
 996.25 981.81 967.01 951.7 936.56 920.79 905.03 888.79 872.98 856.47 
 839.71 822.87 805.82 788.82 771.43 753.72 736.28 718.38 700.55 682.67 
 664.77 646.61 628.57 610.53 592 573.88 555.45 537.15 518.76 500.44 
 481.81 463.26 444.86 426.02 407.81 389.7 371.58 353.24 335.3 317.25 
 299.18 281.16 263.81 246.12 229 211.95 195.2 178.67 162.34 146.52 
 130.7 115.48 100.42 85.62 71.353 57.325 43.723 30.779 18.66 8.0932 
 1.9979 1.3105 1.3173 1.3631 1.4019 1.4543 1.5252 1.5836 1.6489 1.727 
 1.7973 1.8753 1.9538 2.0436 2.1284 2.2003 2.2848 2.3621 2.453 2.5433 
 2.6349 2.7255 2.8094 2.9073 3.0043 3.1024 3.1934 3.2969 3.3948 3.4972 
 3.5879 3.7003 3.809 3.9075 4.0302 4.1336 4.2504 4.3665 4.4721 4.5944 
 4.7167 4.8335 4.9585 5.0819 5.2102 5.334 5.4756 5.5924 5.7172 5.8526 
 5.9768 6.1134 6.2491 6.3732 6.5022 6.6248 6.7488 6.8726 7.0067 7.1248 
 7.2413 7.3648 7.4804 7.5972 7.7205 7.8441 7.9613 8.0589 8.1814 8.2801 
 8.3956 8.5004 8.6101 8.7003 8.8117 8.9146 9.005 9.0894 9.1806 9.2645 
 9.3492 9.42 9.4851 9.5503 9.5952 9.6477 9.6992 9.7509 9.7835 9.8223 
 9.8677 
1230.1 1228.5 1228.3 1226.8 1225.2 1222.9 1220.1 1216.6 1212.6 1208.1 
 1203.1 1197.6 1191.3 1185 1177.8 1169.7 1161.6 1152.9 1143.7 1134.3 
 1124 1113.2 1102.2 1090.8 1079.1 1066.6 1054.1 1041.2 1027.6 1013.6 
 999.55 985.63 971.26 955.67 940.89 925.44 909.86 893.93 877.86 861.57 
 844.98 828.19 811.12 794.23 776.71 759.38 741.76 723.9 705.83 688.28 
 670.24 652.21 634.26 615.98 597.59 579.28 560.88 542.55 523.73 505.54 
 487.12 468.43 450.02 431.33 412.91 394.5 376 357.62 339.24 321.17 
 302.99 285.2 267.36 249.57 232.23 214.97 198.62 182.28 165.74 149.72 
 133.72 118.18 103.01 88.118 73.587 59.469 45.705 32.433 19.847 8.4743 
 1.937 1.3943 1.3819 1.3819 1.4013 1.4531 1.5111 1.5827 1.6469 1.725 
 1.816 1.8879 1.9581 2.0425 2.1273 2.2048 2.2965 2.3863 2.4705 2.5613 
 2.6596 2.7495 2.8475 2.9377 3.0283 3.1327 3.2306 3.3269 3.4312 3.5421 
 3.6576 3.7883 3.9185 4.0418 4.1509 4.2229 4.3326 4.4432 4.5664 4.6897 
 4.8072 4.9298 5.0599 5.1886 5.3194 5.4535 5.5713 5.702 5.8386 5.9673 
 6.0978 6.2276 6.3577 6.4872 6.603 6.7202 6.8434 6.9735 7.0827 7.2071 
 7.3224 7.4404 7.5514 7.6676 7.777 7.8756 7.9921 8.096 8.1989 8.3039 
 8.401 8.51 8.6017 8.7057 8.7966 8.8872 8.9721 9.0753 9.1531 9.2317 
 9.3155 9.3804 9.4523 9.5101 9.5625 9.6081 9.6663 9.7184 9.7699 9.8089 
 9.8677 
1230.1 1228.7 1228 1227 1225.2 1222.7 1219.9 1216.3 1212.4 1208.1 
 1203 1197.4 1191.6 1185.2 1178 1170.3 1162.7 1154.1 1144.7 1135.2 
 1125.3 1114.8 1103.6 1092.5 1081 1069.2 1056.9 1044 1030.8 1017.3 
 1003.4 989.42 974.98 960.2 945.3 929.98 914.52 898.59 882.56 866.51 
 850.38 833.39 816.78 799.94 782.8 765.58 747.96 730.08 712.43 694.67 
 676.78 658.83 640.8 622.47 604.38 585.97 567.58 549.23 530.75 512.27 
 493.77 474.94 456.43 437.84 419.36 401.3 382.92 364.54 346.35 328.12 
 309.96 291.76 273.99 256.28 238.7 221.42 204.37 187.43 170.74 154.44 
 138.31 122.49 107.07 92.084 77.397 63.071 49.133 35.715 23.053 10.862 
 2.1568 1.5116 1.5117 1.5183 1.5443 1.6025 1.6479 1.7131 1.7977 1.8634 
 1.9532 2.0316 2.1221 2.2001 2.291 2.3681 2.4656 2.55 2.6476 2.7449 
 2.8362 2.9394 3.03 3.1477 3.2385 3.3421 3.458 3.5618 3.6663 3.7839 
 3.893 3.997 4.1205 4.2367 4.3406 4.4715 4.5803 4.704 4.8283 4.958 
 5.0746 5.2043 5.3269 5.4575 5.5926 5.7044 5.8334 5.9564 6.0808 6.2098 
 6.3339 6.4699 6.5851 6.7094 6.8266 6.9488 7.0663 7.1824 7.2863 7.404 
 7.5195 7.624 7.734 7.8437 7.9543 8.0514 8.1692 8.2665 8.3628 8.4599 
 8.5578 8.6615 8.7521 8.843 8.9278 9.0114 9.09 9.174 9.2452 9.3162 
 9.388 9.4658 9.5305 9.5759 9.6342 9.6929 9.7447 9.7899 9.8419 9.8677 
 9.8677 
1230.1 1231.9 1230.8 1229.5 1227.6 1225.3 1221.8 1218.7 1214.2 1209.6 
 1204.1 1198.7 1193 1186.1 1179 1171.4 1163.5 1154.5 1145.3 1135.6 
 1125.6 1115.1 1104.5 1093.4 1082 1069.8 1057.4 1044.5 1031.4 1017.8 
 1003.8 989.45 975.28 960.3 945.45 930.23 914.57 898.92 882.94 867.12 
 850.42 833.66 817.03 800.13 783.25 765.87 748.56 730.87 712.96 694.99 
 677.2 659.11 640.63 622.37 603.97 585.65 567.1 548.86 530.03 511.57 
 493.06 474.41 455.8 436.84 418.21 399.59 380.97 362.64 344.05 325.85 
 307.5 289.45 271.8 253.97 236.44 219.13 202.56 185.99 169.38 153.19 
 137.16 121.52 106.12 91.208 76.52 62.474 48.734 35.473 22.89 11.175 
 2.3149 1.881 1.7516 1.6867 1.6738 1.6738 1.6738 1.7261 1.816 1.8873 
 1.9911 2.0763 2.1607 2.2577 2.3414 2.4509 2.5371 2.6403 2.7371 2.8345 
 2.933 3.0549 3.1532 3.2431 3.3658 3.4647 3.568 3.6906 3.7954 3.9051 
 4.0228 4.1387 4.2429 4.3732 4.482 4.5924 4.722 4.8399 4.9761 5.0923 
 5.2149 5.3463 5.469 5.5923 5.7084 5.845 5.969 6.0974 6.221 6.3437 
 6.4669 6.578 6.6941 6.8184 6.9349 7.0458 7.1552 7.2665 7.3823 7.493 
 7.5974 7.7071 7.8372 7.9275 8.0386 8.1357 8.2519 8.3426 8.4393 8.531 
 8.6286 8.7249 8.823 8.9076 8.9784 9.0693 9.1347 9.2191 9.2961 9.3548 
 9.4386 9.4782 9.5561 9.5951 9.647 9.7052 9.738 9.7701 9.8159 9.8482 
 9.8677 
