IESNA:LM-63-2002
[TEST] 1
[TESTLAB] 
[TESTDATE] 2025-02-21
[ISSUEDATE] 2025-02-21 15:39:46
[LAMPPOSITION] 0,0
[OTHER] EVERFINE GO-2000A_V1 SYSTEM
[MANUFAC] 
[LUMINAIRE] 25W-4000K
[LAMP] DB77E-4-50L-UD-P-A5W5C5
TILT=NONE
1 3420.3 1 181 17 1 2 0.060 1.200 0.000
1.000 1 24.2743
0.0    1.0    2.0    3.0    4.0    5.0    6.0    7.0    8.0    9.0    
 10.0   11.0   12.0   13.0   14.0   15.0   16.0   17.0   18.0   19.0   
 20.0   21.0   22.0   23.0   24.0   25.0   26.0   27.0   28.0   29.0   
 30.0   31.0   32.0   33.0   34.0   35.0   36.0   37.0   38.0   39.0   
 40.0   41.0   42.0   43.0   44.0   45.0   46.0   47.0   48.0   49.0   
 50.0   51.0   52.0   53.0   54.0   55.0   56.0   57.0   58.0   59.0   
 60.0   61.0   62.0   63.0   64.0   65.0   66.0   67.0   68.0   69.0   
 70.0   71.0   72.0   73.0   74.0   75.0   76.0   77.0   78.0   79.0   
 80.0   81.0   82.0   83.0   84.0   85.0   86.0   87.0   88.0   89.0   
 90.0   91.0   92.0   93.0   94.0   95.0   96.0   97.0   98.0   99.0   
 100.0  101.0  102.0  103.0  104.0  105.0  106.0  107.0  108.0  109.0  
 110.0  111.0  112.0  113.0  114.0  115.0  116.0  117.0  118.0  119.0  
 120.0  121.0  122.0  123.0  124.0  125.0  126.0  127.0  128.0  129.0  
 130.0  131.0  132.0  133.0  134.0  135.0  136.0  137.0  138.0  139.0  
 140.0  141.0  142.0  143.0  144.0  145.0  146.0  147.0  148.0  149.0  
 150.0  151.0  152.0  153.0  154.0  155.0  156.0  157.0  158.0  159.0  
 160.0  161.0  162.0  163.0  164.0  165.0  166.0  167.0  168.0  169.0  
 170.0  171.0  172.0  173.0  174.0  175.0  176.0  177.0  178.0  179.0  
 180.0  
0.0    22.5   45.0   67.5   90.0   112.5  135.0  157.5  180.0  202.5  
 225.0  247.5  270.0  292.5  315.0  337.5  360.0  
1276.3 1278 1276.8 1275.2 1273.3 1270.8 1267.2 1263.5 1259.1 1254.5 
 1249.2 1243.1 1237.1 1229.9 1222.5 1214.8 1206.2 1197.3 1187.5 1178 
 1167.5 1156.6 1145.2 1133.5 1121.9 1109.2 1096.5 1083.2 1069.6 1055.7 
 1041.4 1027 1012 996.77 981.56 965.6 949.15 932.83 916.23 899.4 
 882.75 865.61 848.06 830.25 812.58 794.72 776.63 758.38 739.84 721.35 
 703.16 684.25 665.48 646.55 627.45 608.21 589.04 569.95 550.4 531.49 
 511.99 492.59 473.26 453.82 434.45 415.1 395.81 376.69 357.61 338.66 
 319.64 300.78 282.42 263.92 245.65 227.55 209.97 193.18 176.04 159.18 
 142.38 126.25 110.29 94.692 79.54 64.739 50.59 36.835 23.85 11.556 
 2.4121 1.9653 1.8363 1.7776 1.7582 1.7581 1.771 1.8358 1.9143 2.0106 
 2.0898 2.1863 2.2831 2.3738 2.4783 2.5695 2.686 2.7769 2.8934 2.9975 
 3.0943 3.1984 3.3213 3.4196 3.5348 3.6529 3.7559 3.8803 3.9904 4.1072 
 4.2227 4.3408 4.4638 4.5809 4.71 4.8268 4.9624 5.0854 5.2029 5.3387 
 5.4614 5.5854 5.7163 5.8579 5.9809 6.1045 6.2415 6.3698 6.5003 6.6301 
 6.7599 6.8822 7.0136 7.1301 7.2528 7.3696 7.4864 7.6103 7.7255 7.8436 
 7.953 8.0581 8.1752 8.291 8.4011 8.5052 8.6152 8.7188 8.8234 8.9075 
 9.0173 9.1024 9.1931 9.2899 9.3685 9.4521 9.5434 9.6146 9.6864 9.7632 
 9.8227 9.9003 9.9582 9.9978 10.056 10.102 10.146 10.186 10.238 10.257 
 10.296 
1276.3 1280.7 1279.6 1277.6 1275.6 1272.4 1269.3 1265.3 1261 1255.7 
 1250.3 1243.9 1237.4 1230.6 1222.6 1214.6 1206.2 1197 1187.2 1176.6 
 1166.2 1155.2 1143.8 1132.2 1119.9 1107.2 1093.9 1080.6 1066.8 1052.7 
 1038.6 1023.7 1008.4 993.01 976.96 961.12 944.86 928.54 911.56 894.84 
 877.9 860.43 842.81 825.42 807.33 789.66 770.95 752.73 733.96 715.58 
 696.88 677.98 658.96 640.12 620.94 601.95 582.64 563.24 543.94 524.8 
 505.45 486.1 466.68 447.17 427.79 408.65 389.55 370.45 351.23 332.39 
 313.21 294.48 275.95 257.44 239.11 221.31 203.44 185.97 168.55 151.57 
 135 118.65 102.72 87.118 72.061 57.374 43.225 29.553 16.867 5.5552 
 1.6931 1.6544 1.6609 1.6938 1.733 1.804 1.8563 1.9401 2.0183 2.1034 
 2.1939 2.2777 2.3754 2.4591 2.5632 2.6538 2.7573 2.8353 2.9528 3.0504 
 3.1473 3.2521 3.3498 3.4644 3.5688 3.6795 3.7901 3.8995 4.0169 4.1269 
 4.2431 4.3616 4.4845 4.6008 4.7301 4.8463 4.9703 5.1015 5.2291 5.3528 
 5.4757 5.6066 5.7368 5.8722 5.9969 6.1396 6.2616 6.3911 6.5213 6.6582 
 6.7879 6.9106 7.0396 7.169 7.2923 7.4159 7.5282 7.6636 7.7861 7.9026 
 8.0142 8.1297 8.2459 8.3497 8.4668 8.5769 8.6877 8.7848 8.8953 8.9862 
 9.083 9.1744 9.2714 9.3628 9.4396 9.5316 9.615 9.687 9.7584 9.8227 
 9.9001 9.946 9.9976 10.056 10.108 10.141 10.179 10.212 10.257 10.27 
 10.296 
1276.3 1279 1277.2 1275.3 1273 1269.9 1266.6 1262 1257.5 1251.8 
 1245.8 1239.3 1232.3 1224.7 1217 1208.2 1198.7 1189.4 1179.2 1168.4 
 1157.5 1145.7 1133.8 1121.6 1109 1096 1082.4 1068.5 1054.1 1039.4 
 1024.7 1009.4 994.33 978.43 962.31 945.92 929.65 912.86 895.6 878.57 
 861.24 843.5 825.9 808.16 789.92 771.81 753.52 734.95 716.28 697.48 
 679.1 660.06 641.18 622.32 602.97 583.91 564.75 545.33 526.07 506.88 
 487.57 468 448.85 429.55 410.17 391.14 371.93 352.8 333.68 314.99 
 296.01 277.51 259.29 240.94 222.8 205.75 188.7 171.45 154.52 138.02 
 121.79 105.95 90.442 75.355 60.744 46.59 32.979 19.928 8.6336 1.9862 
 1.5505 1.5441 1.5506 1.583 1.6481 1.706 1.7909 1.8552 1.9465 2.0368 
 2.1152 2.2 2.2845 2.3815 2.4716 2.5748 2.667 2.7574 2.8609 2.9591 
 3.0624 3.1541 3.2636 3.3679 3.4704 3.5689 3.6856 3.7883 3.8992 4.0027 
 4.1266 4.2373 4.3543 4.4629 4.5875 4.7172 4.8333 4.9566 5.0799 5.2029 
 5.3338 5.4682 5.5987 5.7227 5.8464 5.9747 6.1121 6.2401 6.3839 6.5007 
 6.6305 6.7614 6.8972 7.0198 7.1363 7.2596 7.3761 7.4942 7.6097 7.7268 
 7.8445 8.0009 8.1802 8.3628 8.5385 8.7008 8.8243 8.9342 9.0312 9.1089 
 9.1932 9.2704 9.3362 9.3938 9.472 9.5505 9.6276 9.6931 9.7507 9.8028 
 9.8609 9.9194 9.9589 10.004 10.043 10.082 10.134 10.16 10.199 10.231 
 10.296 
1276.3 1275.2 1273.7 1271.8 1269.4 1266.2 1262.2 1257.9 1252.6 1247.1 
 1241 1234.3 1227 1219.1 1211 1201.8 1192.1 1182.3 1171.9 1161.6 
 1150 1138.2 1125.8 1113.5 1100.2 1087.1 1073.4 1059.1 1044.4 1029.4 
 1014 998.64 982.91 966.83 950.71 934.09 917.67 900.34 883.27 866.21 
 848.64 830.62 812.88 794.9 776.63 758.61 740.22 721.43 702.89 684.41 
 665.55 646.82 627.76 608.85 589.72 570.84 551.72 532.49 513.5 494.23 
 474.95 455.78 436.61 417.42 398.44 379.47 360.92 341.82 323.16 304.61 
 286.1 267.69 249.64 231.75 213.97 196.66 179.5 162.73 146.13 129.99 
 113.9 98.43 83.341 68.51 54.122 40.321 27.163 14.974 5.5445 1.6403 
 1.4468 1.4794 1.5118 1.5765 1.6296 1.7128 1.7786 1.8562 1.9346 2.0181 
 2.1027 2.1866 2.2774 2.3498 2.4397 2.5308 2.6349 2.7317 2.8223 2.9196 
 3.0049 3.1159 3.2119 3.3095 3.4072 3.5164 3.6269 3.7254 3.848 3.9397 
 4.0494 4.1662 4.2769 4.3931 4.5102 4.6276 4.7438 4.8614 4.9897 5.0998 
 5.2292 5.36 5.4835 5.5938 5.7303 5.8604 5.9899 6.119 6.2494 6.3774 
 6.5011 6.6373 6.7561 6.8911 7.0134 7.1367 7.2599 7.3703 7.5006 7.6113 
 7.7282 7.8501 7.9678 8.0721 8.1944 8.3115 8.4218 8.5332 8.6364 8.7335 
 8.8376 8.9408 9.0322 9.1295 9.2261 9.3239 9.4202 9.5112 9.5889 9.6675 
 9.7519 9.8229 9.8813 9.9527 10.011 10.063 10.115 10.179 10.218 10.257 
 10.296 
1276.3 1270.8 1269.2 1267.6 1264.7 1261.4 1257.5 1252.8 1248 1241.9 
 1235.7 1228.7 1221.2 1213.1 1204.5 1195.7 1186.4 1176.2 1165.5 1154.5 
 1142.9 1131.2 1119 1106.3 1093.2 1079.7 1065.5 1051.5 1036.6 1021.8 
 1006.5 991.01 975.18 959.34 942.63 926.33 909.52 892.61 875.4 858.32 
 840.75 823.01 805.27 787.32 768.88 750.6 732.77 713.93 695.25 676.82 
 658.04 639.26 620.35 601.29 582.32 563.57 544.82 525.73 506.63 487.65 
 468.55 449.22 430.08 411.09 392.48 373.86 355.01 336.47 317.91 299.35 
 281.02 263.25 245.18 227.35 209.99 192.58 175.66 159.08 142.74 126.72 
 110.85 95.662 80.561 65.965 51.874 38.216 25.309 13.613 5.1769 2.1403 
 2.0634 2.1342 2.2129 2.2902 2.3808 2.4791 2.5701 2.6736 2.7772 2.8807 
 2.9916 3.0898 3.2123 3.329 3.433 3.5553 3.6591 3.7821 3.8937 4.0044 
 4.1216 4.2432 4.3597 4.4717 4.5994 4.7169 4.8398 4.9567 5.0807 5.2097 
 5.3143 5.4446 5.5601 5.6774 5.8129 5.9246 6.0479 6.1708 6.2934 6.4103 
 6.541 6.6579 6.7876 6.9092 7.0275 7.1558 7.2672 7.3897 7.4936 7.6101 
 7.7395 7.844 7.9543 8.0581 8.1746 8.2732 8.383 8.4734 8.5772 8.6753 
 8.7719 8.8687 8.9533 9.0439 9.1225 9.1936 9.2845 9.3551 9.4404 9.5246 
 9.5956 9.6666 9.7193 9.777 9.8288 9.8875 9.9455 10.01 10.07 10.128 
 10.192 10.218 10.264 10.309 10.361 10.361 10.361 10.361 10.348 10.341 
 10.296 
1276.3 1273.3 1272 1269.8 1267 1263.9 1260.2 1255.5 1250.4 1244.8 
 1239 1232.4 1224.8 1217.2 1208.6 1200 1190.2 1180.4 1169.8 1159.1 
 1148.2 1136.1 1124.1 1111.6 1098.2 1084.8 1070.9 1056.4 1042.1 1027.5 
 1012 996.76 981.24 965.19 948.88 932.38 915.34 898.64 881.62 864.22 
 846.55 828.98 811.12 793.46 775.02 756.68 738.6 719.96 701.59 682.77 
 664.01 645.04 626.1 607.15 587.96 569.13 549.76 530.94 511.63 492.46 
 473.14 453.95 434.83 415.4 396.49 377.46 358.45 339.69 320.99 302.45 
 284.03 265.84 247.84 229.79 212.38 195.63 178.88 161.92 145.49 129.26 
 113.32 97.874 82.565 67.86 53.622 39.688 26.56 14.589 5.5386 2.1961 
 2.1097 2.1403 2.2051 2.2833 2.3743 2.4837 2.5811 2.679 2.7893 2.9051 
 3.0021 3.1125 3.2176 3.3392 3.4567 3.568 3.6841 3.8003 3.9174 4.0275 
 4.152 4.2617 4.3856 4.5076 4.6308 4.7477 4.8716 5 5.1115 5.2418 
 5.358 5.4745 5.5988 5.7149 5.8443 5.9676 6.0896 6.2135 6.3252 6.4478 
 6.5779 6.7066 6.8307 6.9475 7.0776 7.1941 7.3106 7.4345 7.5504 7.6736 
 7.7773 7.8817 7.9917 8.1014 8.2262 8.3236 8.4134 8.518 8.6079 8.6932 
 8.7776 8.8684 8.9514 9.0369 9.1019 9.1862 9.2574 9.3292 9.3994 9.4651 
 9.53 9.5879 9.6398 9.6982 9.7376 9.7833 9.8413 9.8867 9.9387 9.9837 
 10.023 10.062 10.088 10.139 10.159 10.192 10.205 10.231 10.224 10.224 
 10.296 
1276.3 1274 1272.5 1270.7 1269 1265.8 1262.1 1257.9 1253.2 1248 
 1242.1 1235.8 1228.9 1221.4 1213.2 1204.8 1195.7 1186.2 1175.7 1165.7 
 1154.5 1143.1 1131.5 1119.3 1106.5 1093.3 1079.9 1066 1052.1 1037.5 
 1022.9 1007.7 992.61 976.95 960.97 944.73 928.41 911.18 894.67 877.41 
 860.29 842.39 824.89 806.84 788.67 770.77 752.67 733.81 715.5 696.82 
 678.09 659.19 640.28 621.33 602.19 583.32 564.22 545.3 525.79 506.53 
 487.3 468.13 448.98 429.76 410.88 392.01 373.14 354.34 335.14 316.24 
 297.34 279.17 260.66 242.43 224.5 206.62 189.24 172.11 155.19 138.6 
 122.33 106.44 90.919 75.794 61.111 46.783 33.069 20.187 8.7533 2.5351 
 2.2448 2.29 2.3555 2.4332 2.5297 2.6268 2.725 2.8353 2.9447 3.055 
 3.1665 3.2756 3.393 3.5089 3.6211 3.737 3.8602 3.9638 4.088 4.2035 
 4.3272 4.4504 4.5669 4.6841 4.8148 4.93 5.0597 5.1772 5.2995 5.4303 
 5.5542 5.663 5.7879 5.9105 6.0393 6.1438 6.2739 6.3965 6.5205 6.6507 
 6.779 6.9042 7.0386 7.1493 7.2722 7.3894 7.512 7.6363 7.7466 7.8569 
 7.9663 8.0772 8.1869 8.2919 8.3952 8.5062 8.5969 8.6931 8.7902 8.8756 
 8.9599 9.0369 9.1339 9.2194 9.29 9.3683 9.4455 9.5106 9.5954 9.6664 
 9.7313 9.7837 9.8418 9.8744 9.9325 9.9783 10.023 10.056 10.094 10.147 
 10.179 10.211 10.244 10.27 10.283 10.289 10.289 10.289 10.289 10.289 
 10.296 
1276.3 1274.1 1272.9 1271.3 1269.4 1266.6 1263.3 1259.5 1255.3 1250.8 
 1244.7 1238.7 1232.1 1224.6 1216.9 1209.1 1200 1190.9 1181.3 1171.3 
 1160.9 1150 1138.3 1126.4 1114.1 1101.8 1089.1 1075.5 1061.5 1047.5 
 1033 1018.4 1003 987.62 972.25 956.35 940.02 923.49 906.83 889.82 
 872.75 855.7 838.11 820.34 802.39 784.4 766.2 747.83 729.68 710.93 
 692.05 673.3 654.27 635.32 616.43 597.42 578.38 558.99 539.78 520.43 
 501.12 481.75 462.4 442.82 423.66 404.4 385.23 366.1 347.12 328.05 
 309.22 290.46 272.07 253.66 235.73 217.78 200.67 183.57 166.33 149.47 
 132.69 116.69 100.61 85.145 69.987 55.382 41.287 27.71 14.988 4.4652 
 2.4179 2.4005 2.4069 2.4517 2.5298 2.6206 2.7177 2.8267 2.9376 3.0482 
 3.1515 3.2873 3.3925 3.5079 3.6192 3.7351 3.8535 3.9699 4.0997 4.2036 
 4.3333 4.4501 4.5781 4.6899 4.8128 4.9358 5.053 5.1766 5.2982 5.4218 
 5.5335 5.6632 5.7862 5.9021 6.0195 6.156 6.2656 6.3948 6.5192 6.6421 
 6.7725 6.8829 7.0119 7.1279 7.2518 7.3683 7.4796 7.6015 7.7001 7.8228 
 7.9266 8.0377 8.1535 8.2519 8.3551 8.4525 8.5504 8.6405 8.7445 8.8221 
 8.9066 9.0111 9.0884 9.1722 9.2374 9.3162 9.3998 9.4842 9.5423 9.6073 
 9.6725 9.7376 9.7889 9.8222 9.867 9.9258 9.9643 10.017 10.062 10.101 
 10.14 10.172 10.185 10.211 10.244 10.257 10.27 10.276 10.276 10.276 
 10.296 
1276.3 1278 1277.6 1276 1273.8 1271.7 1268.7 1265 1260.8 1256.3 
 1251.1 1245 1238.6 1232 1224.4 1216.8 1208.2 1199.4 1190.2 1180.5 
 1170.2 1159.2 1148.4 1137 1124.7 1112.3 1099.4 1086.6 1072.8 1059.1 
 1045 1030.2 1015.2 999.9 984.47 968.92 952.65 936.21 919.73 902.92 
 885.47 868.58 851.2 833.7 815.7 797.77 779.41 761.18 742.76 724.35 
 705.3 686.43 667.44 648.55 629.63 610.39 591.08 571.78 552.37 533.25 
 513.48 493.97 474.9 455.38 436.24 416.76 397.89 379.02 359.56 340.36 
 321.39 302.65 283.71 265.15 246.9 228.57 210.79 193.17 175.84 158.89 
 142.04 125.72 109.62 94.185 78.939 64.052 49.854 36.098 23.129 11.078 
 2.685 2.5756 2.5756 2.5887 2.6211 2.6856 2.7703 2.8619 2.9771 3.0942 
 3.2055 3.3288 3.444 3.5617 3.6724 3.8021 3.9125 4.0355 4.1656 4.2875 
 4.4053 4.528 4.6386 4.7684 4.8855 5.0082 5.1247 5.2605 5.3777 5.4881 
 5.6188 5.7359 5.8524 5.9747 6.0925 6.2148 6.3381 6.4546 6.5786 6.7008 
 6.8177 6.9429 7.0642 7.1888 7.3053 7.4156 7.5253 7.6301 7.7518 7.8622 
 7.9663 8.064 8.1683 8.2657 8.3692 8.4603 8.5578 8.6408 8.7261 8.8173 
 8.9144 8.9854 9.07 9.1602 9.2324 9.3038 9.3748 9.4589 9.5364 9.6022 
 9.6599 9.725 9.7638 9.8091 9.8544 9.9002 9.9646 10.004 10.056 10.101 
 10.14 10.179 10.198 10.237 10.263 10.296 10.302 10.302 10.302 10.302 
 10.296 
1276.3 1281.2 1280 1278.6 1276.8 1274.5 1271.9 1268.5 1264.2 1259.3 
 1253.9 1248.3 1242.1 1235.2 1228 1220.3 1212.2 1203 1193.6 1183.9 
 1173.4 1162.9 1151.9 1139.9 1127.8 1115.4 1102.3 1089.2 1075.7 1062 
 1047.8 1032.8 1017.7 1002.4 986.81 970.96 955.15 938.56 922.02 905.2 
 888.27 871.24 853.79 835.91 817.84 800.01 781.8 763.4 745 726.1 
 707.57 688.43 669.42 650.15 631.14 612.04 592.61 573.4 554.03 534.56 
 514.96 495.34 475.93 456.09 436.74 417.09 397.41 378.18 359.05 339.89 
 320.6 301.92 283.2 264.62 246.38 227.98 210.36 193.45 176.01 158.95 
 142.01 125.64 109.47 93.812 78.579 63.662 49.334 35.32 22.211 9.9469 
 2.6304 2.3695 2.3616 2.3743 2.4387 2.5229 2.6131 2.7112 2.8205 2.932 
 3.0421 3.1588 3.2814 3.3849 3.5021 3.6131 3.736 3.8388 3.9634 4.0806 
 4.19 4.3203 4.4298 4.5533 4.6695 4.7927 4.9038 5.0277 5.1496 5.2668 
 5.3976 5.5128 5.6305 5.7592 5.8762 6.0004 6.1166 6.2325 6.3563 6.4867 
 6.5963 6.7207 6.8437 6.9676 7.0909 7.2139 7.3175 7.433 7.5249 7.6412 
 7.7513 7.8628 7.9653 8.0632 8.1743 8.2637 8.3617 8.4652 8.5431 8.6478 
 8.7248 8.8036 8.8936 8.9721 9.0437 9.1273 9.1924 9.2835 9.3414 9.419 
 9.491 9.5427 9.5951 9.6274 9.6724 9.7375 9.7763 9.8284 9.8805 9.9255 
 9.9712 10.01 10.036 10.075 10.127 10.146 10.166 10.192 10.211 10.237 
 10.296 
1276.3 1279.5 1278.8 1278.2 1276.5 1274.2 1271.3 1268.1 1263.9 1259.2 
 1253.8 1248.3 1241.9 1235.3 1227.7 1219.8 1211.3 1202.2 1192.7 1182.7 
 1171.9 1161.1 1150.2 1138.1 1125.8 1113 1099.7 1086.4 1072.6 1058.3 
 1043.8 1028.9 1013.8 998.12 982.34 966.52 950.3 933.76 916.88 899.9 
 882.45 865.33 847.4 829.42 811.47 793.68 775.59 757.14 738.85 719.89 
 701.16 682.22 663.52 644.4 625.19 606.27 586.64 567.71 548.26 528.75 
 509.34 490.04 470.62 451.17 431.87 412.61 393.69 374.77 355.54 336.49 
 317.42 298.72 280.02 261.44 243.28 225.13 207.33 190.13 172.76 155.84 
 139.27 123 107.06 91.766 76.665 61.827 47.731 33.848 20.936 9.2291 
 2.5551 2.1743 2.2122 2.2897 2.3621 2.4591 2.5365 2.6533 2.7509 2.8612 
 2.9586 3.0813 3.1907 3.2954 3.4119 3.5226 3.639 3.7552 3.8671 3.9774 
 4.0926 4.2234 4.3334 4.444 4.5602 4.6773 4.7947 4.9116 5.0407 5.1514 
 5.2865 5.4041 5.5267 5.6254 5.7538 5.8839 6.0137 6.1109 6.2534 6.3771 
 6.5014 6.6227 6.7477 6.8771 7.0062 7.1241 7.247 7.3625 7.4868 7.5909 
 7.7139 7.823 7.9351 8.0448 8.1542 8.2584 8.3566 8.459 8.551 8.6545 
 8.7511 8.836 8.9196 9.004 9.0824 9.1604 9.2248 9.3154 9.3876 9.4521 
 9.5295 9.5952 9.6467 9.7055 9.7445 9.7895 9.8483 9.8996 9.9454 10.004 
 10.049 10.081 10.133 10.192 10.224 10.263 10.257 10.257 10.257 10.257 
 10.296 
1276.3 1276.2 1275.8 1275 1273.6 1271.4 1268.2 1264.5 1260.2 1255.5 
 1250.5 1244.3 1237.7 1230.8 1223 1215.1 1205.9 1197.1 1187.5 1177 
 1166.3 1155.1 1143.6 1131.5 1119.2 1106.2 1092.6 1079 1065.2 1051 
 1035.8 1020.6 1005 989.28 973.49 957.11 940.68 923.96 907.22 890.13 
 872.61 855.29 837.45 819.75 801.6 783.82 765.71 747.21 728.57 709.85 
 690.96 672.2 653.81 634.61 615.49 596.61 577.32 558.05 538.98 519.63 
 500.44 480.93 461.81 442.13 422.94 403.8 384.47 365.58 346.5 327.84 
 308.95 290.55 272.32 254.06 236.16 218.4 201.59 184.79 167.84 151.07 
 134.72 119.04 103.39 88.159 73.243 58.79 44.752 31.36 18.723 8.1507 
 2.522 2.0636 2.063 2.1276 2.2044 2.2898 2.3868 2.4831 2.5812 2.692 
 2.7953 2.8991 3.01 3.1261 3.2292 3.34 3.4567 3.5726 3.691 3.8016 
 3.9172 4.0276 4.1514 4.2615 4.3843 4.5076 4.6306 4.7423 4.8575 4.9813 
 5.1103 5.2283 5.3515 5.469 5.5846 5.7153 5.8369 5.9619 6.0852 6.201 
 6.3317 6.4598 6.5967 6.7127 6.8501 6.967 7.1017 7.2269 7.3425 7.4653 
 7.5829 7.7071 7.8297 7.9343 8.0504 8.1669 8.2779 8.3803 8.4841 8.5826 
 8.6926 8.7838 8.8801 8.9587 9.0566 9.1398 9.2118 9.2894 9.3796 9.4458 
 9.5294 9.5884 9.6402 9.705 9.744 9.8021 9.8669 9.9191 9.9648 10.01 
 10.062 10.107 10.133 10.159 10.192 10.211 10.231 10.231 10.231 10.231 
 10.296 
1276.3 1271.5 1271 1270.1 1268.4 1265.8 1263.1 1259.2 1255.2 1250.5 
 1244.9 1238.8 1232.2 1225.3 1217.4 1209 1199.9 1191.2 1181.4 1171.2 
 1160.5 1149.2 1137.5 1125.9 1112.7 1099.8 1086.5 1073 1058.8 1044.4 
 1029.7 1014.5 998.94 983.34 967.28 950.81 934.7 917.78 900.83 883.73 
 866.64 849.28 831.42 813.52 795.78 777.66 759.39 741.05 722.64 703.86 
 685.33 666.49 647.55 628.81 609.92 591.02 572.1 553.01 533.79 514.55 
 495.45 476.01 456.96 437.83 418.56 399.55 380.58 361.83 342.96 324.39 
 305.6 287.45 269.54 251.33 233.52 215.95 199.16 182.38 165.68 149.22 
 132.96 117.27 101.7 86.452 71.757 57.374 43.46 30.16 17.774 7.4627 
 1.9176 1.3794 1.369 1.3689 1.4137 1.4723 1.5312 1.6146 1.6734 1.757 
 1.8425 1.9135 1.9917 2.0758 2.1667 2.2575 2.3486 2.4318 2.5238 2.6068 
 2.7045 2.8018 2.9067 3.0033 3.0941 3.204 3.3012 3.3986 3.5087 3.6059 
 3.7176 3.8325 3.9377 4.048 4.1577 4.2754 4.3915 4.5151 4.6252 4.7426 
 4.8594 4.982 5.1053 5.228 5.3573 5.4804 5.5985 5.7272 5.857 5.9947 
 6.1163 6.246 6.384 6.4992 6.6368 6.7468 6.8687 7.0063 7.1235 7.2451 
 7.37 7.4933 7.6221 7.7386 7.8625 7.9784 8.0952 8.2198 8.3298 8.4466 
 8.5566 8.6789 8.7835 8.8944 9.0108 9.1203 9.2315 9.3409 9.4327 9.5365 
 9.6401 9.7245 9.8143 9.8935 9.9707 10.049 10.114 10.166 10.224 10.27 
 10.296 
1276.3 1274.8 1274.7 1273.4 1272.2 1269.6 1266.8 1262.6 1258.5 1253.7 
 1248.4 1242.1 1235.8 1228.4 1221.2 1213.3 1204.5 1195.4 1185.7 1175.4 
 1165 1153.5 1141.8 1129.9 1117.3 1104.3 1091.3 1077.8 1063.7 1049.3 
 1034.1 1019.3 1003.9 988.18 972.49 955.96 939.97 922.93 906.23 889.18 
 872.15 854.27 836.77 819.09 800.94 783.13 764.86 746.47 727.88 709.43 
 690.87 671.93 653.18 634.34 615.31 596.22 577.34 558.35 539.02 519.87 
 500.75 481.33 462.17 443 423.75 404.9 386.12 367.34 348.49 329.84 
 311.09 292.54 274.29 256.01 238.12 220.48 203.08 185.87 168.86 152.45 
 136 120.03 104.46 89.109 74.133 59.658 45.491 31.982 19.345 8.3443 
 2.0747 1.369 1.3951 1.4282 1.4794 1.5445 1.5961 1.6746 1.7521 1.8176 
 1.9015 1.9856 2.0568 2.1481 2.2326 2.3037 2.4009 2.4787 2.5822 2.6805 
 2.7707 2.8624 2.9662 3.0691 3.155 3.2571 3.362 3.4589 3.5686 3.666 
 3.7769 3.8863 3.9969 4.1073 4.225 4.3415 4.457 4.5691 4.6972 4.8269 
 4.9448 5.0674 5.1975 5.3274 5.464 5.5992 5.7289 5.8599 5.9962 6.1374 
 6.2745 6.4164 6.5401 6.6836 6.8136 6.9366 7.0672 7.2016 7.3256 7.456 
 7.5787 7.7023 7.8249 7.9494 8.0654 8.1945 8.3184 8.4348 8.5507 8.6557 
 8.7661 8.8822 8.9806 9.097 9.2063 9.2969 9.4013 9.4991 9.5889 9.6737 
 9.7384 9.8233 9.9007 9.9522 10.004 10.056 10.101 10.166 10.199 10.244 
 10.296 
1276.3 1275 1274 1272.5 1270.7 1268.3 1265.3 1261.8 1257.8 1253.1 
 1248.2 1242.2 1235.7 1228.4 1221 1213.1 1204.7 1195.5 1185.7 1175.8 
 1165.4 1154.2 1142.6 1131 1118.7 1105.9 1092.9 1079.6 1065.8 1051.6 
 1037 1022.4 1007.3 991.63 976.53 960.29 944.27 927.84 910.86 893.84 
 876.81 859.45 841.78 824.28 806.4 788.19 770.31 752.06 733.49 714.7 
 696.25 677.21 658.42 639.63 620.38 601.54 582.58 563.43 544.13 525.09 
 506.13 486.48 467.5 448.33 428.98 409.86 390.69 371.69 352.74 333.69 
 314.78 296.06 277.98 259.39 241.18 223.36 206.38 189.39 172.12 155.53 
 138.96 122.8 107.02 91.459 76.312 61.682 47.438 33.598 20.584 8.7796 
 1.9943 1.4738 1.4597 1.4598 1.4796 1.5372 1.6155 1.6676 1.7384 1.8236 
 1.8951 1.979 2.0765 2.1606 2.2441 2.3416 2.4255 2.5106 2.6077 2.7045 
 2.8029 2.9007 2.9908 3.1002 3.1979 3.3026 3.4178 3.5094 3.6135 3.7245 
 3.8661 3.9902 4.1261 4.2494 4.3601 4.4436 4.5547 4.6712 4.7949 4.9314 
 5.0469 5.1824 5.3126 5.4431 5.5728 5.7091 5.8507 5.9885 6.1183 6.2485 
 6.3889 6.5275 6.6638 6.8042 6.9161 7.0459 7.1695 7.2982 7.429 7.5458 
 7.662 7.7781 7.9021 8.0182 8.1298 8.2454 8.3557 8.4666 8.564 8.6863 
 8.7718 8.8676 8.9725 9.0701 9.1666 9.2642 9.3618 9.4529 9.5501 9.6207 
 9.7251 9.7837 9.8413 9.9129 9.9585 10.01 10.069 10.133 10.173 10.225 
 10.296 
1276.3 1274.5 1274 1272.7 1270.5 1268.4 1265.6 1261.9 1257.9 1253.2 
 1248.2 1242.1 1236 1228.8 1221.6 1213.5 1205.1 1196 1186.9 1177.3 
 1167.2 1156.2 1145.2 1133.6 1121.3 1108.7 1096.1 1082.9 1069.4 1055.9 
 1041.2 1026.5 1011.6 996.44 980.87 964.4 948.35 932.26 915.68 899.28 
 882.02 864.92 847.49 829.99 812.15 794.39 776.44 758.2 739.89 721.38 
 703.01 684.35 665.36 646.36 627.39 608.53 589.47 570.46 551.08 531.99 
 512.73 493.36 474.26 454.73 435.6 416.62 397.86 379.08 359.76 340.9 
 322.02 303.08 284.71 266.2 247.97 230.13 212.24 194.81 177.44 160.53 
 143.68 127.39 111.36 95.696 80.436 65.507 51.146 37.165 23.902 11.354 
 2.2429 1.5895 1.5895 1.5961 1.6415 1.6872 1.7457 1.8172 1.8892 1.9727 
 2.0572 2.1425 2.2396 2.3229 2.4142 2.5048 2.6032 2.6992 2.7907 2.8947 
 2.9924 3.0952 3.2056 3.2964 3.4203 3.5173 3.6335 3.7435 3.8616 3.978 
 4.0942 4.2107 4.3278 4.4443 4.5741 4.6841 4.8089 4.944 5.067 5.1974 
 5.3201 5.4641 5.5874 5.7116 5.8465 5.9884 6.1125 6.2476 6.3793 6.5146 
 6.6305 6.7668 6.8901 7.0269 7.1384 7.267 7.3781 7.5 7.6165 7.7408 
 7.8636 7.9676 8.0853 8.202 8.3108 8.4282 8.5332 8.6365 8.7468 8.8376 
 8.94 9.0257 9.1217 9.2131 9.3099 9.4015 9.4926 9.5694 9.6473 9.7256 
 9.8038 9.8677 9.9332 9.9911 10.043 10.102 10.153 10.205 10.244 10.289 
 10.296 
1276.3 1278 1276.8 1275.2 1273.3 1270.8 1267.2 1263.5 1259.1 1254.5 
 1249.2 1243.1 1237.1 1229.9 1222.5 1214.8 1206.2 1197.3 1187.5 1178 
 1167.5 1156.6 1145.2 1133.5 1121.9 1109.2 1096.5 1083.2 1069.6 1055.7 
 1041.4 1027 1012 996.77 981.56 965.6 949.15 932.83 916.23 899.4 
 882.75 865.61 848.06 830.25 812.58 794.72 776.63 758.38 739.84 721.35 
 703.16 684.25 665.48 646.55 627.45 608.21 589.04 569.95 550.4 531.49 
 511.99 492.59 473.26 453.82 434.45 415.1 395.81 376.69 357.61 338.66 
 319.64 300.78 282.42 263.92 245.65 227.55 209.97 193.18 176.04 159.18 
 142.38 126.25 110.29 94.692 79.54 64.739 50.59 36.835 23.85 11.556 
 2.4121 1.9653 1.8363 1.7776 1.7582 1.7581 1.771 1.8358 1.9143 2.0106 
 2.0898 2.1863 2.2831 2.3738 2.4783 2.5695 2.686 2.7769 2.8934 2.9975 
 3.0943 3.1984 3.3213 3.4196 3.5348 3.6529 3.7559 3.8803 3.9904 4.1072 
 4.2227 4.3408 4.4638 4.5809 4.71 4.8268 4.9624 5.0854 5.2029 5.3387 
 5.4614 5.5854 5.7163 5.8579 5.9809 6.1045 6.2415 6.3698 6.5003 6.6301 
 6.7599 6.8822 7.0136 7.1301 7.2528 7.3696 7.4864 7.6103 7.7255 7.8436 
 7.953 8.0581 8.1752 8.291 8.4011 8.5052 8.6152 8.7188 8.8234 8.9075 
 9.0173 9.1024 9.1931 9.2899 9.3685 9.4521 9.5434 9.6146 9.6864 9.7632 
 9.8227 9.9003 9.9582 9.9978 10.056 10.102 10.146 10.186 10.238 10.257 
 10.296 
