IESNA:LM-63-2002
[TEST] 1
[TESTLAB] 
[TESTDATE] 2025-02-21
[ISSUEDATE] 2025-02-21 11:50:50
[LAMPPOSITION] 0,0
[OTHER] EVERFINE GO-2000A_V1 SYSTEM
[MANUFAC] 
[LUMINAIRE] 35W-3000K
[LAMP] DB77E-4-50L-UD-P-A5W5C5
TILT=NONE
1 4381.3 1 181 17 1 2 0.060 1.200 0.000
1.000 1 34.3489
0.0    1.0    2.0    3.0    4.0    5.0    6.0    7.0    8.0    9.0    
 10.0   11.0   12.0   13.0   14.0   15.0   16.0   17.0   18.0   19.0   
 20.0   21.0   22.0   23.0   24.0   25.0   26.0   27.0   28.0   29.0   
 30.0   31.0   32.0   33.0   34.0   35.0   36.0   37.0   38.0   39.0   
 40.0   41.0   42.0   43.0   44.0   45.0   46.0   47.0   48.0   49.0   
 50.0   51.0   52.0   53.0   54.0   55.0   56.0   57.0   58.0   59.0   
 60.0   61.0   62.0   63.0   64.0   65.0   66.0   67.0   68.0   69.0   
 70.0   71.0   72.0   73.0   74.0   75.0   76.0   77.0   78.0   79.0   
 80.0   81.0   82.0   83.0   84.0   85.0   86.0   87.0   88.0   89.0   
 90.0   91.0   92.0   93.0   94.0   95.0   96.0   97.0   98.0   99.0   
 100.0  101.0  102.0  103.0  104.0  105.0  106.0  107.0  108.0  109.0  
 110.0  111.0  112.0  113.0  114.0  115.0  116.0  117.0  118.0  119.0  
 120.0  121.0  122.0  123.0  124.0  125.0  126.0  127.0  128.0  129.0  
 130.0  131.0  132.0  133.0  134.0  135.0  136.0  137.0  138.0  139.0  
 140.0  141.0  142.0  143.0  144.0  145.0  146.0  147.0  148.0  149.0  
 150.0  151.0  152.0  153.0  154.0  155.0  156.0  157.0  158.0  159.0  
 160.0  161.0  162.0  163.0  164.0  165.0  166.0  167.0  168.0  169.0  
 170.0  171.0  172.0  173.0  174.0  175.0  176.0  177.0  178.0  179.0  
 180.0  
0.0    22.5   45.0   67.5   90.0   112.5  135.0  157.5  180.0  202.5  
 225.0  247.5  270.0  292.5  315.0  337.5  360.0  
1638.3 1640.7 1639.7 1637 1634.7 1631.7 1627.5 1623 1617.2 1611.4 
 1604.4 1596.6 1588.6 1579.7 1569.9 1559.9 1548.6 1537.4 1525.2 1512.4 
 1499.1 1485.2 1470.8 1456 1440.5 1424.3 1408 1390.8 1373.4 1355.3 
 1337 1318.3 1298.8 1279.2 1259.2 1238.8 1218.5 1197.5 1176 1154.6 
 1132.9 1110.7 1088.3 1065.6 1042.8 1019.7 996.46 973.04 949.29 925.48 
 901.78 877.47 853.34 828.96 804.48 780.16 755.26 730.66 705.97 681.15 
 656.47 631.49 606.74 581.71 557.08 532.33 507.86 483.26 458.58 434.23 
 409.91 385.72 362.11 338.35 315.11 292 269.33 246.74 224.54 203.54 
 182.53 161.91 141.38 121.4 101.97 83.307 64.962 47.384 30.596 15.007 
 3.1519 2.5381 2.3693 2.2719 2.2642 2.2642 2.29 2.3744 2.4852 2.5877 
 2.7236 2.8283 2.9584 3.0817 3.2101 3.3334 3.4688 3.5997 3.731 3.8665 
 4.0024 4.1448 4.2879 4.4116 4.5604 4.704 4.8589 5.0017 5.1453 5.2946 
 5.4486 5.593 5.7419 5.9037 6.0578 6.2208 6.3839 6.5466 6.7149 6.8775 
 7.0376 7.2067 7.3703 7.551 7.7202 7.8876 8.0558 8.2194 8.3868 8.5448 
 8.7135 8.8684 9.0314 9.1799 9.3467 9.5099 9.6601 9.8085 9.9581 10.12 
 10.257 10.393 10.536 10.683 10.827 10.964 11.101 11.242 11.373 11.503 
 11.631 11.748 11.872 11.989 12.112 12.216 12.332 12.418 12.521 12.611 
 12.683 12.767 12.851 12.917 12.975 13.046 13.098 13.151 13.202 13.235 
 13.274 
1638.3 1643 1642.3 1639.9 1637 1633.8 1629.2 1624.4 1618.9 1611.8 
 1604.8 1597.2 1588.6 1579.5 1569.4 1559 1547.8 1535.9 1524 1510.8 
 1497.1 1483.1 1468.4 1453.3 1437.1 1420.9 1404 1386.6 1368.9 1350.6 
 1332.4 1313.1 1293.7 1274.1 1253.9 1233.4 1212.6 1191.2 1169.7 1148 
 1126.2 1103.8 1081.4 1058.9 1035.8 1012 988.79 965.15 941.41 917.66 
 893.74 869.5 845.25 820.78 796.58 772.18 747.21 722.17 697.28 672.52 
 647.7 622.59 597.98 572.8 548.2 523.36 498.68 473.87 449.3 424.98 
 401.08 377.18 353.57 329.85 306.44 283.37 260.67 238.12 215.96 194.38 
 172.87 152.05 131.64 111.74 92.562 73.785 55.512 38.046 21.752 7.3185 
 2.1796 2.1344 2.1478 2.1736 2.2388 2.2972 2.389 2.4923 2.5968 2.7071 
 2.8162 2.9344 3.0557 3.1664 3.2964 3.4065 3.5366 3.6605 3.7836 3.9199 
 4.0558 4.1877 4.3344 4.459 4.6012 4.7303 4.8615 5.0162 5.1578 5.3071 
 5.4575 5.6017 5.7553 5.9055 6.0659 6.2221 6.3843 6.5465 6.7019 6.866 
 7.0397 7.1966 7.3776 7.5415 7.7206 7.8764 8.0526 8.2226 8.3895 8.5573 
 8.7141 8.896 9.051 9.2202 9.3895 9.5389 9.6942 9.8491 10.004 10.155 
 10.312 10.467 10.608 10.744 10.887 11.031 11.174 11.316 11.44 11.575 
 11.704 11.828 11.944 12.054 12.166 12.281 12.392 12.477 12.568 12.67 
 12.742 12.839 12.911 12.962 13.027 13.073 13.125 13.164 13.216 13.241 
 13.274 
1638.3 1641 1639.3 1636.9 1634 1629.9 1625.4 1619.6 1613.6 1606.8 
 1599.5 1590.9 1581.8 1571.8 1561.9 1550.5 1538.8 1526.5 1513.3 1499.3 
 1485.8 1470.6 1455.5 1439.5 1423.3 1406.2 1388.8 1371.2 1352.8 1334.2 
 1314.9 1295.5 1275.6 1255 1234.6 1213.4 1192.2 1170.5 1148.9 1126.9 
 1104.6 1081.7 1059.1 1036.5 1012.9 989.27 965.86 942.45 918.43 894.31 
 870.4 846.16 821.63 797.65 772.68 748.07 723.47 698.92 673.89 649.42 
 624.8 599.75 575.22 550.47 525.94 501.24 476.69 452.11 427.69 403.58 
 379.47 355.59 331.95 308.62 285.72 262.92 240.68 218.58 197.8 177.02 
 156.03 135.71 115.96 96.722 77.909 59.846 42.363 25.825 11.146 2.6048 
 1.9981 1.9853 1.992 2.0498 2.1338 2.2115 2.303 2.4145 2.523 2.6219 
 2.7387 2.8484 2.9655 3.0887 3.1931 3.3286 3.4522 3.5742 3.6917 3.8214 
 3.9395 4.0821 4.2105 4.3478 4.483 4.6193 4.7548 4.9044 5.035 5.1782 
 5.3262 5.4621 5.6001 5.7622 5.9102 6.0733 6.2213 6.3785 6.5656 6.7145 
 6.8784 7.0389 7.2026 7.3778 7.5529 7.7133 7.8829 8.0456 8.2074 8.3697 
 8.5388 8.7006 8.8633 9.0311 9.1873 9.3494 9.4979 9.6588 9.8085 9.9521 
 10.109 10.311 10.537 10.762 10.986 11.186 11.367 11.503 11.639 11.749 
 11.846 11.951 12.035 12.125 12.223 12.34 12.411 12.495 12.574 12.637 
 12.71 12.787 12.858 12.904 12.962 13.014 13.06 13.112 13.157 13.202 
 13.274 
1638.3 1636.4 1634.6 1631.9 1628.5 1624.5 1619.4 1613.6 1607.4 1600.1 
 1592.3 1583.4 1574.3 1564 1553.1 1541.5 1529.7 1516.9 1503.2 1489.6 
 1474.5 1459.1 1443.8 1427.5 1410.6 1393.4 1375.5 1357.1 1338.8 1319.6 
 1300 1280.1 1259.9 1239.5 1218.6 1196.8 1175.4 1153.5 1131.4 1109.4 
 1086.6 1063.9 1041.1 1017.9 994.42 970.96 947.97 923.86 899.88 875.93 
 852.04 828.04 803.44 779.33 754.71 730.4 705.71 681.11 656.71 632.02 
 607.47 582.73 558.39 533.78 509.18 484.92 460.74 436.56 412.72 389.15 
 365.59 342.25 319.3 296.19 273.7 251.33 229.44 207.85 186.72 166 
 145.59 125.83 106.43 87.514 69.275 51.549 34.706 19.145 7.238 2.1619 
 1.8625 1.895 1.953 2.0242 2.1031 2.1937 2.2853 2.3941 2.4917 2.5956 
 2.6997 2.8094 2.9151 3.0434 3.1608 3.278 3.3947 3.5106 3.6268 3.7443 
 3.8751 3.9983 4.1394 4.2699 4.399 4.5292 4.6666 4.8075 4.9444 5.074 
 5.2228 5.3603 5.5083 5.6338 5.7934 5.9439 6.0867 6.2416 6.3918 6.5531 
 6.7158 6.872 7.0347 7.1952 7.3703 7.5395 7.7027 7.8705 8.0383 8.2083 
 8.3709 8.5279 8.7024 8.8632 9.0135 9.1807 9.3304 9.4849 9.654 9.8033 
 9.9534 10.102 10.259 10.407 10.543 10.686 10.835 10.977 11.114 11.245 
 11.382 11.522 11.627 11.764 11.9 12.017 12.139 12.263 12.36 12.463 
 12.568 12.658 12.761 12.833 12.91 12.975 13.04 13.112 13.176 13.222 
 13.274 
1638.3 1631.9 1629.9 1627.3 1623.5 1619.7 1614.3 1608.3 1601.6 1594.2 
 1585.8 1577 1567 1557.5 1545.6 1533.9 1521.7 1508.9 1495 1480.7 
 1466.2 1450.8 1434.7 1418.4 1401.2 1383.9 1365.9 1347.5 1328.4 1309.1 
 1289.7 1269.7 1249.4 1228.7 1207.3 1186 1164.7 1142.9 1120.7 1098.5 
 1076 1053.4 1030.3 1007.1 983.58 960.32 936.63 913.01 889.47 865.72 
 841.26 817.29 793.26 768.92 744.45 720 695.81 671.69 646.93 622.45 
 598.15 573.67 549 524.45 500.4 476.3 451.97 428.31 404.94 381.57 
 358.19 335.09 312.15 289.43 267.4 245.21 223.56 202.39 181.55 160.99 
 140.88 121.38 102.18 83.483 65.526 48.106 31.608 16.895 6.3998 2.7689 
 2.6861 2.7648 2.8617 2.973 3.0892 3.2115 3.3295 3.4714 3.6013 3.7389 
 3.8684 4.0045 4.1521 4.296 4.4396 4.5823 4.7239 4.868 5.0221 5.1717 
 5.3214 5.4694 5.6122 5.761 5.9245 6.0805 6.2222 6.3848 6.5397 6.6955 
 6.8468 7.0027 7.1639 7.3141 7.4686 7.6295 7.7796 7.9345 8.0902 8.2399 
 8.4022 8.5708 8.7206 8.8892 9.0462 9.2011 9.356 9.5057 9.6609 9.7977 
 9.9533 10.096 10.232 10.382 10.524 10.66 10.777 10.912 11.062 11.18 
 11.316 11.432 11.556 11.658 11.775 11.866 11.978 12.081 12.178 12.281 
 12.372 12.463 12.528 12.593 12.683 12.781 12.859 12.931 13.015 13.08 
 13.137 13.196 13.228 13.293 13.339 13.345 13.345 13.345 13.345 13.345 
 13.274 
1638.3 1634.9 1633.1 1630.5 1626.9 1622.6 1617.4 1611.7 1605 1598 
 1590 1581.1 1571.5 1561.5 1550.5 1539.2 1527.3 1514.7 1501 1486.5 
 1471.9 1456.6 1441.2 1424.8 1407.8 1390.4 1372.8 1354.5 1335.5 1316.3 
 1296.8 1277.1 1256.5 1236.4 1215.3 1193.7 1172 1150.4 1128.5 1106 
 1083.7 1060.9 1038.2 1015.4 991.9 968.32 944.43 920.69 897.21 873.05 
 848.94 824.82 800.62 776.24 751.92 727.53 702.84 678.43 654.03 629.28 
 604.68 580.35 555.88 530.91 506.66 482.26 458 433.83 409.99 386.16 
 362.46 339.28 316.22 293.29 270.98 248.75 227 206.17 185.35 164.68 
 144.29 124.6 105.22 86.343 68.012 50.374 33.668 18.345 6.995 2.8279 
 2.739 2.7893 2.8868 2.9895 3.1125 3.2358 3.3715 3.4963 3.6379 3.7678 
 3.912 4.0475 4.1834 4.3386 4.4807 4.6234 4.7738 4.9102 5.0666 5.2207 
 5.3708 5.5274 5.6698 5.8174 5.9726 6.1356 6.2782 6.4406 6.6024 6.753 
 6.913 7.0705 7.2126 7.3755 7.5308 7.6866 7.8367 8.0045 8.1534 8.31 
 8.4832 8.6349 8.7902 8.9584 9.1146 9.2678 9.4317 9.5819 9.7242 9.8719 
 10.027 10.166 10.314 10.451 10.587 10.722 10.853 10.977 11.092 11.215 
 11.339 11.455 11.56 11.657 11.754 11.858 11.944 12.054 12.144 12.215 
 12.294 12.384 12.43 12.501 12.572 12.656 12.715 12.793 12.858 12.903 
 12.955 12.994 13.027 13.072 13.118 13.144 13.176 13.196 13.196 13.196 
 13.274 
1638.3 1635.7 1633.5 1630.8 1627.9 1624 1619.4 1613.8 1607.7 1601.1 
 1593.3 1584.9 1575.8 1565.9 1555.4 1544.5 1532.5 1520.7 1507.5 1494.1 
 1479.7 1465.3 1450.1 1434.1 1418.3 1401.1 1383.9 1366 1347.8 1329.3 
 1310 1290.6 1271.2 1250.8 1230.3 1209 1187.9 1166.1 1144.6 1122.7 
 1100.3 1077.9 1055.1 1032 1008.8 985.66 962.05 938.36 915.15 891.11 
 866.87 842.75 818.5 794.16 769.92 745.45 720.84 696.51 671.68 646.87 
 622.6 598.06 573.52 548.62 524.24 499.83 475.28 451.17 427.09 403.73 
 379.79 355.86 332.17 308.84 286.15 263.35 241.08 219.18 197.6 176.43 
 155.7 135.57 115.62 96.348 77.558 59.356 41.984 25.406 11.05 3.284 
 2.9012 2.9788 3.064 3.1728 3.2764 3.4011 3.5298 3.6665 3.8042 3.9404 
 4.094 4.2368 4.3796 4.5292 4.6728 4.8224 4.9649 5.1193 5.2696 5.4324 
 5.5797 5.7244 5.8721 6.0297 6.1905 6.3394 6.508 6.6565 6.814 6.9744 
 7.1306 7.2931 7.4301 7.5974 7.7484 7.9084 8.0665 8.2333 8.3826 8.5521 
 8.708 8.8701 9.0254 9.1824 9.3378 9.4927 9.6536 9.8102 9.9589 10.09 
 10.251 10.388 10.53 10.667 10.804 10.939 11.063 11.185 11.309 11.438 
 11.555 11.671 11.782 11.879 11.97 12.075 12.165 12.275 12.359 12.438 
 12.522 12.593 12.658 12.71 12.788 12.859 12.931 12.989 13.047 13.092 
 13.138 13.163 13.203 13.228 13.261 13.267 13.267 13.267 13.267 13.267 
 13.274 
1638.3 1635.9 1634.2 1631.9 1629.1 1625.7 1621.8 1616.6 1610.6 1604.1 
 1597.1 1588.9 1580.3 1571 1560.8 1550.3 1539.3 1527.2 1515.1 1502 
 1489 1474.1 1459.2 1444.3 1428 1411.8 1395.2 1377.8 1359.9 1341.7 
 1323.2 1304.2 1284.9 1264.8 1244.5 1224.2 1203.6 1182.1 1160.9 1139.1 
 1117.2 1094.6 1072.3 1049.5 1026.5 1003.4 980.1 956.27 932.81 909.12 
 885.43 861.05 836.93 812.54 788.37 763.83 739.27 714.68 689.98 665.09 
 640.48 615.86 590.89 566.01 541.83 516.93 492.24 467.85 443.59 419.33 
 395.21 371.17 347.62 324.08 300.95 278.11 255.59 233 211.3 190.29 
 169.4 148.7 128.41 108.54 89.422 70.709 52.634 35.425 19.189 5.7967 
 3.1279 3.1142 3.1269 3.1977 3.3012 3.4105 3.541 3.6783 3.8142 3.9618 
 4.1062 4.2482 4.4034 4.5527 4.6959 4.8567 5.0009 5.151 5.3067 5.4543 
 5.6052 5.7532 5.8968 6.0517 6.2139 6.3684 6.5198 6.682 6.8373 6.9977 
 7.1488 7.3032 7.4598 7.6147 7.776 7.9335 8.0893 8.2433 8.3995 8.5552 
 8.7118 8.868 9.0371 9.1799 9.3421 9.4953 9.6455 9.7895 9.9439 10.086 
 10.223 10.353 10.502 10.639 10.788 10.905 11.022 11.144 11.261 11.391 
 11.508 11.625 11.736 11.838 11.93 12.041 12.125 12.229 12.313 12.404 
 12.481 12.553 12.604 12.676 12.729 12.824 12.884 12.942 13.001 13.052 
 13.092 13.111 13.131 13.176 13.215 13.228 13.248 13.261 13.261 13.261 
 13.274 
1638.3 1640.5 1639.5 1637.3 1635.3 1631.7 1627.7 1622.7 1617.4 1611.1 
 1604.2 1596.6 1588.4 1579.4 1569.7 1559.7 1549.1 1537.6 1525.7 1512.8 
 1498.9 1485.4 1471 1455.9 1440.7 1424.6 1408.2 1391.1 1373.7 1355.9 
 1337.6 1318.5 1299.4 1279.9 1260 1239.6 1219 1198 1176.9 1155.2 
 1133.2 1111.1 1088.8 1065.9 1043.3 1020.2 996.69 972.94 949.61 925.78 
 901.79 877.69 853.63 829.32 804.57 780.09 755.35 730.8 705.91 680.94 
 656.18 631.29 606.46 581.56 556.96 532.06 507.09 482.77 458.3 433.62 
 409.29 385.6 361.91 338.19 314.91 291.6 268.74 246.36 224.09 202.42 
 181.2 160.19 139.73 119.8 100.48 81.501 63.537 45.971 29.322 14.08 
 3.4762 3.3289 3.3281 3.3476 3.3936 3.4777 3.5745 3.7043 3.8414 3.9971 
 4.1468 4.2968 4.444 4.5941 4.7486 4.9043 5.0419 5.2033 5.3659 5.5281 
 5.6653 5.8266 5.969 6.1299 6.2874 6.4427 6.6045 6.7619 6.916 7.0657 
 7.2351 7.3776 7.5337 7.6899 7.8435 7.9937 8.1554 8.3051 8.4669 8.6214 
 8.7836 8.9329 9.0838 9.2387 9.3956 9.5364 9.6872 9.8284 9.9845 10.107 
 10.238 10.381 10.505 10.634 10.758 10.892 11.011 11.12 11.238 11.361 
 11.476 11.593 11.698 11.802 11.906 11.996 12.093 12.19 12.275 12.352 
 12.443 12.508 12.579 12.631 12.703 12.781 12.859 12.923 12.976 13.034 
 13.072 13.105 13.144 13.189 13.235 13.274 13.287 13.287 13.287 13.287 
 13.274 
1638.3 1643.8 1642.8 1641.1 1638.9 1635.3 1631.5 1626.9 1621.5 1615.3 
 1608.6 1601 1592.8 1584.1 1574.6 1564.4 1553.8 1542.3 1530.3 1517.4 
 1504.2 1490.4 1475.7 1460.7 1445.3 1429.3 1412.7 1395.7 1377.8 1360.1 
 1341.5 1322.5 1302.9 1283.6 1263.5 1242.9 1222.4 1201.2 1179.9 1158.3 
 1136.1 1114.1 1091.5 1068.5 1045.8 1022.6 999.37 975.67 952.14 928.09 
 904.11 879.73 855.76 831.43 806.48 782.22 757.46 732.42 707.6 682.49 
 657.6 632.56 607.59 582.27 557.73 532.76 507.85 483.03 458.49 434.09 
 409.35 385.29 361.46 337.63 314.23 290.98 268.46 245.74 223.4 202.15 
 180.91 160.03 139.37 119.46 99.983 80.835 62.656 44.936 28.19 12.572 
 3.4 3.0695 3.0622 3.0945 3.1783 3.2881 3.3982 3.5477 3.678 3.8143 
 3.9441 4.0985 4.2482 4.397 4.5395 4.6894 4.8319 4.9754 5.1307 5.2735 
 5.4343 5.5724 5.7268 5.8762 6.0327 6.1751 6.3376 6.4917 6.6423 6.7899 
 6.9528 7.115 7.279 7.4206 7.5878 7.7458 7.8863 8.055 8.2062 8.3542 
 8.5162 8.6725 8.8287 8.978 9.1406 9.2811 9.431 9.5689 9.7109 9.8609 
 10.001 10.127 10.267 10.404 10.529 10.665 10.789 10.904 11.027 11.15 
 11.261 11.386 11.496 11.599 11.696 11.788 11.878 11.975 12.072 12.144 
 12.228 12.3 12.364 12.423 12.502 12.572 12.643 12.703 12.761 12.819 
 12.877 12.91 12.949 13.001 13.053 13.098 13.124 13.157 13.17 13.189 
 13.274 
1638.3 1641.9 1641.5 1639.8 1637.6 1634.5 1630.8 1626.5 1621.3 1615.4 
 1608.4 1600.9 1592.9 1583.6 1574 1563.7 1552.5 1541 1528.5 1515.5 
 1502 1488 1473.1 1457.7 1442.2 1425.7 1408.6 1391.4 1373.6 1355.4 
 1336.4 1317.4 1297.7 1277.8 1257.9 1237.5 1216.1 1194.7 1173.6 1151.4 
 1129.1 1107 1084.6 1061.8 1038.6 1015.4 991.75 968.08 944.88 920.62 
 896.36 872.61 848.02 824.03 799.21 774.53 749.85 725.15 700.48 675.52 
 650.77 626 601.03 576.28 551.68 526.92 502.18 477.63 453.01 428.76 
 404.7 380.9 357.11 333.4 310.28 287.09 264.42 242.1 220.01 198.49 
 177.35 156.74 136.45 116.68 97.346 78.551 60.5 42.968 26.395 11.694 
 3.3134 2.8203 2.8739 2.9703 3.0612 3.1787 3.3024 3.4246 3.5619 3.6907 
 3.8276 3.9761 4.1128 4.2624 4.3983 4.5463 4.6907 4.8464 4.9876 5.1324 
 5.286 5.4244 5.5858 5.7206 5.8721 6.019 6.175 6.3312 6.4813 6.6384 
 6.7984 6.9408 7.1042 7.2458 7.4028 7.5697 7.7199 7.8821 8.043 8.2005 
 8.3567 8.5241 8.6868 8.8374 9.0043 9.1721 9.3167 9.4724 9.626 9.7817 
 9.9193 10.069 10.212 10.349 10.496 10.627 10.757 10.891 11.016 11.139 
 11.269 11.385 11.509 11.599 11.711 11.808 11.911 12.008 12.106 12.19 
 12.274 12.352 12.423 12.494 12.554 12.644 12.709 12.781 12.845 12.904 
 12.949 12.988 13.053 13.143 13.176 13.228 13.241 13.241 13.241 13.241 
 13.274 
1638.3 1637.8 1637.3 1635.9 1633.8 1630.2 1626.6 1622.2 1616.7 1610.7 
 1603.4 1596.5 1587.3 1578.4 1568.2 1557.8 1546.4 1534.6 1522.1 1508.9 
 1494.9 1480.7 1466.1 1450.6 1434.5 1417.4 1400.2 1382.5 1364.5 1346 
 1326.9 1307.3 1287.7 1267.5 1246.9 1226.2 1204.9 1183.4 1161.8 1139.7 
 1117.4 1094.8 1072.6 1049.4 1026.2 1002.9 979.37 955.79 931.96 908.2 
 884.16 860.12 836.01 811.61 787.21 763.03 738.29 713.74 689.13 664.45 
 639.63 614.81 590.25 565.36 540.97 516.27 491.74 467.35 443.07 418.9 
 395.01 371.52 347.98 324.66 301.84 279.23 256.82 234.92 213.37 192.73 
 172.1 151.79 131.89 112.45 93.387 74.953 56.961 39.918 23.881 10.374 
 3.2565 2.6659 2.6855 2.7693 2.8724 2.9951 3.1129 3.2362 3.3601 3.5013 
 3.633 3.7754 3.9117 4.0476 4.1899 4.3383 4.4827 4.6235 4.7682 4.9235 
 5.0644 5.2156 5.3636 5.5008 5.6555 5.8041 5.9553 6.1046 6.2719 6.4269 
 6.589 6.7397 6.8898 7.0511 7.2 7.363 7.5248 7.6737 7.8405 8.0055 
 8.1587 8.3216 8.4788 8.6465 8.8152 8.9719 9.1383 9.2951 9.4582 9.6204 
 9.7697 9.9194 10.08 10.236 10.373 10.516 10.657 10.789 10.923 11.066 
 11.196 11.32 11.444 11.566 11.676 11.775 11.885 11.995 12.098 12.189 
 12.274 12.372 12.43 12.508 12.585 12.67 12.747 12.826 12.878 12.954 
 13.014 13.046 13.091 13.124 13.163 13.183 13.202 13.215 13.215 13.215 
 13.274 
1638.3 1633.1 1632.4 1630.8 1628.6 1625.3 1621.8 1617 1611.5 1605.2 
 1598.1 1590.4 1581.9 1572.8 1562.5 1552.4 1540.9 1529.6 1516.3 1503.2 
 1489.4 1475.1 1460 1444.3 1428.6 1411.6 1394.5 1377.1 1358.6 1340.2 
 1321.1 1301.7 1281.7 1261.6 1241.4 1220.3 1199.3 1177.9 1156.1 1134.3 
 1111.9 1089.2 1066.7 1043.9 1020.8 997.02 974.04 950.36 926.75 902.87 
 878.8 855.12 830.94 806.62 782.36 758.19 733.72 709.26 684.64 659.8 
 635.28 610.72 586.05 561.58 537.11 512.8 488.31 464.06 440 416.12 
 392.35 368.74 345.57 322.43 299.56 277.21 254.83 233.08 211.74 191.3 
 170.87 150.68 130.71 111.25 92.482 73.981 56.236 39.225 23.322 9.899 
 2.5503 1.7836 1.7712 1.7711 1.8422 1.9198 1.9914 2.094 2.1793 2.2758 
 2.3803 2.4833 2.5871 2.6986 2.8016 2.9176 3.0225 3.1395 3.2685 3.379 
 3.5026 3.6245 3.7485 3.8792 3.9958 4.1308 4.2539 4.3904 4.5217 4.6701 
 4.7996 4.937 5.0782 5.2205 5.3709 5.5118 5.6496 5.7992 5.9481 6.1042 
 6.2599 6.4199 6.577 6.7388 6.901 7.0687 7.2203 7.3936 7.556 7.726 
 7.886 8.0505 8.2247 8.3806 8.5419 8.699 8.8543 9.0174 9.1731 9.3391 
 9.5023 9.6598 9.8155 9.982 10.134 10.282 10.438 10.594 10.743 10.898 
 11.04 11.191 11.333 11.481 11.624 11.78 11.917 12.047 12.188 12.312 
 12.441 12.553 12.676 12.786 12.878 12.969 13.059 13.118 13.189 13.247 
 13.274 
1638.3 1636.5 1635.9 1634.6 1632.7 1629.4 1625.9 1621.4 1616 1609.9 
 1603 1595.4 1587 1577.8 1567.7 1556.9 1545.8 1533.9 1521.8 1508.1 
 1494.3 1480.2 1465.3 1450.1 1433.6 1417.4 1399.8 1383 1364.5 1346.4 
 1327.3 1307.9 1288 1267.9 1247.6 1226.5 1205.8 1184.2 1162.6 1140.9 
 1118.8 1096.3 1073.5 1050.8 1027.4 1004.1 980.77 957.01 933.56 909.51 
 885.55 861.78 837.69 813.36 788.81 764.69 739.95 715.25 690.8 666.05 
 641.64 616.89 592.35 567.81 543.13 518.72 494.26 469.78 445.83 421.86 
 398.26 374.66 351.4 328.07 305.15 282.54 260.17 238 216.3 195.21 
 174.27 153.96 133.93 114.28 95.159 76.564 58.548 41.089 24.978 10.843 
 2.7156 1.7777 1.7848 1.8368 1.9078 1.9793 2.0642 2.1554 2.2516 2.3422 
 2.4401 2.5322 2.6543 2.7518 2.8744 2.9844 3.0886 3.206 3.3222 3.4452 
 3.5684 3.6805 3.8092 3.9315 4.0566 4.1861 4.3222 4.4442 4.5808 4.7167 
 4.855 5.003 5.1468 5.2825 5.431 5.5806 5.7291 5.8788 6.0409 6.1915 
 6.3464 6.5019 6.6783 6.8413 7.0205 7.1887 7.3594 7.5342 7.7158 7.8905 
 8.0583 8.2353 8.4022 8.577 8.754 8.9221 9.0776 9.2523 9.4201 9.5832 
 9.751 9.902 10.063 10.227 10.377 10.531 10.685 10.848 10.992 11.153 
 11.29 11.438 11.576 11.724 11.86 11.996 12.114 12.25 12.361 12.463 
 12.574 12.677 12.775 12.846 12.898 12.969 13.034 13.105 13.157 13.202 
 13.274 
1638.3 1636.1 1635 1633.6 1631.9 1629.1 1624.9 1620.7 1615.4 1609.2 
 1602.3 1594.6 1586.3 1577.4 1567.8 1557.5 1546.8 1535.3 1523.2 1510 
 1496.5 1482.4 1467.3 1452.8 1437.2 1420.3 1403.6 1386.3 1368.5 1350.3 
 1331.2 1312.5 1292.9 1272.9 1253 1232.4 1211.6 1190.3 1168.9 1147.1 
 1125 1102.6 1080 1057.4 1034.4 1011.1 987.59 964.05 940.46 916.62 
 892.99 868.61 844.44 820.32 795.85 771.67 747.06 722.36 697.76 673.07 
 648.53 623.72 599.39 574.64 550.02 525.62 501.01 476.39 452.21 428.02 
 403.77 379.74 356.33 332.65 309.41 286.54 263.93 241.64 219.64 198.85 
 178.06 157.42 137.09 117.36 98.072 79.217 60.957 43.262 26.504 11.357 
 2.593 1.8944 1.8751 1.8814 1.9137 1.9849 2.0752 2.1665 2.2561 2.3606 
 2.4644 2.5741 2.6856 2.7956 2.9111 3.023 3.1398 3.255 3.3785 3.5022 
 3.6255 3.7423 3.8853 4.009 4.1323 4.2678 4.4097 4.5346 4.6762 4.8122 
 4.9681 5.1311 5.3187 5.4755 5.6167 5.7212 5.8625 6.0202 6.1695 6.3363 
 6.505 6.6737 6.8434 7.0245 7.1938 7.3694 7.5432 7.7194 7.8877 8.0619 
 8.2375 8.4059 8.582 8.7507 8.9139 9.0744 9.2314 9.3855 9.5545 9.7035 
 9.8665 10.022 10.171 10.326 10.463 10.612 10.761 10.912 11.048 11.197 
 11.327 11.463 11.585 11.728 11.858 11.988 12.093 12.209 12.319 12.436 
 12.533 12.618 12.722 12.786 12.858 12.93 13.001 13.072 13.137 13.189 
 13.274 
1638.3 1636.3 1635.5 1633.8 1631.6 1628.3 1624.6 1620.1 1614.5 1608.7 
 1602.1 1594.6 1586.6 1577.6 1568.4 1558.2 1547.5 1536 1523.9 1511.5 
 1498.1 1484.5 1470.1 1455.7 1440.2 1424.2 1407.5 1390.6 1373.1 1354.9 
 1336.7 1317.8 1298.2 1278.9 1258.9 1238.7 1218 1196.9 1175.8 1154.5 
 1132.4 1110.3 1088.2 1065.2 1042.2 1019 995.97 972.35 949.1 925.12 
 901.3 877.11 853.3 829.04 804.66 780.74 755.93 731.23 706.48 681.88 
 657.18 632.5 607.9 582.87 558.4 533.77 508.87 484.71 460.43 435.98 
 411.81 388.29 364.76 340.94 317.77 294.69 271.85 249.38 227.15 205.5 
 184.05 163.07 142.62 122.57 103.02 83.909 65.417 47.482 30.499 14.568 
 2.9206 2.063 2.0566 2.0632 2.103 2.174 2.2448 2.3295 2.4272 2.5434 
 2.6537 2.7578 2.8675 2.9921 3.1076 3.2252 3.3542 3.4717 3.5947 3.7256 
 3.8607 3.9851 4.1144 4.2631 4.3875 4.5239 4.6659 4.8144 4.964 5.1064 
 5.2552 5.398 5.5627 5.7115 5.8583 6.0218 6.1777 6.3471 6.5022 6.6759 
 6.8332 7.0088 7.1775 7.3509 7.5265 7.6948 7.8588 8.0263 8.2078 8.371 
 8.5397 8.7001 8.8581 9.0199 9.1877 9.3438 9.5004 9.6544 9.7968 9.9607 
 10.114 10.257 10.406 10.557 10.687 10.835 10.985 11.12 11.257 11.381 
 11.516 11.646 11.763 11.886 12.003 12.12 12.237 12.333 12.438 12.529 
 12.619 12.716 12.807 12.879 12.956 13.021 13.092 13.151 13.209 13.261 
 13.274 
1638.3 1640.7 1639.7 1637 1634.7 1631.7 1627.5 1623 1617.2 1611.4 
 1604.4 1596.6 1588.6 1579.7 1569.9 1559.9 1548.6 1537.4 1525.2 1512.4 
 1499.1 1485.2 1470.8 1456 1440.5 1424.3 1408 1390.8 1373.4 1355.3 
 1337 1318.3 1298.8 1279.2 1259.2 1238.8 1218.5 1197.5 1176 1154.6 
 1132.9 1110.7 1088.3 1065.6 1042.8 1019.7 996.46 973.04 949.29 925.48 
 901.78 877.47 853.34 828.96 804.48 780.16 755.26 730.66 705.97 681.15 
 656.47 631.49 606.74 581.71 557.08 532.33 507.86 483.26 458.58 434.23 
 409.91 385.72 362.11 338.35 315.11 292 269.33 246.74 224.54 203.54 
 182.53 161.91 141.38 121.4 101.97 83.307 64.962 47.384 30.596 15.007 
 3.1519 2.5381 2.3693 2.2719 2.2642 2.2642 2.29 2.3744 2.4852 2.5877 
 2.7236 2.8283 2.9584 3.0817 3.2101 3.3334 3.4688 3.5997 3.731 3.8665 
 4.0024 4.1448 4.2879 4.4116 4.5604 4.704 4.8589 5.0017 5.1453 5.2946 
 5.4486 5.593 5.7419 5.9037 6.0578 6.2208 6.3839 6.5466 6.7149 6.8775 
 7.0376 7.2067 7.3703 7.551 7.7202 7.8876 8.0558 8.2194 8.3868 8.5448 
 8.7135 8.8684 9.0314 9.1799 9.3467 9.5099 9.6601 9.8085 9.9581 10.12 
 10.257 10.393 10.536 10.683 10.827 10.964 11.101 11.242 11.373 11.503 
 11.631 11.748 11.872 11.989 12.112 12.216 12.332 12.418 12.521 12.611 
 12.683 12.767 12.851 12.917 12.975 13.046 13.098 13.151 13.202 13.235 
 13.274 
