IESNA:LM-63-2002
[TEST] 1
[TESTLAB] 
[TESTDATE] 2025-02-21
[ISSUEDATE] 2025-02-21 13:47:52
[LAMPPOSITION] 0,0
[OTHER] EVERFINE GO-2000A_V1 SYSTEM
[MANUFAC] 
[LUMINAIRE] 30W-5000K
[LAMP] DB77E-4-50L-UD-P-A5W5C5
TILT=NONE
1 4060.9 1 181 17 1 2 0.060 1.200 0.000
1.000 1 29.2867
0.0    1.0    2.0    3.0    4.0    5.0    6.0    7.0    8.0    9.0    
 10.0   11.0   12.0   13.0   14.0   15.0   16.0   17.0   18.0   19.0   
 20.0   21.0   22.0   23.0   24.0   25.0   26.0   27.0   28.0   29.0   
 30.0   31.0   32.0   33.0   34.0   35.0   36.0   37.0   38.0   39.0   
 40.0   41.0   42.0   43.0   44.0   45.0   46.0   47.0   48.0   49.0   
 50.0   51.0   52.0   53.0   54.0   55.0   56.0   57.0   58.0   59.0   
 60.0   61.0   62.0   63.0   64.0   65.0   66.0   67.0   68.0   69.0   
 70.0   71.0   72.0   73.0   74.0   75.0   76.0   77.0   78.0   79.0   
 80.0   81.0   82.0   83.0   84.0   85.0   86.0   87.0   88.0   89.0   
 90.0   91.0   92.0   93.0   94.0   95.0   96.0   97.0   98.0   99.0   
 100.0  101.0  102.0  103.0  104.0  105.0  106.0  107.0  108.0  109.0  
 110.0  111.0  112.0  113.0  114.0  115.0  116.0  117.0  118.0  119.0  
 120.0  121.0  122.0  123.0  124.0  125.0  126.0  127.0  128.0  129.0  
 130.0  131.0  132.0  133.0  134.0  135.0  136.0  137.0  138.0  139.0  
 140.0  141.0  142.0  143.0  144.0  145.0  146.0  147.0  148.0  149.0  
 150.0  151.0  152.0  153.0  154.0  155.0  156.0  157.0  158.0  159.0  
 160.0  161.0  162.0  163.0  164.0  165.0  166.0  167.0  168.0  169.0  
 170.0  171.0  172.0  173.0  174.0  175.0  176.0  177.0  178.0  179.0  
 180.0  
0.0    22.5   45.0   67.5   90.0   112.5  135.0  157.5  180.0  202.5  
 225.0  247.5  270.0  292.5  315.0  337.5  360.0  
1514 1515 1513.9 1512.3 1509.8 1506.7 1502.8 1498.1 1493.1 1487.1 
 1480.7 1473.8 1466 1458.2 1449.9 1440.4 1430 1419.2 1408.4 1396.9 
 1384.4 1371.6 1358.3 1343.9 1330.1 1314.8 1299.7 1284.1 1267.8 1251.1 
 1234.6 1217.5 1200.1 1181.8 1163.5 1144.4 1125.7 1106.3 1086.8 1066.8 
 1046.6 1026.2 1005.5 984.39 963.25 941.91 920.68 899.3 877.24 855.2 
 833.34 811.49 789.08 766.68 744.04 721.3 698.46 675.59 653.03 630.14 
 607.21 584.13 561.1 538.25 515.54 492.76 469.9 447.15 424.31 401.82 
 379.38 357.24 335.15 312.98 291.43 270.03 249.2 228.33 207.92 188.87 
 168.97 149.66 130.89 112.52 94.385 76.867 60.058 43.697 28.234 13.745 
 2.864 2.3344 2.1886 2.1085 2.089 2.089 2.1149 2.1796 2.3013 2.3936 
 2.5104 2.6139 2.7175 2.841 2.97 3.0882 3.1967 3.328 3.4438 3.5681 
 3.7044 3.8327 3.9632 4.0855 4.2227 4.3519 4.4877 4.6183 4.7484 4.8976 
 5.0392 5.1839 5.3126 5.4755 5.5978 5.7537 5.8962 6.0514 6.208 6.3646 
 6.5203 6.6687 6.8223 6.9793 7.1355 7.2917 7.453 7.6027 7.7508 7.894 
 8.0428 8.1989 8.3425 8.4918 8.6398 8.777 8.9201 9.0617 9.1984 9.3411 
 9.4774 9.6076 9.7446 9.8665 9.9952 10.127 10.244 10.367 10.496 10.619 
 10.729 10.847 10.951 11.074 11.165 11.282 11.36 11.457 11.541 11.631 
 11.703 11.788 11.853 11.917 11.97 12.034 12.092 12.131 12.177 12.216 
 12.249 
1514 1516.8 1515.4 1513.3 1511.1 1507.3 1503.7 1499 1493.8 1487.5 
 1480.8 1474.2 1466.5 1457.9 1449.3 1439.2 1428.8 1417.6 1406.5 1394.3 
 1381.8 1368.9 1355.4 1341.2 1326.7 1311.9 1296.3 1280.7 1264 1247.2 
 1230.4 1212.6 1195 1176.8 1158.7 1139.1 1119.8 1100.2 1080.5 1060.6 
 1040.4 1019.9 998.99 978 956.94 935.49 914.18 892.37 870.33 848.55 
 826.45 804.06 781.69 759.2 736.63 713.78 690.73 667.99 644.97 621.95 
 599.15 576.03 553.15 530.07 507.18 484.45 461.2 438.43 416 393.7 
 371.41 349.16 327.08 305.19 283.56 262.38 241.15 220.3 199.96 179.86 
 159.84 140.69 121.57 103.14 85.395 67.852 51.131 35.003 19.809 6.5096 
 2.017 1.9723 1.9855 2.0056 2.0701 2.1292 2.2136 2.298 2.4073 2.4991 
 2.6027 2.7124 2.8221 2.9392 3.0431 3.1596 3.277 3.3939 3.5165 3.6268 
 3.7518 3.8747 3.9967 4.1278 4.2504 4.3681 4.5033 4.6398 4.7686 4.906 
 5.0489 5.1983 5.3267 5.4776 5.6057 5.7485 5.8994 6.0474 6.1971 6.352 
 6.5025 6.6574 6.8068 6.975 7.1311 7.2878 7.4491 7.6047 7.7481 7.9106 
 8.0596 8.2204 8.3696 8.512 8.6697 8.8124 8.948 9.0913 9.2459 9.3698 
 9.5189 9.6545 9.7908 9.9334 10.052 10.188 10.317 10.426 10.562 10.68 
 10.79 10.906 11.017 11.12 11.224 11.315 11.412 11.503 11.587 11.671 
 11.75 11.827 11.886 11.951 12.002 12.048 12.093 12.139 12.184 12.197 
 12.249 
1514 1514.2 1513.2 1510.7 1507.2 1503.9 1499.5 1494.2 1488.6 1482.1 
 1475 1467.1 1459 1450.1 1440.6 1430.5 1419.3 1407.9 1396.3 1383.8 
 1370.6 1356.5 1342.6 1327.8 1313 1297.3 1281.3 1264.7 1248.1 1230.8 
 1213.5 1195.8 1177.1 1158.5 1140 1120.6 1100.9 1080.8 1060.8 1040.4 
 1019.8 998.98 978.21 956.78 935.43 913.92 892.27 870.6 848.46 826.32 
 804.39 781.9 759.39 736.78 713.93 691.4 668.67 646.03 622.88 599.93 
 577.42 554.4 531.87 508.82 486.1 463.17 440.35 417.71 395.22 373 
 350.58 328.61 306.79 285.05 263.92 242.96 222.1 202.4 182.71 163.18 
 143.84 125.11 106.83 88.869 71.515 54.713 38.626 23.337 9.8767 2.3397 
 1.849 1.8425 1.849 1.9071 1.9653 2.0559 2.1403 2.2316 2.3287 2.4255 
 2.5372 2.6405 2.7381 2.8549 2.964 3.0673 3.1778 3.301 3.4195 3.536 
 3.6525 3.7744 3.899 4.0213 4.1379 4.2743 4.3916 4.5278 4.6508 4.7942 
 4.9233 5.053 5.1965 5.3324 5.4679 5.6053 5.7542 5.903 6.0531 6.2028 
 6.3581 6.4997 6.6627 6.8184 6.9797 7.1359 7.29 7.4409 7.5975 7.7468 
 7.8936 8.0569 8.2196 8.362 8.5036 8.6468 8.8024 8.9399 9.0808 9.2186 
 9.3623 9.5435 9.7618 9.9783 10.185 10.368 10.536 10.658 10.781 10.88 
 10.982 11.061 11.139 11.23 11.307 11.399 11.476 11.548 11.613 11.684 
 11.748 11.813 11.865 11.917 11.963 12.008 12.054 12.093 12.119 12.164 
 12.249 
1514 1510.2 1508.1 1505.4 1502.5 1499.1 1494.7 1489.3 1482.8 1476.4 
 1469.4 1461.2 1452.4 1443.8 1433.7 1422.7 1411.7 1399.9 1387.9 1374.9 
 1361.5 1347.6 1333.1 1318.1 1302.6 1286.8 1270.5 1253.7 1236.5 1219.2 
 1201.2 1183.1 1164.3 1145.1 1125.9 1106.1 1086.5 1066.3 1045.9 1025.3 
 1004.6 983.5 962.2 941.21 919.9 898.21 876.69 854.72 832.39 810.26 
 788.11 765.5 742.98 720.63 698.21 675.63 652.84 630.2 607.57 584.95 
 562.2 539.07 516.77 494.09 471.4 448.98 426.41 404.32 382.37 360.42 
 338.48 316.84 295.49 274.3 253.38 232.63 212.26 192.28 172.62 153.41 
 134.51 116.21 98.25 80.683 63.7 47.424 31.71 17.441 6.3293 1.9386 
 1.7196 1.7452 1.8043 1.8691 1.9469 2.0189 2.122 2.2059 2.2968 2.3877 
 2.4856 2.5898 2.7001 2.8106 2.913 3.0242 3.1281 3.244 3.3543 3.4603 
 3.5885 3.6982 3.8167 3.9398 4.0684 4.1859 4.3086 4.4323 4.5695 4.6922 
 4.822 4.9519 5.0931 5.2293 5.3527 5.5015 5.6263 5.7611 5.9122 6.048 
 6.2089 6.3525 6.5017 6.6566 6.808 6.9633 7.1174 7.28 7.4293 7.5861 
 7.7274 7.8903 8.0336 8.1889 8.3373 8.4878 8.6358 8.7853 8.9153 9.0652 
 9.2012 9.3254 9.4786 9.6094 9.7389 9.8744 10.005 10.136 10.263 10.394 
 10.518 10.647 10.758 10.875 10.998 11.102 11.218 11.308 11.406 11.503 
 11.587 11.685 11.762 11.841 11.918 11.976 12.029 12.087 12.145 12.184 
 12.249 
1514 1511.2 1509.7 1507.2 1504.3 1500.1 1495 1489.7 1483.6 1476.9 
 1468.8 1461 1452.3 1442.9 1432.7 1421.5 1410.6 1398.9 1386.6 1373 
 1359.3 1345.6 1331.3 1316.1 1300.2 1283.8 1267.3 1250.4 1233.1 1215.8 
 1197.4 1178.3 1160.2 1140.8 1121.9 1101.7 1082.2 1061.9 1041.5 1020.8 
 999.81 978.9 957.72 936.18 914.74 893.18 871.38 849.49 827.67 805.22 
 783.37 760.86 738.58 716.24 693.55 670.87 648.05 625.52 602.97 580.06 
 557.42 534.52 511.7 489.09 466.41 443.93 421.69 399.93 378.18 356.22 
 334.35 312.9 291.49 270.37 249.58 229.03 208.92 189.07 169.46 150.39 
 131.61 113.49 95.629 78.335 61.452 45.17 29.852 16.01 5.9971 2.5492 
 2.466 2.5568 2.6421 2.7396 2.8436 2.9601 3.0767 3.2054 3.3226 3.4523 
 3.57 3.7062 3.8357 3.9712 4.1085 4.2373 4.3747 4.5114 4.6526 4.7885 
 4.9255 5.0623 5.2058 5.3465 5.4768 5.6187 5.7554 5.8987 6.0604 6.1966 
 6.3343 6.4897 6.6193 6.7622 6.9177 7.059 7.2086 7.351 7.5013 7.637 
 7.7933 7.9286 8.0842 8.2278 8.3702 8.5125 8.6549 8.7923 8.9278 9.0712 
 9.2004 9.3446 9.4793 9.603 9.7335 9.8628 9.9851 10.115 10.245 10.356 
 10.472 10.59 10.705 10.803 10.901 10.997 11.088 11.186 11.269 11.367 
 11.458 11.536 11.607 11.672 11.75 11.84 11.918 11.99 12.074 12.145 
 12.203 12.256 12.294 12.352 12.352 12.352 12.352 12.352 12.352 12.352 
 12.249 
1514 1513 1511.6 1508.8 1505.8 1501.7 1497.5 1491.7 1485.6 1479.2 
 1471.3 1463 1454.8 1445.1 1435.5 1424.9 1413.5 1401.5 1389.2 1376.6 
 1363.1 1348.6 1334.6 1320 1304.2 1288.4 1271.8 1254.9 1237.6 1220 
 1202.2 1183.7 1165 1146.2 1126.7 1107 1087.5 1066.8 1046.7 1026 
 1005.2 984.08 962.75 941.9 919.97 898.66 876.45 854.79 832.89 810.27 
 787.77 765.67 743.68 720.97 698.35 675.84 653.03 630.29 607.24 584.29 
 561.7 538.81 515.95 493.18 470.75 447.82 425.05 403.05 380.72 358.62 
 336.48 315.03 293.4 272.24 251.54 230.73 210.51 191.26 171.84 152.5 
 133.6 115.23 97.146 79.729 62.665 46.198 30.673 16.424 6.0782 2.601 
 2.5243 2.562 2.6597 2.7562 2.8732 2.9765 3.106 3.2229 3.354 3.4773 
 3.6071 3.743 3.8728 4.0079 4.132 4.2739 4.417 4.5462 4.6888 4.8327 
 4.9694 5.1102 5.2477 5.3961 5.5325 5.6627 5.8191 5.9599 6.1167 6.2648 
 6.3945 6.5378 6.6947 6.8246 6.9601 7.1148 7.2525 7.4004 7.5429 7.6993 
 7.841 7.9965 8.1414 8.2834 8.4262 8.5618 8.7052 8.848 8.9839 9.1274 
 9.2622 9.3989 9.5348 9.6664 9.7959 9.9053 10.029 10.151 10.275 10.38 
 10.496 10.594 10.684 10.775 10.872 10.958 11.041 11.133 11.203 11.288 
 11.359 11.418 11.483 11.541 11.599 11.671 11.754 11.82 11.866 11.923 
 11.957 11.995 12.028 12.067 12.106 12.145 12.164 12.19 12.197 12.197 
 12.249 
1514 1512.6 1511.4 1509.5 1506.3 1503.2 1498.7 1493.9 1487.8 1481.7 
 1474.9 1466.9 1458.2 1449.8 1440.7 1430.6 1419.8 1408.3 1396.7 1384.3 
 1371.3 1357.7 1344.4 1329.2 1314 1298.5 1282.8 1266.7 1249.9 1232.8 
 1214.5 1196.6 1178.5 1160.3 1141.4 1121.8 1102.2 1082.5 1062.6 1042.1 
 1021.7 1001 979.96 958.54 937.29 915.28 893.69 872.21 850.42 828.09 
 805.81 783.39 761.14 738.64 715.79 692.92 670.13 647.75 625.02 601.65 
 579.04 556.2 533.3 510.32 487.64 464.96 442.21 419.87 397.65 375.43 
 353.04 331.15 309.14 287.51 266.29 245.19 224.34 203.87 183.8 164.08 
 144.75 126.02 107.42 89.627 72.063 55.032 38.755 23.47 9.9953 2.9755 
 2.6795 2.738 2.8295 2.9136 3.0179 3.1404 3.2566 3.3882 3.5176 3.6524 
 3.7836 3.9131 4.049 4.1849 4.3208 4.4583 4.601 4.7446 4.8869 5.0278 
 5.172 5.3023 5.4451 5.5927 5.729 5.8774 6.0137 6.1713 6.3013 6.4489 
 6.6057 6.7421 6.8837 7.0329 7.1688 7.3188 7.4624 7.6114 7.7671 7.9219 
 8.0656 8.2212 8.3584 8.507 8.6423 8.7918 8.927 9.0644 9.1995 9.3354 
 9.4782 9.608 9.7391 9.8625 9.9976 10.109 10.233 10.355 10.485 10.595 
 10.692 10.79 10.894 10.991 11.088 11.172 11.25 11.328 11.424 11.497 
 11.581 11.639 11.691 11.743 11.82 11.886 11.95 12.015 12.061 12.1 
 12.138 12.171 12.197 12.229 12.255 12.268 12.268 12.268 12.268 12.268 
 12.249 
1514 1512.1 1511.1 1509.2 1506.8 1503.8 1499.9 1494.9 1489.8 1483.8 
 1477 1469.9 1462 1454 1444.9 1435 1424.9 1414.1 1403.2 1391.1 
 1378.3 1365.8 1351.7 1338.2 1323.1 1308.1 1292.7 1276.7 1260.1 1243.6 
 1226.2 1208.9 1191.6 1173.1 1154.7 1135.2 1115.7 1096.1 1076.7 1056.6 
 1036.4 1015.8 994.97 974.32 952.6 931.27 909.64 887.94 866.39 844.16 
 822.2 799.63 777.34 754.54 732.16 709.46 686.78 663.88 641.03 618.2 
 595.16 571.91 549.39 526.31 503.38 480.49 457.7 435.25 412.34 389.8 
 367.25 345.3 323.1 301.21 280.1 258.48 237.66 216.71 197.01 177.32 
 157.51 138.35 119.33 100.99 82.95 65.454 48.823 32.73 17.622 5.1547 
 2.8975 2.8676 2.8739 2.9384 3.0358 3.1457 3.256 3.3792 3.5143 3.6509 
 3.7812 3.9166 4.0529 4.1948 4.3379 4.474 4.6189 4.7484 4.9045 5.0329 
 5.1698 5.3121 5.4613 5.5977 5.7408 5.8892 6.032 6.176 6.318 6.455 
 6.6026 6.7405 6.895 7.0318 7.1802 7.3226 7.4661 7.6205 7.7582 7.9057 
 8.0486 8.1981 8.3406 8.4785 8.6148 8.7563 8.887 9.0285 9.1527 9.2896 
 9.4252 9.5554 9.6855 9.8203 9.9377 10.061 10.178 10.294 10.424 10.528 
 10.639 10.743 10.846 10.924 11.028 11.107 11.191 11.282 11.366 11.444 
 11.515 11.58 11.645 11.684 11.755 11.832 11.885 11.944 11.995 12.041 
 12.086 12.099 12.131 12.17 12.203 12.223 12.236 12.242 12.242 12.242 
 12.249 
1514 1515.2 1514.6 1512.9 1510.9 1507.7 1504.3 1499.8 1495 1489.3 
 1483 1475.8 1468.8 1460.8 1452.5 1443.5 1433.5 1423.1 1411.9 1400.5 
 1388.2 1375.6 1362.6 1348.8 1334.6 1319.8 1304.5 1288.5 1272.6 1256 
 1239.8 1222.4 1204.6 1186.2 1168 1149.3 1130.2 1111.1 1091.7 1071.9 
 1051.6 1031.4 1010.7 989.55 968.47 947.13 925.88 904.05 882.38 860.27 
 837.99 815.86 793.53 770.98 747.93 725.16 702.46 679.63 656.64 633.5 
 610.39 587.24 564.41 541.07 518.4 495.04 472.11 449.54 426.7 404.27 
 381.88 359.5 337.12 315.19 293.58 271.65 250.61 229.67 208.94 188.81 
 168.82 149.6 130.47 111.94 93.912 76.144 59.355 43.015 27.559 13.254 
 3.186 3.0689 3.0751 3.0758 3.1208 3.1985 3.2962 3.4127 3.5425 3.6719 
 3.8147 3.9578 4.1017 4.2433 4.3796 4.5232 4.6648 4.8136 4.9499 5.0991 
 5.2374 5.3866 5.5292 5.6572 5.8076 5.9492 6.0989 6.242 6.384 6.5218 
 6.6638 6.8066 6.9558 7.0921 7.2344 7.3719 7.5139 7.662 7.8108 7.9479 
 8.0983 8.2403 8.3834 8.5182 8.6502 8.7857 8.9216 9.052 9.1807 9.3041 
 9.44 9.5704 9.6875 9.804 9.9263 10.038 10.16 10.277 10.394 10.503 
 10.588 10.705 10.796 10.899 10.99 11.076 11.166 11.244 11.328 11.405 
 11.476 11.548 11.607 11.665 11.723 11.794 11.873 11.924 11.996 12.028 
 12.067 12.099 12.132 12.184 12.223 12.249 12.268 12.268 12.268 12.268 
 12.249 
1514 1518 1516.9 1515.4 1512.8 1510.1 1506.7 1502.6 1498.4 1492.6 
 1486.6 1479.5 1471.9 1464.5 1455.7 1446.5 1436.6 1426.7 1415.6 1404.5 
 1392.1 1378.9 1365.9 1352.4 1338.2 1323.5 1307.7 1292 1275.6 1259.3 
 1242.2 1225.1 1207.6 1189.6 1170.7 1152.1 1132.8 1113.4 1094 1074.1 
 1053.7 1033.6 1012.6 991.6 970.65 949.52 927.7 906.16 884.18 862.38 
 839.97 817.33 795.05 772.38 749.35 726.77 703.87 680.76 657.93 634.98 
 611.5 588.41 565.07 541.94 518.89 495.78 472.54 449.85 426.74 403.85 
 381.2 358.84 336.44 314.37 292.67 271.24 250.09 229.04 208.11 188.71 
 168.92 149.45 130.04 111.5 93.411 75.722 58.651 42.213 26.494 11.995 
 3.0591 2.8177 2.8156 2.8475 2.9126 3.016 3.1204 3.2487 3.3731 3.5015 
 3.633 3.7806 3.9103 4.0415 4.1759 4.3136 4.4492 4.5866 4.7217 4.8584 
 5.0131 5.1381 5.2801 5.4213 5.5527 5.6822 5.8377 5.9749 6.1161 6.2531 
 6.4027 6.5508 6.6868 6.8379 6.9716 7.1166 7.2585 7.4086 7.5562 7.6937 
 7.8409 7.9845 8.1216 8.2636 8.3996 8.5301 8.6649 8.8151 8.9329 9.0672 
 9.1974 9.3283 9.4574 9.5756 9.6972 9.8219 9.9313 10.061 10.172 10.288 
 10.392 10.477 10.574 10.671 10.768 10.86 10.937 11.016 11.099 11.184 
 11.255 11.314 11.391 11.437 11.509 11.58 11.644 11.703 11.755 11.807 
 11.853 11.879 11.93 11.982 12.015 12.067 12.099 12.119 12.132 12.138 
 12.249 
1514 1515.2 1514.7 1513.6 1511.8 1509.1 1505.8 1501.7 1496.8 1492 
 1485.5 1478.8 1471.2 1462.9 1454.2 1444.8 1435.1 1424.4 1413.6 1401.3 
 1388.9 1376.2 1362.5 1348.7 1333.8 1319.1 1303.9 1288.2 1271.8 1255.1 
 1237.6 1220.3 1202.3 1184 1165.5 1146.6 1127.3 1107.5 1088.1 1067.9 
 1047.6 1027.2 1006.1 984.91 963.63 942.39 920.22 898.47 876.79 854.69 
 832.49 810.28 787.81 765.3 742.57 719.97 697.08 674.12 651.26 627.94 
 605.14 581.99 559.33 536.07 513.24 490.48 467.37 444.74 422.02 399.82 
 377.62 355.14 332.92 310.94 289.53 267.91 246.78 226.06 205.44 185.33 
 165.61 146.54 127.61 109.37 91.411 73.926 57.081 40.681 25.135 11.365 
 3.1708 2.5826 2.6405 2.7191 2.8101 2.9199 3.0296 3.1477 3.2707 3.4005 
 3.5299 3.6529 3.7834 3.9186 4.0422 4.1793 4.3201 4.4503 4.5946 4.729 
 4.8721 5.0084 5.1522 5.2818 5.4313 5.5657 5.6974 5.8398 5.9825 6.1188 
 6.2608 6.4028 6.5411 6.6891 6.8307 6.9746 7.1101 7.2658 7.4147 7.5599 
 7.7086 7.8438 7.9926 8.1439 8.2927 8.4339 8.5698 8.7202 8.8553 8.9916 
 9.1343 9.2767 9.4015 9.5374 9.6596 9.7836 9.9005 10.042 10.161 10.276 
 10.374 10.483 10.589 10.685 10.789 10.88 10.964 11.049 11.146 11.218 
 11.308 11.373 11.437 11.496 11.562 11.633 11.697 11.775 11.82 11.879 
 11.924 11.957 12.022 12.099 12.138 12.171 12.203 12.21 12.21 12.21 
 12.249 
1514 1511.1 1510.7 1509.8 1507.8 1505.1 1501.8 1497.4 1492.6 1487.5 
 1480.8 1474 1466.5 1458.2 1449.1 1439.3 1429.1 1418.1 1406.5 1394.4 
 1382 1368.5 1354.8 1340.6 1326 1310.6 1295.2 1278.5 1262 1244.8 
 1227.2 1209.8 1191.8 1172.9 1154.2 1135.3 1115.6 1095.6 1075.6 1055.7 
 1035.1 1014.3 993.47 972.2 950.9 929.57 907.69 886.04 864.21 841.95 
 820.07 797.72 775.45 752.91 730.42 707.81 685.13 662.57 639.73 616.92 
 594.02 571.41 548.44 525.18 502.79 479.95 457.01 434.4 411.82 389.54 
 367.32 345.46 323.72 302.21 281.12 259.94 239.03 218.66 199.32 179.98 
 160.6 141.69 123.07 105.08 87.436 70.265 53.58 37.679 22.684 9.9907 
 3.1295 2.4522 2.4523 2.5353 2.6333 2.7426 2.8544 2.9647 3.086 3.211 
 3.34 3.463 3.5938 3.7218 3.8519 3.9938 4.1252 4.2539 4.3973 4.54 
 4.671 4.8058 4.9432 5.092 5.2222 5.3649 5.5062 5.6429 5.7788 5.9275 
 6.0636 6.2074 6.3513 6.4876 6.6408 6.7841 6.9393 7.0773 7.2205 7.3818 
 7.5231 7.667 7.8218 7.9644 8.1143 8.2708 8.4125 8.5609 8.7113 8.842 
 8.9972 9.1393 9.2764 9.4179 9.5679 9.7032 9.8284 9.9646 10.086 10.218 
 10.328 10.432 10.542 10.658 10.763 10.859 10.95 11.061 11.139 11.229 
 11.313 11.385 11.444 11.515 11.586 11.658 11.735 11.807 11.865 11.917 
 11.975 12.014 12.054 12.086 12.112 12.125 12.151 12.164 12.171 12.171 
 12.249 
1514 1512.7 1512 1511 1508.8 1505.2 1502.2 1497.2 1492.1 1486.8 
 1480.4 1473.4 1465.9 1457.6 1448.6 1438.4 1428.1 1417.4 1405.3 1393.1 
 1380.4 1367.2 1353.6 1339.1 1324.1 1308.9 1293.3 1277.2 1260.5 1243.5 
 1225.7 1208.1 1189.5 1170.9 1151.9 1132.3 1112.8 1092.8 1072.5 1052.1 
 1031.6 1010.7 989.72 968.61 947.28 925.8 904.31 882.51 860.66 838.45 
 816.45 794.18 771.89 749.64 727.1 704.31 681.54 658.95 636.18 613.21 
 590.46 567.41 544.68 521.9 499.31 476.53 453.85 431.32 408.92 386.86 
 364.62 343.04 321.2 299.71 278.64 257.51 237.05 216.63 197.42 178.23 
 158.81 139.99 121.56 103.49 85.86 68.72 52.164 36.321 21.519 9.1514 
 2.4181 1.653 1.6351 1.6412 1.6993 1.7771 1.842 1.9256 2.0173 2.1079 
 2.2169 2.2889 2.392 2.4894 2.5934 2.7048 2.8067 2.9047 3.016 3.1266 
 3.2434 3.3459 3.4749 3.5919 3.7039 3.8261 3.9568 4.0666 4.1885 4.3199 
 4.4352 4.5786 4.7078 4.8383 4.9688 5.1103 5.2467 5.3833 5.5128 5.6546 
 5.7978 5.9405 6.0905 6.2212 6.388 6.5375 6.6995 6.8498 7.0101 7.1472 
 7.3086 7.4649 7.6082 7.7771 7.9126 8.0688 8.2117 8.3605 8.5041 8.6594 
 8.8026 8.9325 9.0872 9.2438 9.3795 9.5222 9.6585 9.7944 9.931 10.086 
 10.21 10.359 10.489 10.631 10.756 10.879 11.02 11.137 11.262 11.372 
 11.501 11.612 11.716 11.812 11.897 11.982 12.053 12.125 12.196 12.248 
 12.249 
1514 1514 1514.1 1512.4 1510.7 1508 1504.4 1500.1 1495.5 1490 
 1483.7 1476.3 1468.9 1460.5 1451.3 1441.2 1431.5 1420.6 1409.5 1397.4 
 1384.7 1371.8 1357.7 1343.2 1328 1312.7 1296.8 1281.2 1264.2 1247.6 
 1230.1 1212.6 1194.6 1176.2 1157 1137.9 1118.4 1098.8 1079 1058.8 
 1038.1 1016.9 996.25 975.38 954.05 932.74 911.33 889.23 867.51 845.55 
 823.56 800.9 778.86 756.4 733.7 711.13 688.45 665.71 642.89 620.14 
 597.09 574.41 551.45 528.54 505.64 482.93 460.32 437.64 415.57 393.7 
 371.82 349.59 327.89 306.21 284.9 263.85 242.93 222.46 202.42 182.73 
 163.14 144.3 125.62 107.33 89.651 72.245 55.52 39.187 24.115 10.779 
 2.7218 1.6352 1.6608 1.7008 1.7712 1.83 1.9024 1.986 2.0697 2.1552 
 2.2582 2.3496 2.4473 2.5562 2.6538 2.7587 2.8559 2.9655 3.0634 3.1869 
 3.3024 3.4134 3.5244 3.6409 3.7645 3.8809 3.9978 4.121 4.2369 4.367 
 4.49 4.6209 4.7557 4.8939 5.0291 5.1707 5.3021 5.4516 5.5883 5.73 
 5.8792 6.0277 6.1895 6.3279 6.4834 6.6516 6.8134 6.9756 7.1374 7.3 
 7.4614 7.6236 7.7871 7.9416 8.1034 8.2603 8.4088 8.5706 8.7259 8.8755 
 9.0076 9.1695 9.3112 9.4612 9.6096 9.7516 9.8961 10.031 10.175 10.317 
 10.452 10.583 10.719 10.841 10.972 11.088 11.199 11.309 11.42 11.523 
 11.62 11.704 11.801 11.866 11.918 11.989 12.048 12.099 12.151 12.21 
 12.249 
1514 1513.3 1512.9 1511 1508.8 1506.4 1503.2 1498.9 1494.1 1487.9 
 1481.9 1474.9 1467.6 1459.2 1450.7 1440.6 1431.3 1420.2 1408.6 1397.2 
 1384.6 1371.4 1358.3 1343.5 1329.2 1313.6 1298.1 1282.2 1265.9 1249.3 
 1232 1214.5 1196.5 1178 1159.4 1140.9 1121.5 1101.9 1082.3 1062 
 1042.2 1021.1 1000.3 979.41 958.13 936.86 915.17 893.24 871.83 849.74 
 827.88 805.51 783.02 761.08 738.37 715.72 692.93 670.07 647.28 624.34 
 601.74 579.15 556.38 533.59 510.6 487.98 465.13 442.64 419.88 397.54 
 375.12 353.01 330.93 309.21 287.78 266.32 245.62 224.83 205.19 185.56 
 165.85 146.63 127.78 109.37 91.389 73.988 57.021 40.616 25.065 10.994 
 2.4724 1.7542 1.7322 1.7387 1.7644 1.8296 1.9137 1.9979 2.0957 2.1796 
 2.2828 2.3745 2.478 2.5756 2.6854 2.7833 2.8998 3.0092 3.1272 3.2311 
 3.3463 3.4698 3.5741 3.703 3.8197 3.9435 4.0736 4.1843 4.3335 4.4558 
 4.5931 4.754 4.9176 5.066 5.2016 5.2872 5.4234 5.5661 5.7137 5.8646 
 6.0138 6.1812 6.3298 6.4863 6.6558 6.8103 6.9729 7.1342 7.2905 7.4591 
 7.6085 7.7715 7.9346 8.0947 8.2449 8.3933 8.5511 8.6999 8.8608 8.9919 
 9.14 9.2824 9.413 9.5614 9.6927 9.8222 9.9584 10.088 10.217 10.34 
 10.476 10.592 10.717 10.841 10.957 11.062 11.171 11.281 11.38 11.488 
 11.566 11.665 11.755 11.807 11.885 11.95 12.009 12.073 12.125 12.19 
 12.249 
1514 1512.9 1512.1 1510.7 1508.1 1505.5 1501.9 1497.8 1492.5 1487.2 
 1480.6 1474 1466.7 1458.8 1450.1 1440.6 1430.3 1420.2 1408.6 1397 
 1384.7 1372.1 1359.1 1345.1 1330.7 1315.9 1301.3 1285.3 1269 1252.2 
 1235.6 1217.9 1200.6 1182.4 1164.4 1145.3 1126.4 1106.9 1087 1067.3 
 1047.4 1026.9 1006.3 985.58 964.38 943.09 922.01 900.37 878.56 856.69 
 834.63 812.5 790.41 767.94 745.33 723.04 700.15 677.42 654.7 631.88 
 609.28 586.24 563.54 540.78 517.72 495.27 472.29 449.39 426.88 404.82 
 382.7 360.58 338.67 316.57 294.94 273.6 252.49 231.75 211.15 190.89 
 170.9 151.83 132.7 114.07 96.061 78.271 61.155 44.545 28.666 13.851 
 2.7937 1.8945 1.9009 1.914 1.9531 2.0048 2.0773 2.161 2.2519 2.349 
 2.4534 2.5564 2.6554 2.7705 2.8753 2.9844 3.1018 3.218 3.3362 3.4581 
 3.5695 3.6921 3.8154 3.9383 4.0631 4.1915 4.3288 4.459 4.5945 4.7305 
 4.8739 5.004 5.158 5.2898 5.437 5.5867 5.7291 5.8791 6.022 6.1838 
 6.3467 6.4948 6.651 6.8123 6.9681 7.1379 7.2796 7.4374 7.591 7.7476 
 7.8956 8.0591 8.2088 8.3628 8.5012 8.6548 8.7984 8.9411 9.0782 9.219 
 9.357 9.4866 9.6282 9.7586 9.8888 10.017 10.143 10.277 10.4 10.529 
 10.641 10.77 10.887 10.985 11.095 11.205 11.302 11.394 11.49 11.574 
 11.665 11.756 11.82 11.905 11.963 12.022 12.1 12.139 12.203 12.262 
 12.249 
1514 1515 1513.9 1512.3 1509.8 1506.7 1502.8 1498.1 1493.1 1487.1 
 1480.7 1473.8 1466 1458.2 1449.9 1440.4 1430 1419.2 1408.4 1396.9 
 1384.4 1371.6 1358.3 1343.9 1330.1 1314.8 1299.7 1284.1 1267.8 1251.1 
 1234.6 1217.5 1200.1 1181.8 1163.5 1144.4 1125.7 1106.3 1086.8 1066.8 
 1046.6 1026.2 1005.5 984.39 963.25 941.91 920.68 899.3 877.24 855.2 
 833.34 811.49 789.08 766.68 744.04 721.3 698.46 675.59 653.03 630.14 
 607.21 584.13 561.1 538.25 515.54 492.76 469.9 447.15 424.31 401.82 
 379.38 357.24 335.15 312.98 291.43 270.03 249.2 228.33 207.92 188.87 
 168.97 149.66 130.89 112.52 94.385 76.867 60.058 43.697 28.234 13.745 
 2.864 2.3344 2.1886 2.1085 2.089 2.089 2.1149 2.1796 2.3013 2.3936 
 2.5104 2.6139 2.7175 2.841 2.97 3.0882 3.1967 3.328 3.4438 3.5681 
 3.7044 3.8327 3.9632 4.0855 4.2227 4.3519 4.4877 4.6183 4.7484 4.8976 
 5.0392 5.1839 5.3126 5.4755 5.5978 5.7537 5.8962 6.0514 6.208 6.3646 
 6.5203 6.6687 6.8223 6.9793 7.1355 7.2917 7.453 7.6027 7.7508 7.894 
 8.0428 8.1989 8.3425 8.4918 8.6398 8.777 8.9201 9.0617 9.1984 9.3411 
 9.4774 9.6076 9.7446 9.8665 9.9952 10.127 10.244 10.367 10.496 10.619 
 10.729 10.847 10.951 11.074 11.165 11.282 11.36 11.457 11.541 11.631 
 11.703 11.788 11.853 11.917 11.97 12.034 12.092 12.131 12.177 12.216 
 12.249 
