IESNA:LM-63-2002
[TEST] 1
[TESTLAB] 
[TESTDATE] 2025-02-21
[ISSUEDATE] 2025-02-21 14:06:49
[LAMPPOSITION] 0,0
[OTHER] EVERFINE GO-2000A_V1 SYSTEM
[MANUFAC] 
[LUMINAIRE] 30W-4000K
[LAMP] DB77E-4-50L-UD-P-A5W5C5
TILT=NONE
1 4031.4 1 181 17 1 2 0.060 1.200 0.000
1.000 1 28.7083
0.0    1.0    2.0    3.0    4.0    5.0    6.0    7.0    8.0    9.0    
 10.0   11.0   12.0   13.0   14.0   15.0   16.0   17.0   18.0   19.0   
 20.0   21.0   22.0   23.0   24.0   25.0   26.0   27.0   28.0   29.0   
 30.0   31.0   32.0   33.0   34.0   35.0   36.0   37.0   38.0   39.0   
 40.0   41.0   42.0   43.0   44.0   45.0   46.0   47.0   48.0   49.0   
 50.0   51.0   52.0   53.0   54.0   55.0   56.0   57.0   58.0   59.0   
 60.0   61.0   62.0   63.0   64.0   65.0   66.0   67.0   68.0   69.0   
 70.0   71.0   72.0   73.0   74.0   75.0   76.0   77.0   78.0   79.0   
 80.0   81.0   82.0   83.0   84.0   85.0   86.0   87.0   88.0   89.0   
 90.0   91.0   92.0   93.0   94.0   95.0   96.0   97.0   98.0   99.0   
 100.0  101.0  102.0  103.0  104.0  105.0  106.0  107.0  108.0  109.0  
 110.0  111.0  112.0  113.0  114.0  115.0  116.0  117.0  118.0  119.0  
 120.0  121.0  122.0  123.0  124.0  125.0  126.0  127.0  128.0  129.0  
 130.0  131.0  132.0  133.0  134.0  135.0  136.0  137.0  138.0  139.0  
 140.0  141.0  142.0  143.0  144.0  145.0  146.0  147.0  148.0  149.0  
 150.0  151.0  152.0  153.0  154.0  155.0  156.0  157.0  158.0  159.0  
 160.0  161.0  162.0  163.0  164.0  165.0  166.0  167.0  168.0  169.0  
 170.0  171.0  172.0  173.0  174.0  175.0  176.0  177.0  178.0  179.0  
 180.0  
0.0    22.5   45.0   67.5   90.0   112.5  135.0  157.5  180.0  202.5  
 225.0  247.5  270.0  292.5  315.0  337.5  360.0  
1504.3 1506.7 1505.4 1503.2 1500.8 1497.1 1493.9 1489.2 1484.4 1478.5 
 1472.5 1465.3 1458.2 1449.9 1441.2 1431.9 1421.1 1411.1 1399.8 1388.6 
 1376.4 1363.3 1350.2 1336.1 1322.1 1307.5 1292.6 1276.8 1260.7 1244 
 1226.9 1209.8 1191.9 1174.1 1156.4 1137.4 1118.4 1099 1079.8 1060.2 
 1040 1020 999.43 978.84 957.64 936.57 915.13 893.77 872.26 850.18 
 828.31 806.15 783.8 761.82 739.21 716.53 693.75 671.17 648.46 625.41 
 602.95 580.23 557.51 535.06 511.92 489.19 466.58 443.83 421.33 398.99 
 376.55 354.47 332.68 310.7 289.41 268.33 247.43 226.69 207.06 187.44 
 167.76 148.63 129.91 111.56 93.722 76.383 59.528 43.423 27.971 13.581 
 2.8994 2.3339 2.1863 2.1084 2.089 2.0955 2.1149 2.1791 2.2833 2.3868 
 2.4977 2.6136 2.7169 2.8342 2.9516 3.0688 3.1907 3.3089 3.4318 3.5688 
 3.6914 3.8143 3.9516 4.0736 4.2037 4.3388 4.464 4.6067 4.7419 4.8842 
 5.0209 5.1709 5.2928 5.4362 5.5778 5.7217 5.8702 6.0258 6.1764 6.3382 
 6.4806 6.6306 6.7843 6.9473 7.097 7.2596 7.4012 7.5646 7.7119 7.8566 
 7.999 8.1547 8.3036 8.4597 8.5903 8.7376 8.8759 9.0231 9.1537 9.2832 
 9.4262 9.5618 9.692 9.8354 9.9513 10.076 10.206 10.322 10.439 10.555 
 10.665 10.781 10.892 11.009 11.107 11.21 11.314 11.392 11.489 11.561 
 11.644 11.716 11.788 11.846 11.911 11.97 12.028 12.074 12.112 12.158 
 12.184 
1504.3 1508.2 1507.2 1505.4 1502.9 1499.3 1495.6 1490.6 1485.5 1479.9 
 1472.9 1465.9 1458.1 1450 1440.9 1430.8 1420.7 1410.2 1399 1386.8 
 1374.5 1361.5 1348 1333.8 1319.4 1304.1 1288.3 1272.9 1256.7 1240.1 
 1223.1 1205.6 1188 1169.6 1151.5 1132.6 1113.5 1094.1 1074.5 1054.7 
 1034.2 1013.9 993.2 972.25 951.32 929.95 908.52 886.62 865.02 843.14 
 821.18 798.89 776.77 754.27 731.86 709.54 686.52 663.87 641.32 618.32 
 595.29 572.45 549.43 526.75 504.04 481.03 458.2 435.58 413.12 391.02 
 368.92 346.85 324.94 303.16 281.78 260.65 239.76 218.89 198.63 178.58 
 158.98 139.8 120.96 102.52 84.915 67.53 50.916 34.978 19.814 6.5282 
 2.0046 1.9657 1.9661 1.9987 2.0572 2.1285 2.2124 2.2908 2.3886 2.5044 
 2.6024 2.7059 2.8166 2.9269 3.0375 3.1479 3.2637 3.3816 3.5035 3.6222 
 3.7371 3.8618 3.9841 4.1212 4.2322 4.3672 4.4903 4.6212 4.756 4.9052 
 5.0415 5.1778 5.3144 5.45 5.5927 5.7351 5.8718 6.0211 6.1781 6.3321 
 6.4831 6.6392 6.7952 6.9628 7.1129 7.2669 7.4163 7.5776 7.7283 7.8964 
 8.0403 8.182 8.3388 8.4861 8.6375 8.7914 8.9284 9.0648 9.2068 9.3495 
 9.4854 9.6232 9.7594 9.8942 10.024 10.155 10.271 10.414 10.523 10.628 
 10.752 10.855 10.979 11.081 11.179 11.282 11.379 11.458 11.548 11.62 
 11.698 11.782 11.834 11.899 11.944 11.996 12.048 12.087 12.125 12.145 
 12.184 
1504.3 1506.3 1504.7 1502.4 1499.8 1496.2 1491.8 1486.5 1480.9 1474.5 
 1467.3 1459.7 1451.8 1443 1433.4 1423.4 1412.1 1400.9 1388.9 1376.2 
 1363.8 1350 1336 1321.3 1306.2 1290.7 1274.8 1258.5 1241.7 1224.6 
 1206.7 1189.6 1170.4 1151.9 1133.4 1113.9 1094.6 1075 1054.9 1034.7 
 1014.5 993.62 972.44 951.13 930.23 909.01 887.59 865.75 843.9 821.6 
 799.65 777.5 755.2 732.95 710.05 687.67 664.95 642.15 619.29 596.61 
 574.14 551.21 528.61 505.88 483.09 460.58 437.96 415.55 393.07 370.78 
 348.63 326.82 305.11 283.75 262.45 241.66 220.94 201.33 181.71 162.5 
 143.16 124.55 106.39 88.556 71.301 54.638 38.636 23.41 10.024 2.3671 
 1.8423 1.836 1.8425 1.8812 1.9587 2.0297 2.1265 2.2177 2.3088 2.4266 
 2.5226 2.6207 2.7304 2.8472 2.9449 3.0616 3.1714 3.2894 3.3994 3.5094 
 3.6327 3.7563 3.8725 4.0011 4.1197 4.2556 4.3843 4.5009 4.6313 4.7686 
 4.9098 5.0343 5.1709 5.3057 5.4626 5.5855 5.7339 5.8707 6.0319 6.1699 
 6.3252 6.4741 6.6367 6.7904 6.9405 7.097 7.2447 7.4067 7.563 7.7131 
 7.8692 8.0169 8.1661 8.317 8.4719 8.6087 8.751 8.8926 9.0297 9.1663 
 9.3011 9.4852 9.7028 9.9129 10.125 10.32 10.478 10.594 10.718 10.808 
 10.912 10.996 11.086 11.158 11.242 11.339 11.418 11.489 11.555 11.631 
 11.69 11.762 11.814 11.859 11.917 11.95 12.008 12.041 12.086 12.106 
 12.184 
1504.3 1502.6 1501.2 1498.8 1495.7 1492.1 1487.5 1482.2 1476.7 1469.6 
 1461.9 1454.6 1445.5 1436.5 1426.7 1415.8 1404.8 1392.9 1380.4 1368.3 
 1355 1340.8 1326.1 1311.2 1295.8 1280.3 1264.3 1247.2 1230.2 1212.7 
 1195 1176.6 1158.4 1139 1119.8 1100.2 1080.5 1060.4 1040.9 1020 
 998.93 977.97 957.31 936.04 914.47 893.03 871.66 849.72 827.77 805.99 
 783.78 761.39 739.2 717.03 694.59 672.09 649.74 626.99 604.39 581.85 
 559.36 536.45 514.03 491.53 468.72 446.62 424.23 402.3 380.53 358.76 
 336.8 315.22 294.13 272.72 251.92 231.44 211.27 191.29 171.94 152.81 
 133.92 115.81 97.966 80.512 63.689 47.345 31.854 17.567 6.4524 1.9508 
 1.7067 1.7452 1.7851 1.8692 1.9339 2.0182 2.0962 2.1932 2.2838 2.3812 
 2.4732 2.5766 2.6749 2.797 2.8947 2.9974 3.1083 3.2251 3.342 3.459 
 3.5691 3.6935 3.8038 3.9328 4.049 4.1662 4.2967 4.4258 4.5545 4.6785 
 4.8076 4.9391 5.0685 5.1984 5.3332 5.4834 5.6069 5.7433 5.8916 6.0276 
 6.1829 6.3265 6.4749 6.6307 6.7808 6.9361 7.091 7.2548 7.396 7.5582 
 7.7079 7.864 8.0145 8.1636 8.3056 8.4476 8.5969 8.7411 8.8775 9.0247 
 9.161 9.2973 9.4347 9.5694 9.7076 9.8424 9.9782 10.103 10.219 10.349 
 10.458 10.59 10.712 10.824 10.939 11.056 11.16 11.258 11.36 11.444 
 11.523 11.62 11.71 11.769 11.847 11.924 11.976 12.028 12.087 12.125 
 12.184 
1504.3 1499.1 1497.3 1495.1 1491.7 1487.9 1483.8 1478 1472.2 1465.3 
 1457.8 1449.8 1440.8 1430.9 1421 1410.6 1399.4 1387.1 1374.9 1362.2 
 1348.6 1334.5 1320 1305.1 1289.3 1273.4 1257.1 1240.3 1222.6 1205.5 
 1187.2 1169.4 1150.8 1131.5 1112.7 1092.7 1073.3 1052.8 1033 1012.4 
 991.48 970.58 949.53 928.33 907.11 885.69 864.33 842.38 820.72 798.8 
 776.49 754.37 731.88 709.58 687.44 665.29 642.72 620.2 597.94 575.37 
 552.69 530.04 507.5 485 462.66 440.41 418.07 396.47 374.88 353.32 
 331.78 310.31 289.17 268.17 247.75 227.41 207.44 187.87 168.27 149.5 
 130.91 112.88 95.223 78.054 61.382 45.303 29.987 16.179 6.1608 2.5421 
 2.4461 2.5233 2.6021 2.7048 2.8102 2.9261 3.0435 3.1593 3.2826 3.4131 
 3.5354 3.673 3.8014 3.9258 4.0621 4.1987 4.3339 4.4698 4.5992 4.7237 
 4.8802 5.0221 5.1511 5.2882 5.4302 5.5737 5.7104 5.8592 5.9894 6.1322 
 6.2738 6.4161 6.5654 6.6956 6.8444 6.9884 7.1316 7.2784 7.4212 7.5716 
 7.714 7.8705 8.0125 8.1632 8.2984 8.4412 8.5888 8.7263 8.8564 8.9863 
 9.1343 9.2645 9.4075 9.524 9.6467 9.7771 9.8947 10.023 10.148 10.263 
 10.38 10.491 10.588 10.691 10.803 10.906 10.997 11.081 11.165 11.25 
 11.34 11.412 11.477 11.548 11.633 11.717 11.795 11.854 11.924 11.996 
 12.054 12.1 12.138 12.184 12.249 12.242 12.242 12.242 12.242 12.242 
 12.184 
1504.3 1501.8 1499.9 1497.1 1494.1 1490.5 1485.9 1480.2 1473.9 1467.2 
 1460.1 1452.4 1443.8 1435 1425.4 1415.1 1403.8 1392 1379.5 1366.6 
 1353.3 1339.2 1325.2 1310.4 1294.5 1278.7 1262.5 1245.7 1228 1210.9 
 1193 1174.6 1155.9 1137.2 1118.2 1098.7 1079.2 1059.1 1039.1 1018.2 
 997.42 976.95 955.99 934.57 913.05 891.72 870.06 848.1 826.05 804.15 
 782.04 760.06 737.81 715.05 692.51 670.48 647.91 625.24 602.68 580.11 
 557.46 534.83 512.1 489.37 467 444.29 421.78 399.77 377.66 355.84 
 333.82 312.62 291.16 270.21 249.74 229.02 208.9 189.99 170.76 151.58 
 132.85 114.72 96.659 79.234 62.611 46.235 30.789 16.702 6.1684 2.5635 
 2.4924 2.5427 2.6198 2.7243 2.8407 2.9377 3.0674 3.1853 3.3069 3.4445 
 3.5668 3.6972 3.827 3.9625 4.0988 4.2286 4.3588 4.5003 4.6377 4.7801 
 4.9157 5.0579 5.1958 5.3506 5.4871 5.6166 5.7656 5.9027 6.0527 6.2 
 6.3383 6.4806 6.6166 6.7585 6.9069 7.0452 7.1984 7.3433 7.4865 7.6422 
 7.7902 7.9212 8.0748 8.2262 8.3674 8.5045 8.6529 8.7771 8.9126 9.0617 
 9.1977 9.3351 9.4699 9.5951 9.718 9.8284 9.9581 10.081 10.19 10.301 
 10.406 10.522 10.606 10.711 10.802 10.899 10.97 11.054 11.132 11.217 
 11.275 11.339 11.417 11.489 11.554 11.613 11.677 11.743 11.8 11.859 
 11.898 11.924 11.95 11.996 12.047 12.06 12.093 12.112 12.119 12.119 
 12.184 
1504.3 1502.5 1500.8 1498.8 1496.1 1492.6 1488.2 1483.1 1477.2 1471.2 
 1464.4 1456.6 1448.6 1439 1430.3 1420.2 1409.6 1398.4 1385.9 1373.5 
 1361 1347.4 1333.6 1319.4 1304.4 1289.3 1273.6 1257.4 1240.7 1223.8 
 1206.5 1188.3 1170.4 1152.2 1133.3 1114.6 1095.2 1075.1 1055 1034.5 
 1013.8 993.43 972.42 950.92 929.85 908.4 886.71 864.95 843.49 821.25 
 799.38 777.3 754.94 732.33 709.92 687.3 664.86 642.46 619.9 597.09 
 574.54 551.7 528.97 506.57 484.01 461.38 438.79 416.53 394.57 372.61 
 350.26 328.51 306.91 285.37 264.34 243.33 222.92 202.62 182.52 163.03 
 143.9 125.17 106.9 89.097 71.665 54.888 38.753 23.557 10.153 2.9726 
 2.6534 2.7118 2.7967 2.8933 2.9906 3.1026 3.2249 3.3555 3.492 3.6203 
 3.7379 3.8673 3.998 4.1467 4.2766 4.4193 4.5549 4.6968 4.8343 4.9782 
 5.1194 5.2629 5.3977 5.5469 5.6763 5.8267 5.9619 6.1111 6.2554 6.3986 
 6.5459 6.6821 6.839 6.9756 7.1108 7.2483 7.3955 7.5582 7.7074 7.8511 
 8.0055 8.1434 8.2923 8.4468 8.5853 8.7206 8.8689 8.9991 9.1343 9.2723 
 9.3954 9.5385 9.6747 9.804 9.9202 10.044 10.155 10.278 10.401 10.51 
 10.626 10.711 10.816 10.913 11.01 11.094 11.185 11.269 11.335 11.425 
 11.489 11.549 11.607 11.665 11.743 11.815 11.879 11.925 11.97 12.022 
 12.054 12.08 12.113 12.138 12.177 12.184 12.184 12.184 12.184 12.184 
 12.184 
1504.3 1501.4 1500.3 1498.8 1497.1 1493.4 1489.4 1485 1479.9 1473.6 
 1467.5 1459.7 1452.3 1444 1434.8 1425.3 1415.3 1404.6 1392.7 1381.5 
 1368.9 1355.5 1342 1328.1 1313.8 1298.6 1283.2 1267.5 1251 1234.9 
 1217.7 1200.4 1182.4 1164.5 1145.7 1127.1 1107.7 1088.4 1068.9 1049.3 
 1028.6 1008.4 987.24 966.29 945.29 924.25 902.77 880.98 859.29 837.53 
 815.51 793.44 771.51 749.13 726.54 703.99 681.28 658.68 636.29 613.28 
 590.47 568.05 545.11 521.98 499.65 476.82 454.16 431.73 408.97 386.7 
 364.33 342.53 320.8 298.84 277.67 256.61 235.75 215.15 195.52 175.9 
 156.21 137.19 118.35 100.14 82.412 65.043 48.388 32.351 17.472 5.1311 
 2.8477 2.8416 2.848 2.9191 3.0029 3.1133 3.2361 3.3536 3.4816 3.6128 
 3.7487 3.8918 4.0216 4.1582 4.2941 4.4365 4.5735 4.7151 4.8526 4.9949 
 5.1298 5.2788 5.4232 5.552 5.707 5.8379 5.9866 6.1306 6.2722 6.4081 
 6.558 6.6997 6.8444 6.992 7.136 7.2719 7.4127 7.5638 7.7059 7.8482 
 7.9918 8.1466 8.2911 8.4273 8.5814 8.7057 8.8412 8.9774 9.1066 9.2435 
 9.3726 9.5103 9.634 9.7566 9.8738 9.9899 10.106 10.23 10.347 10.463 
 10.56 10.658 10.763 10.852 10.956 11.048 11.145 11.21 11.295 11.372 
 11.431 11.496 11.566 11.626 11.696 11.761 11.813 11.879 11.924 11.969 
 12.008 12.034 12.06 12.092 12.125 12.145 12.158 12.164 12.171 12.171 
 12.184 
1504.3 1506.5 1505.3 1503.8 1501.5 1499 1495.1 1490.9 1486.2 1480.2 
 1474.6 1468.1 1460.5 1452.6 1444.2 1434.7 1424.5 1414.8 1403.6 1391.4 
 1379.3 1366 1353 1339.8 1325.3 1310.6 1295.9 1279.9 1264.3 1247.9 
 1231 1214 1196.4 1178.4 1160.7 1141.7 1122.6 1103.7 1084.3 1064.9 
 1044.6 1024.7 1003.6 982.58 961.51 940.41 919.1 897.13 875.75 853.8 
 831.96 809.59 787.12 764.91 742.32 719.85 697.02 674.67 651.49 628.54 
 605.69 582.86 560.04 536.95 514.19 491.5 468.25 445.95 423.23 400.78 
 378.32 356.8 334.51 312.49 291.17 269.62 248.61 227.72 207.23 187.21 
 167.33 148.23 129.34 110.97 93.019 75.639 58.772 42.688 27.315 13.107 
 3.1774 3.0427 3.0427 3.0625 3.0944 3.173 3.2629 3.3817 3.5173 3.6531 
 3.783 3.9261 4.0605 4.2048 4.3471 4.4823 4.6258 4.7633 4.9113 5.0613 
 5.1969 5.3349 5.4945 5.6248 5.7558 5.9094 6.0606 6.1966 6.3386 6.4817 
 6.6306 6.7665 6.91 7.0468 7.2016 7.3254 7.4746 7.623 7.7601 7.9078 
 8.0509 8.1949 8.338 8.4792 8.6216 8.7579 8.8758 9.0062 9.1281 9.2576 
 9.3744 9.5106 9.6408 9.7573 9.8676 9.9791 10.088 10.199 10.322 10.427 
 10.543 10.64 10.73 10.822 10.932 11.01 11.1 11.178 11.263 11.328 
 11.399 11.463 11.523 11.6 11.672 11.743 11.801 11.873 11.918 11.969 
 11.989 12.041 12.054 12.106 12.151 12.184 12.197 12.21 12.21 12.21 
 12.184 
1504.3 1509.1 1508.1 1506.8 1503.9 1501.8 1498.1 1494.1 1489.2 1483.6 
 1477.5 1470.5 1462.8 1455.2 1446.6 1437.3 1427.7 1416.9 1406.2 1395 
 1382.6 1369.8 1356.1 1342.7 1328.6 1313.8 1298.8 1283.2 1267.5 1251.3 
 1234.9 1217.5 1199.2 1181.4 1163.1 1144.4 1125.4 1106.1 1086.8 1066.7 
 1046.6 1026.2 1005.5 984.43 963.59 942.48 921.03 899.42 877.69 855.94 
 833.72 811.44 789.11 766.33 743.78 721.16 698.53 675.41 652.87 629.63 
 606.6 583.49 560.57 537.33 514.42 491.65 468.74 445.89 422.88 400.46 
 377.8 355.85 333.74 311.66 290.27 268.82 247.76 226.87 207.05 187.23 
 167.37 148.06 128.9 110.51 92.527 74.965 57.99 41.72 26.123 11.749 
 3.0891 2.7971 2.7898 2.8218 2.8933 3.0033 3.1066 3.2113 3.346 3.4834 
 3.6064 3.743 3.8785 4.0009 4.1497 4.2737 4.411 4.5465 4.6952 4.832 
 4.969 5.105 5.2409 5.376 5.5126 5.6634 5.7928 5.9408 6.0787 6.2195 
 6.3562 6.507 6.6493 6.7974 6.9345 7.0829 7.22 7.3684 7.5185 7.6487 
 7.8023 7.9456 8.096 8.2252 8.3746 8.491 8.6323 8.7566 8.8988 9.0172 
 9.1516 9.2825 9.4069 9.5349 9.6467 9.7573 9.8806 9.9897 10.114 10.217 
 10.333 10.418 10.522 10.619 10.704 10.801 10.879 10.963 11.041 11.113 
 11.19 11.262 11.314 11.379 11.45 11.528 11.592 11.652 11.71 11.755 
 11.788 11.833 11.872 11.918 11.963 12.002 12.034 12.06 12.073 12.093 
 12.184 
1504.3 1507.4 1507 1505.9 1503.7 1501.2 1497.6 1493.6 1489 1483.2 
 1477.2 1470 1462.5 1455.2 1446.1 1436.5 1426.5 1415.8 1405.1 1393.4 
 1381.2 1368 1354.4 1340.6 1326.4 1311.1 1295.6 1279.7 1263.4 1246.7 
 1229.9 1212 1194.1 1175.8 1157.6 1138.5 1119.4 1099.9 1080.8 1060.3 
 1040.3 1020 998.98 978.08 956.5 935.46 914.22 892.47 871.01 848.68 
 826.52 804.27 781.94 759.31 736.9 714.42 691.54 669.07 646.27 623.04 
 600.35 577.93 555.06 532.02 509.11 486.62 463.4 441.19 418.47 396.39 
 374.31 351.99 330.12 308.13 286.89 265.52 244.74 224.11 203.77 183.77 
 164.24 145.02 126.34 108.22 90.316 72.896 56.266 40.071 24.701 11.051 
 3.0595 2.5691 2.6148 2.6996 2.79 2.8942 3.0114 3.1343 3.2444 3.3738 
 3.4919 3.6402 3.7574 3.893 4.022 4.1587 4.2896 4.4316 4.5686 4.7051 
 4.8275 4.9763 5.1122 5.2557 5.3909 5.5347 5.6703 5.808 5.9424 6.0917 
 6.2359 6.3718 6.5085 6.6498 6.7877 6.9353 7.0845 7.2208 7.3765 7.5124 
 7.6746 7.8113 7.9731 8.1111 8.2594 8.3969 8.5392 8.6755 8.8177 8.9413 
 9.09 9.2252 9.3618 9.4851 9.6149 9.7458 9.8503 9.9776 10.103 10.224 
 10.323 10.433 10.53 10.627 10.732 10.835 10.925 10.997 11.088 11.172 
 11.25 11.321 11.38 11.444 11.522 11.588 11.652 11.723 11.782 11.821 
 11.879 11.905 11.963 12.048 12.087 12.125 12.132 12.132 12.132 12.132 
 12.184 
1504.3 1504 1503.5 1502.5 1500 1497.2 1494 1490 1485 1479.8 
 1473.2 1465.9 1458.6 1449.9 1440.7 1431.4 1420.9 1410.2 1398.7 1386.9 
 1374.2 1361 1347.4 1332.8 1318.1 1302.9 1287.3 1270.9 1254.3 1237.5 
 1220 1202.2 1184.2 1165.6 1147 1127.6 1108.4 1089 1069.2 1049.1 
 1028.7 1007.9 986.93 965.63 944.45 923.07 901.58 880.05 858.47 836.49 
 814.26 792.33 770.29 747.96 725.22 702.62 680.24 657.58 635.11 612.18 
 589.48 566.9 544.17 521.27 498.72 476.14 453.42 431.09 408.71 386.49 
 364.26 342.61 321.02 299.5 278.58 257.61 237.09 216.7 197.51 178.32 
 159.12 140.33 121.9 104.01 86.473 69.279 52.909 37.095 22.26 9.7015 
 3.0426 2.432 2.4392 2.5164 2.6133 2.7164 2.8346 2.9453 3.0608 3.1833 
 3.3194 3.4384 3.5729 3.6963 3.8263 3.9637 4.0996 4.2347 4.3725 4.5023 
 4.6435 4.7858 4.9169 5.052 5.1898 5.3382 5.4745 5.6044 5.747 5.8894 
 6.0442 6.1818 6.312 6.4551 6.6096 6.7453 6.8944 7.044 7.1937 7.3297 
 7.4861 7.6354 7.785 7.9339 8.0835 8.2308 8.3796 8.5224 8.6668 8.8088 
 8.9527 9.1019 9.2439 9.3663 9.5229 9.647 9.7829 9.9049 10.041 10.166 
 10.275 10.379 10.489 10.594 10.704 10.795 10.904 10.996 11.08 11.164 
 11.249 11.32 11.385 11.462 11.541 11.619 11.677 11.748 11.807 11.879 
 11.911 11.957 11.989 12.041 12.06 12.08 12.099 12.099 12.106 12.106 
 12.184 
1504.3 1500.2 1499.5 1498.5 1496.1 1493.3 1489.8 1485.9 1480.8 1474.8 
 1468.3 1461.5 1453.8 1445.2 1436.1 1426.4 1416.3 1405.2 1393.4 1381.1 
 1368.5 1355.3 1341.6 1327.2 1312 1297 1280.9 1265.1 1248.2 1231.3 
 1213.8 1196.3 1177.8 1159.6 1141.1 1121.6 1102.1 1082.6 1062.5 1042.5 
 1022 1001.3 980.63 959.8 938.87 917.03 895.59 874.07 852.21 830.45 
 808.54 786.55 764.11 741.85 719.14 696.88 674.88 652.14 629.3 606.53 
 584.11 561.42 539.03 516.09 493.73 471.22 448.9 426.55 404.34 382.43 
 360.44 338.8 317.57 296.24 275.31 254.36 234.18 213.89 194.9 175.9 
 156.65 138.01 119.83 101.94 84.384 67.518 51.112 35.399 20.899 8.7574 
 2.2252 1.6251 1.6219 1.6283 1.6865 1.7578 1.8353 1.92 1.9922 2.0952 
 2.1791 2.2777 2.3747 2.4713 2.5812 2.6725 2.7836 2.8804 3.0094 3.1016 
 3.2119 3.3275 3.4452 3.5611 3.6779 3.8015 3.9115 4.0341 4.158 4.2813 
 4.4172 4.5348 4.6714 4.8008 4.9356 5.073 5.2085 5.3398 5.4935 5.6116 
 5.7539 5.891 6.0451 6.1822 6.3448 6.5053 6.6494 6.7995 6.9471 7.1028 
 7.2449 7.4013 7.5579 7.6995 7.8507 7.9919 8.1492 8.2977 8.4457 8.5897 
 8.7321 8.874 9.0237 9.1676 9.3153 9.4588 9.5944 9.7192 9.8615 9.9903 
 10.132 10.264 10.399 10.543 10.671 10.802 10.926 11.055 11.171 11.281 
 11.398 11.515 11.619 11.703 11.795 11.878 11.95 12.021 12.093 12.145 
 12.184 
1504.3 1503.2 1502.4 1501.8 1499.5 1496.8 1493.5 1489.6 1484.2 1479.3 
 1472.7 1465.6 1457.6 1449.4 1440.3 1431 1420.4 1409.3 1398 1386.5 
 1373.9 1360.4 1347.2 1332.9 1318 1302.7 1286.9 1271.2 1254.3 1237.7 
 1220.2 1202.6 1184.4 1165.7 1147.2 1128 1108.9 1089.6 1069.3 1049.7 
 1028.8 1008.4 987.88 967.03 945.76 924.53 902.93 881.06 859.24 837.36 
 815.33 793.42 771.23 748.94 726.29 704.12 681.72 659.22 636.4 613.99 
 591.11 568.54 546.02 523.48 500.71 478.26 455.61 433.09 411.14 389.43 
 367.73 345.89 324.19 302.68 281.63 260.78 240.14 219.85 200.01 180.34 
 160.97 142.35 123.77 105.71 88.255 71.012 54.334 38.363 23.316 10.299 
 2.601 1.6286 1.648 1.6875 1.7452 1.8177 1.8955 1.9659 2.057 2.1553 
 2.2449 2.3301 2.4285 2.5372 2.6352 2.7387 2.8426 2.9523 3.0562 3.1732 
 3.2775 3.3948 3.5036 3.6271 3.7243 3.8615 3.977 4.0884 4.2171 4.3414 
 4.4645 4.601 4.7248 4.8603 4.9902 5.139 5.2756 5.4123 5.5485 5.6855 
 5.8411 5.9883 6.1384 6.2886 6.4504 6.6113 6.7735 6.9288 7.0925 7.2602 
 7.4035 7.5725 7.727 7.8896 8.0401 8.1878 8.3504 8.5078 8.6635 8.8111 
 8.9551 9.1023 9.2471 9.3959 9.5454 9.6815 9.8294 9.9667 10.097 10.232 
 10.361 10.497 10.634 10.752 10.881 11.004 11.121 11.224 11.334 11.433 
 11.536 11.633 11.724 11.782 11.847 11.912 11.976 12.028 12.074 12.132 
 12.184 
1504.3 1502.7 1502.3 1500.9 1498.9 1496.1 1492.3 1488.3 1483.4 1477.5 
 1471.1 1464.2 1456.8 1448.8 1439.9 1430.3 1420.1 1409.5 1398.5 1386.7 
 1374.5 1361.7 1348.2 1334.2 1319.6 1304.2 1288.9 1273.1 1256.9 1239.9 
 1223 1205.6 1187.7 1169.8 1151.1 1132.3 1113.2 1093.7 1074 1054 
 1034 1013.3 992.54 972.1 950.86 929.36 908.11 886.43 864.38 842.74 
 821.02 799.09 776.93 754.48 731.92 709.39 687.09 664.5 641.84 619.3 
 596.35 573.83 551.6 528.72 506.11 483.77 460.88 438.42 415.78 393.71 
 371.5 349.63 327.82 306.19 284.67 263.52 243.08 222.45 203.01 183.56 
 164.05 144.94 126.28 108.11 90.35 73.057 56.134 39.894 24.502 10.598 
 2.4189 1.7272 1.7193 1.7192 1.7641 1.8285 1.9068 1.9971 2.076 2.1725 
 2.2698 2.3617 2.4588 2.5685 2.6721 2.7815 2.8936 2.9971 3.1004 3.2297 
 3.3401 3.4511 3.5736 3.6782 3.7943 3.9301 4.0465 4.1636 4.2946 4.4248 
 4.5732 4.7294 4.8903 5.0456 5.1703 5.2669 5.3978 5.534 5.6809 5.8241 
 5.9749 6.1496 6.2933 6.4486 6.615 6.7851 6.9413 7.0954 7.2584 7.4266 
 7.5769 7.7322 7.8944 8.0437 8.1934 8.343 8.4846 8.6462 8.7888 8.9195 
 9.069 9.2118 9.3553 9.4905 9.634 9.7638 9.9065 10.029 10.158 10.282 
 10.399 10.528 10.645 10.768 10.892 11.01 11.1 11.228 11.32 11.412 
 11.508 11.593 11.684 11.736 11.801 11.879 11.937 11.995 12.054 12.106 
 12.184 
1504.3 1502.4 1501.5 1499.5 1498.2 1495.2 1491.4 1487 1482.4 1477.1 
 1470.7 1463.7 1456.5 1448.7 1440 1430.8 1420.8 1410.2 1399.1 1387.4 
 1375.1 1362.6 1349.3 1335.3 1321.9 1306.8 1291.7 1275.9 1259.8 1243.8 
 1227 1209.7 1192 1174.4 1156.2 1137.5 1118.6 1099.3 1080 1059.9 
 1039.7 1019.5 999.2 978.73 957.47 936.62 915.42 893.84 872.3 850.42 
 828.67 806.8 784.61 762.27 739.84 717.42 694.7 672.06 649.66 626.97 
 604.3 581.61 559.04 536.28 513.43 490.99 468.65 446.01 423.48 402.35 
 380.01 357.67 335.82 313.89 292.59 271.49 250.43 229.85 209.46 189.53 
 169.61 150.5 131.57 112.97 95.109 77.497 60.468 43.97 28.323 13.572 
 2.7942 1.9008 1.8944 1.8944 1.9407 2.0055 2.0632 2.1476 2.2451 2.3293 
 2.441 2.544 2.6479 2.7582 2.8676 2.9852 3.0828 3.205 3.3092 3.4322 
 3.5429 3.6791 3.8037 3.9257 4.049 4.1781 4.3088 4.4259 4.5698 4.7117 
 4.848 4.9844 5.1339 5.2683 5.4179 5.5494 5.6962 5.8467 5.9955 6.1444 
 6.2997 6.4631 6.607 6.775 6.9231 7.087 7.2419 7.3968 7.5517 7.7155 
 7.8592 8.0136 8.1565 8.3128 8.4545 8.6029 8.746 8.8816 9.0308 9.1622 
 9.3037 9.4335 9.5637 9.7012 9.8437 9.9731 10.096 10.218 10.343 10.466 
 10.583 10.7 10.821 10.933 11.036 11.139 11.237 11.329 11.42 11.504 
 11.594 11.684 11.75 11.827 11.892 11.957 12.015 12.074 12.119 12.177 
 12.184 
1504.3 1506.7 1505.4 1503.2 1500.8 1497.1 1493.9 1489.2 1484.4 1478.5 
 1472.5 1465.3 1458.2 1449.9 1441.2 1431.9 1421.1 1411.1 1399.8 1388.6 
 1376.4 1363.3 1350.2 1336.1 1322.1 1307.5 1292.6 1276.8 1260.7 1244 
 1226.9 1209.8 1191.9 1174.1 1156.4 1137.4 1118.4 1099 1079.8 1060.2 
 1040 1020 999.43 978.84 957.64 936.57 915.13 893.77 872.26 850.18 
 828.31 806.15 783.8 761.82 739.21 716.53 693.75 671.17 648.46 625.41 
 602.95 580.23 557.51 535.06 511.92 489.19 466.58 443.83 421.33 398.99 
 376.55 354.47 332.68 310.7 289.41 268.33 247.43 226.69 207.06 187.44 
 167.76 148.63 129.91 111.56 93.722 76.383 59.528 43.423 27.971 13.581 
 2.8994 2.3339 2.1863 2.1084 2.089 2.0955 2.1149 2.1791 2.2833 2.3868 
 2.4977 2.6136 2.7169 2.8342 2.9516 3.0688 3.1907 3.3089 3.4318 3.5688 
 3.6914 3.8143 3.9516 4.0736 4.2037 4.3388 4.464 4.6067 4.7419 4.8842 
 5.0209 5.1709 5.2928 5.4362 5.5778 5.7217 5.8702 6.0258 6.1764 6.3382 
 6.4806 6.6306 6.7843 6.9473 7.097 7.2596 7.4012 7.5646 7.7119 7.8566 
 7.999 8.1547 8.3036 8.4597 8.5903 8.7376 8.8759 9.0231 9.1537 9.2832 
 9.4262 9.5618 9.692 9.8354 9.9513 10.076 10.206 10.322 10.439 10.555 
 10.665 10.781 10.892 11.009 11.107 11.21 11.314 11.392 11.489 11.561 
 11.644 11.716 11.788 11.846 11.911 11.97 12.028 12.074 12.112 12.158 
 12.184 
