IESNA:LM-63-2002
[TEST] 1
[TESTLAB] 
[TESTDATE] 2025-02-21
[ISSUEDATE] 2025-02-21 13:31:15
[LAMPPOSITION] 0,0
[OTHER] EVERFINE GO-2000A_V1 SYSTEM
[MANUFAC] 
[LUMINAIRE] 30W-6500K
[LAMP] DB77E-4-50L-UD-P-A5W5C5
TILT=NONE
1 3987.2 1 181 17 1 2 0.060 1.200 0.000
1.000 1 29.6466
0.0    1.0    2.0    3.0    4.0    5.0    6.0    7.0    8.0    9.0    
 10.0   11.0   12.0   13.0   14.0   15.0   16.0   17.0   18.0   19.0   
 20.0   21.0   22.0   23.0   24.0   25.0   26.0   27.0   28.0   29.0   
 30.0   31.0   32.0   33.0   34.0   35.0   36.0   37.0   38.0   39.0   
 40.0   41.0   42.0   43.0   44.0   45.0   46.0   47.0   48.0   49.0   
 50.0   51.0   52.0   53.0   54.0   55.0   56.0   57.0   58.0   59.0   
 60.0   61.0   62.0   63.0   64.0   65.0   66.0   67.0   68.0   69.0   
 70.0   71.0   72.0   73.0   74.0   75.0   76.0   77.0   78.0   79.0   
 80.0   81.0   82.0   83.0   84.0   85.0   86.0   87.0   88.0   89.0   
 90.0   91.0   92.0   93.0   94.0   95.0   96.0   97.0   98.0   99.0   
 100.0  101.0  102.0  103.0  104.0  105.0  106.0  107.0  108.0  109.0  
 110.0  111.0  112.0  113.0  114.0  115.0  116.0  117.0  118.0  119.0  
 120.0  121.0  122.0  123.0  124.0  125.0  126.0  127.0  128.0  129.0  
 130.0  131.0  132.0  133.0  134.0  135.0  136.0  137.0  138.0  139.0  
 140.0  141.0  142.0  143.0  144.0  145.0  146.0  147.0  148.0  149.0  
 150.0  151.0  152.0  153.0  154.0  155.0  156.0  157.0  158.0  159.0  
 160.0  161.0  162.0  163.0  164.0  165.0  166.0  167.0  168.0  169.0  
 170.0  171.0  172.0  173.0  174.0  175.0  176.0  177.0  178.0  179.0  
 180.0  
0.0    22.5   45.0   67.5   90.0   112.5  135.0  157.5  180.0  202.5  
 225.0  247.5  270.0  292.5  315.0  337.5  360.0  
1485 1486.9 1485.9 1483.9 1481.6 1478.5 1474.5 1470.5 1465.2 1459.8 
 1453.4 1446.2 1438.9 1430.9 1422.1 1412.9 1403 1393.1 1382 1370.4 
 1358.8 1346.1 1333.1 1319.5 1305.5 1291.1 1275.9 1260.9 1245 1229 
 1212.3 1195.2 1177.9 1160.4 1142.7 1124 1105.5 1086.5 1067.4 1047.7 
 1028 1007.9 987.75 967.25 946.67 925.73 905.05 883.51 862.47 840.8 
 819.29 797.28 775.25 753.63 731.21 709.18 686.66 664.2 641.89 619.47 
 597.06 574.42 551.87 529.37 506.93 484.49 461.96 439.48 416.98 395.02 
 372.86 351.01 329.42 307.87 286.77 265.61 244.93 224.27 204.89 185.51 
 166 147.01 128.5 110.39 92.715 75.545 58.871 42.867 27.662 13.418 
 2.7702 2.2966 2.1538 2.0827 2.0567 2.0633 2.0957 2.1547 2.2632 2.362 
 2.4723 2.5762 2.6911 2.8027 2.9253 3.0425 3.1644 3.2755 3.4069 3.5298 
 3.6471 3.7815 3.8933 4.0288 4.1583 4.2891 4.4186 4.5548 4.6896 4.8263 
 4.9755 5.1004 5.2431 5.3854 5.5199 5.669 5.8195 5.9558 6.1111 6.2668 
 6.4161 6.5593 6.7219 6.8711 7.0209 7.18 7.331 7.4742 7.6239 7.7727 
 7.9219 8.0639 8.214 8.3559 8.493 8.6361 8.7781 8.9068 9.0495 9.1744 
 9.3216 9.4529 9.5767 9.7114 9.8481 9.966 10.096 10.212 10.334 10.432 
 10.556 10.671 10.77 10.887 10.99 11.093 11.184 11.27 11.366 11.437 
 11.509 11.574 11.652 11.723 11.775 11.833 11.879 11.925 11.97 12.015 
 12.035 
1485 1490.3 1488.9 1487.1 1484.3 1481.2 1477.4 1472.6 1467.7 1461.7 
 1455.2 1448.3 1440.3 1432 1422.9 1413.5 1403.5 1392.7 1381.6 1369.9 
 1357.4 1344.6 1331.4 1317.4 1303.1 1288.4 1273.1 1257.8 1241.7 1225.4 
 1208.5 1191.8 1173.8 1156.3 1137.9 1119.3 1100.5 1081.3 1062 1042.5 
 1022.7 1002.4 982.15 961.47 940.74 919.92 898.7 877.06 855.89 834.28 
 812.62 790.76 768.66 746.62 724.3 701.97 679.65 657.2 634.66 612.04 
 589.39 566.84 544.38 521.56 499.07 476.44 453.99 431.49 409.42 387.55 
 365.67 343.63 321.96 300.41 279.15 258.21 237.45 216.95 196.79 177.1 
 157.45 138.52 119.84 101.74 84.242 67.005 50.531 34.725 19.694 6.5477 
 1.9844 1.9398 1.9401 1.9732 2.0372 2.1028 2.1735 2.2719 2.3684 2.4672 
 2.5693 2.6732 2.7767 2.8885 2.9984 3.1215 3.231 3.3416 3.459 3.5755 
 3.6931 3.8215 3.9383 4.0629 4.1845 4.3017 4.4323 4.5746 4.6992 4.8407 
 4.9782 5.1198 5.256 5.3916 5.5278 5.6637 5.8073 5.9565 6.1002 6.256 
 6.4108 6.5608 6.7038 6.8642 7.0221 7.1777 7.3259 7.4868 7.6253 7.7853 
 7.9349 8.0773 8.2415 8.3888 8.5392 8.6811 8.8171 8.9673 9.0969 9.2453 
 9.3816 9.5114 9.6476 9.777 9.9068 10.03 10.154 10.278 10.394 10.497 
 10.622 10.737 10.836 10.958 11.05 11.153 11.244 11.335 11.419 11.497 
 11.574 11.639 11.717 11.762 11.821 11.866 11.912 11.944 11.989 12.015 
 12.035 
1485 1488.3 1486.8 1484.4 1481.6 1478 1473.7 1469 1463.4 1457.3 
 1450.2 1442.7 1434.3 1425.5 1416 1406.1 1395.6 1384.6 1372.9 1360.7 
 1347.9 1334.5 1320.8 1306.3 1291.5 1276.2 1260.5 1244.4 1227.9 1211 
 1193.7 1176.2 1158.1 1139.9 1121.3 1102.2 1083.1 1063.6 1044.2 1024 
 1003.8 983.42 962.52 942.25 921.08 899.81 878.65 857.2 835.48 813.75 
 792.13 770.34 748.02 725.84 703.49 681.26 658.93 636.4 613.95 591.24 
 569.13 546.53 524.15 501.65 479.2 456.97 434.28 412.14 389.86 367.92 
 345.91 324.09 302.77 281.64 260.54 239.85 219.39 200.02 180.65 161.38 
 142.33 123.75 105.84 88.15 71.108 54.513 38.607 23.593 10.228 2.3765 
 1.8295 1.8165 1.8167 1.8624 1.9405 2.0119 2.1153 2.1935 2.2836 2.382 
 2.4859 2.5889 2.7062 2.803 2.9065 3.0233 3.134 3.2449 3.3608 3.4773 
 3.5886 3.7105 3.8219 3.9503 4.0685 4.1982 4.3205 4.4452 4.5747 4.7049 
 4.8411 4.9702 5.1133 5.2424 5.379 5.5134 5.6577 5.8061 5.9493 6.0933 
 6.2466 6.3966 6.5467 6.6964 6.8517 7.0058 7.1624 7.3189 7.4621 7.6166 
 7.7662 7.9082 8.0575 8.2067 8.3564 8.4991 8.6365 8.7717 8.9147 9.0435 
 9.1882 9.3797 9.5973 9.8155 10.03 10.206 10.374 10.51 10.601 10.711 
 10.795 10.886 10.958 11.036 11.127 11.218 11.302 11.373 11.431 11.496 
 11.561 11.62 11.677 11.723 11.775 11.821 11.866 11.912 11.95 11.989 
 12.035 
1485 1484.9 1483.1 1481 1477.7 1473.9 1469.9 1464.5 1458.6 1452 
 1444.9 1437.2 1428.3 1419.5 1409.9 1399 1388.3 1376.8 1364.8 1351.9 
 1338.9 1325.3 1310.9 1296.2 1281.4 1265.5 1249.4 1233.3 1216.2 1199.1 
 1181.6 1163.8 1145.3 1126.9 1108 1088.8 1069.2 1049.7 1029.5 1009.6 
 989.17 968.63 947.68 926.93 905.78 884.44 863.43 841.87 820.08 798.53 
 776.64 754.71 732.6 710.29 688.18 666.02 643.72 621.54 599.36 577.07 
 554.58 532.25 509.79 487.5 465.05 442.96 420.85 399.34 377.82 355.74 
 334.21 312.65 291.83 270.77 250.23 229.79 209.74 190.01 170.77 151.96 
 133.2 115.12 97.313 80.143 63.389 47.225 31.822 17.632 6.6456 1.9571 
 1.6936 1.7201 1.7848 1.849 1.9213 2.0057 2.0896 2.1735 2.2655 2.3684 
 2.4598 2.5569 2.6555 2.7638 2.8747 2.9847 3.0894 3.1985 3.3089 3.4192 
 3.5299 3.6543 3.7638 3.8878 4.0102 4.1147 4.2502 4.3731 4.4896 4.6259 
 4.7427 4.8746 5.0038 5.1396 5.2695 5.4118 5.5473 5.6722 5.8138 5.9505 
 6.0929 6.2426 6.3918 6.5418 6.6836 6.8582 7.0067 7.1583 7.3064 7.4618 
 7.6166 7.7659 7.9107 8.0594 8.1959 8.3519 8.4944 8.6237 8.7724 8.91 
 9.0576 9.1938 9.3294 9.4664 9.5968 9.7265 9.8499 9.9799 10.102 10.22 
 10.355 10.471 10.577 10.698 10.815 10.926 11.036 11.128 11.224 11.328 
 11.412 11.503 11.581 11.652 11.723 11.776 11.847 11.886 11.937 11.996 
 12.035 
1485 1477.7 1475.9 1473.3 1470.3 1466.7 1461.8 1456.5 1450.7 1444.1 
 1436.6 1428.6 1420.1 1410.6 1400.9 1390.6 1379.3 1367.8 1355.4 1342.9 
 1329.4 1315.4 1301.4 1286.4 1271.4 1255.5 1239.1 1223 1206 1188.9 
 1171.4 1153.2 1134.7 1116 1097 1078.2 1058.7 1038.9 1019.2 998.77 
 978.39 958.09 937.44 916.39 895.13 873.85 852.68 831.31 809.99 788.06 
 766.48 744.55 722.61 700.66 678.47 656.41 634.3 612.13 589.73 567.74 
 545.42 523.02 500.91 478.57 456.64 434.64 412.64 391.31 369.97 348.53 
 327.08 306.07 285.09 264.36 244.22 224.01 204.33 184.96 165.89 147.1 
 128.85 111 93.395 76.404 59.972 44.043 29 15.468 5.8452 2.5163 
 2.4329 2.504 2.596 2.7048 2.8101 2.9195 3.0238 3.1525 3.2706 3.3926 
 3.5166 3.6467 3.7693 3.8995 4.0299 4.1598 4.2956 4.4193 4.5541 4.6973 
 4.8342 4.9626 5.1064 5.2355 5.3775 5.5275 5.6454 5.7802 5.9309 6.0657 
 6.2085 6.3589 6.4944 6.6318 6.7658 6.9101 7.0582 7.2006 7.3376 7.4804 
 7.6235 7.7651 7.9159 8.0514 8.1953 8.3301 8.4805 8.6213 8.7587 8.8878 
 9.0255 9.1542 9.2843 9.4027 9.538 9.6603 9.7774 9.893 10.004 10.128 
 10.231 10.342 10.445 10.556 10.653 10.751 10.848 10.939 11.028 11.114 
 11.191 11.282 11.347 11.393 11.476 11.548 11.614 11.704 11.769 11.834 
 11.879 11.944 11.976 12.034 12.08 12.086 12.086 12.093 12.08 12.08 
 12.035 
1485 1481.2 1479.1 1477 1473.7 1470 1465.7 1460.6 1454.8 1448.3 
 1441.4 1433.5 1424.9 1416 1406.2 1396.1 1385.4 1373.8 1361.7 1349 
 1336 1322.3 1308.2 1293.5 1278.4 1262.7 1246.9 1230.5 1213.6 1196.4 
 1178.9 1161.2 1142.9 1124.1 1105.6 1086.1 1066.8 1047 1027.2 1006.9 
 986.43 966.11 945.51 924.57 903.43 882.22 861.01 839.32 817.96 796.26 
 774.22 752.41 730.29 708.18 685.81 663.81 641.34 619.32 596.9 574.65 
 552.18 529.91 507.65 485.16 462.84 440.75 418.52 396.75 374.68 353.11 
 331.5 310.28 289.19 268.53 247.86 227.53 208.22 188.91 169.7 150.84 
 132.24 114.21 96.46 79.144 62.559 46.358 30.974 16.923 6.4703 2.601 
 2.4981 2.5298 2.6208 2.7173 2.8214 2.931 3.0487 3.177 3.2943 3.424 
 3.5419 3.6777 3.8065 3.937 4.0596 4.1957 4.326 4.4611 4.6053 4.7358 
 4.8714 5.0133 5.1443 5.2855 5.4286 5.5646 5.7009 5.8379 5.987 6.1306 
 6.2651 6.4157 6.5581 6.6944 6.8376 6.9795 7.1151 7.2658 7.4074 7.5434 
 7.6921 7.83 7.9788 8.1144 8.2579 8.4059 8.5423 8.6914 8.8161 8.9576 
 9.0939 9.2234 9.3596 9.4891 9.6001 9.7174 9.8468 9.9378 10.054 10.165 
 10.276 10.367 10.469 10.568 10.652 10.748 10.84 10.919 11.002 11.074 
 11.133 11.21 11.262 11.321 11.379 11.444 11.509 11.573 11.625 11.677 
 11.723 11.755 11.788 11.833 11.866 11.905 11.924 11.95 11.944 11.944 
 12.035 
1485 1482 1480.6 1478.7 1475.6 1472.1 1468.2 1463.5 1458 1452.1 
 1445.4 1438 1430 1421.5 1412 1402.2 1391.7 1380.9 1369.3 1357.3 
 1344.4 1331.2 1317.5 1303.7 1288.9 1273.7 1258.3 1242.1 1225.8 1209 
 1191.8 1174.2 1156.5 1138.5 1119.8 1101.1 1082 1062.6 1043 1023 
 1002.5 982.44 961.91 941.16 920.13 899.04 877.44 856.4 835.01 813.33 
 791.51 769.61 747.47 725.23 703.03 680.9 658.35 636.24 613.82 591.36 
 569.18 546.65 524.23 501.79 479.55 457.2 434.66 412.89 391.1 369.3 
 347.38 325.79 304.18 282.96 262.21 241.32 220.93 200.98 181.14 161.79 
 142.86 124.34 106.13 88.653 71.495 54.674 38.746 23.542 10.234 2.989 
 2.6476 2.7058 2.784 2.8757 2.9924 3.1022 3.2177 3.341 3.4643 3.5944 
 3.7249 3.8556 3.9781 4.1215 4.2575 4.4001 4.5236 4.6655 4.8025 4.9385 
 5.0797 5.2303 5.3538 5.4965 5.6309 5.7687 5.9111 6.0478 6.1962 6.3329 
 6.4826 6.6313 6.7665 6.8987 7.0472 7.1944 7.3372 7.4871 7.617 7.7675 
 7.9166 8.0522 8.2082 8.3453 8.4865 8.63 8.7648 8.9018 9.0316 9.1678 
 9.2983 9.4278 9.5644 9.6937 9.8092 9.9267 10.05 10.147 10.25 10.367 
 10.471 10.575 10.673 10.777 10.867 10.939 11.035 11.127 11.205 11.282 
 11.354 11.419 11.477 11.528 11.581 11.652 11.704 11.763 11.814 11.866 
 11.892 11.924 11.957 11.996 12.015 12.022 12.022 12.022 12.022 12.022 
 12.035 
1485 1482.6 1481.4 1479.7 1477.3 1474.1 1470.2 1465.5 1460.4 1455.2 
 1448.7 1441.8 1434.3 1425.8 1417.2 1407.7 1397.6 1386.9 1376 1364.4 
 1352.2 1339.3 1326.1 1312.5 1298.4 1283.6 1268.7 1253.1 1237.1 1220.8 
 1204 1186.8 1169.3 1151.6 1133.5 1115 1096 1077 1057.4 1037.9 
 1017.7 997.97 977.72 956.86 935.95 915.22 893.95 872.76 851.34 829.96 
 808.04 786.16 764.1 742.05 719.81 697.71 675.36 652.98 630.55 607.93 
 585.48 563.12 540.5 517.71 495.53 473.03 450.28 428.24 405.83 383.72 
 361.56 340.05 318.28 296.79 275.83 254.73 234.27 213.79 194.32 174.85 
 155.37 136.47 117.73 99.807 82.142 65.014 48.504 32.526 17.794 5.3683 
 2.9019 2.8352 2.8351 2.8998 3.0036 3.1074 3.2242 3.3391 3.469 3.6059 
 3.7414 3.8727 3.9954 4.1432 4.2686 4.4041 4.5404 4.6827 4.8198 4.956 
 5.0972 5.2282 5.3717 5.5069 5.6439 5.7855 5.9286 6.0653 6.2084 6.3493 
 6.4936 6.648 6.7781 6.9146 7.0642 7.1934 7.3488 7.491 7.6284 7.77 
 7.9135 8.0438 8.1929 8.3293 8.4724 8.6128 8.7382 8.8733 9.0095 9.1394 
 9.2748 9.4122 9.5231 9.652 9.7751 9.8868 9.9956 10.107 10.205 10.321 
 10.432 10.528 10.619 10.723 10.82 10.912 10.996 11.08 11.158 11.243 
 11.301 11.378 11.425 11.483 11.535 11.6 11.657 11.71 11.775 11.814 
 11.853 11.885 11.905 11.943 11.969 11.989 11.996 12.009 12.009 12.009 
 12.035 
1485 1487.2 1486.4 1484.6 1482.8 1479.8 1476 1471.9 1467.2 1461.6 
 1455.9 1449 1441.9 1434 1425.4 1416.6 1406.9 1396.6 1385.7 1374.6 
 1362.7 1350.5 1337.2 1324 1310.3 1296 1281 1265.9 1250.1 1234.1 
 1217.5 1200.7 1183.8 1166.2 1148.1 1129.7 1111.2 1092.1 1073 1053.5 
 1033.4 1013.2 992.96 972.28 951.61 930.87 909.83 888.29 867.25 845.7 
 823.69 801.85 779.93 757.78 735.39 712.93 690.54 668.05 645.5 622.89 
 600.34 577.56 554.93 532.06 509.4 486.94 464.32 441.98 419.37 397.44 
 375.51 353.6 331.75 310 288.75 267.37 246.46 225.99 205.65 185.77 
 166.12 147.11 128.4 110.12 92.388 75.024 58.458 42.39 27.133 13.241 
 3.1721 3.0427 3.0427 3.0559 3.1013 3.173 3.2631 3.3731 3.5028 3.6334 
 3.7765 3.9124 4.0491 4.1903 4.3201 4.4705 4.6067 4.7426 4.8862 5.0289 
 5.1713 5.3064 5.4503 5.5851 5.7221 5.8649 6.0008 6.1504 6.2859 6.4305 
 6.5653 6.7085 6.8508 6.9867 7.136 7.2658 7.4017 7.5396 7.6936 7.8242 
 7.967 8.1086 8.2517 8.3754 8.5243 8.6548 8.7896 8.9133 9.0373 9.1797 
 9.2959 9.413 9.5383 9.6606 9.7706 9.8879 9.9909 10.088 10.186 10.301 
 10.406 10.511 10.607 10.704 10.796 10.88 10.964 11.062 11.126 11.203 
 11.276 11.354 11.405 11.457 11.509 11.574 11.645 11.71 11.756 11.814 
 11.846 11.879 11.911 11.963 11.983 12.028 12.028 12.028 12.028 12.028 
 12.035 
1485 1491 1490.1 1488.8 1486.7 1483.7 1480.5 1476.3 1471.9 1466.2 
 1460.3 1453.7 1446.6 1438.5 1430.3 1421.1 1411.3 1401.2 1390.2 1379.3 
 1367.1 1355 1342.1 1328.5 1314.6 1299.8 1285.1 1269.4 1253.6 1237.7 
 1220.9 1203.9 1186.5 1168.9 1150.9 1132.4 1113.6 1094.5 1075.4 1055.7 
 1035.9 1015.9 995.62 974.77 953.92 933.01 911.85 890.26 869.09 847.38 
 825.62 803.65 781.68 759.53 736.97 714.62 691.97 669.21 646.72 623.99 
 601.37 578.62 555.77 532.85 510.3 487.55 464.81 442.22 419.53 397.27 
 374.79 353 330.97 309.33 288.16 266.81 245.98 225.18 205.47 185.77 
 166.08 146.88 127.97 109.68 91.814 74.411 57.57 41.357 25.914 11.681 
 3.0251 2.8118 2.8027 2.8155 2.8998 2.9969 3.1065 3.2168 3.3407 3.4701 
 3.6006 3.7414 3.8721 3.9883 4.13 4.2671 4.3966 4.5335 4.6644 4.7992 
 4.9305 5.0781 5.2138 5.3515 5.4874 5.6169 5.7542 5.8966 6.0394 6.1678 
 6.318 6.481 6.6105 6.7449 6.8895 7.0257 7.1666 7.3109 7.4585 7.5899 
 7.7327 7.875 8.0178 8.1594 8.2972 8.4202 8.5568 8.692 8.8282 8.952 
 9.0814 9.2112 9.3335 9.4635 9.5753 9.6921 9.7963 9.9128 10.01 10.113 
 10.217 10.321 10.419 10.51 10.613 10.698 10.788 10.866 10.943 11.015 
 11.093 11.159 11.23 11.275 11.34 11.399 11.464 11.515 11.58 11.638 
 11.671 11.716 11.749 11.801 11.846 11.878 11.911 11.943 11.944 11.963 
 12.035 
1485 1489.1 1488.6 1487.4 1485.3 1482.8 1479.5 1475.3 1470.9 1465.1 
 1459.4 1453 1445.9 1437.7 1429.1 1419.8 1410.5 1399.8 1388.6 1377.1 
 1364.5 1351.9 1339 1325.1 1310.9 1296 1280.9 1265.5 1249.3 1233.1 
 1216.2 1199.1 1181.3 1163.5 1145.2 1126.7 1107.9 1088.7 1069.2 1049.5 
 1029.5 1009.2 988.8 967.93 946.99 926.24 905.19 883.72 862.25 840.47 
 818.47 796.6 774.32 752.54 729.96 707.62 685.13 662.65 640.28 617.48 
 595.1 572.37 549.69 526.97 504.65 482.1 459.58 437.17 414.87 392.79 
 370.71 348.91 327.1 305.42 284.11 262.93 242.35 221.91 201.73 181.95 
 162.57 143.69 124.95 106.98 89.39 72.048 55.539 39.496 24.215 10.695 
 3.0047 2.5714 2.621 2.7045 2.7965 2.8936 2.9963 3.1326 3.2447 3.3735 
 3.4961 3.634 3.7557 3.8847 4.0091 4.146 4.268 4.4053 4.5404 4.6699 
 4.8206 4.95 5.0855 5.2218 5.3523 5.4951 5.6191 5.7554 5.897 6.0402 
 6.1898 6.3192 6.4555 6.599 6.7406 6.8899 7.0193 7.162 7.3109 7.4544 
 7.6037 7.7517 7.8832 8.0384 8.1748 8.3301 8.4591 8.5954 8.7446 8.8888 
 9.0114 9.147 9.2786 9.4127 9.537 9.6542 9.7774 9.8862 10.004 10.107 
 10.218 10.329 10.432 10.529 10.626 10.725 10.821 10.899 10.99 11.061 
 11.139 11.21 11.281 11.334 11.398 11.463 11.522 11.587 11.652 11.697 
 11.761 11.788 11.827 11.91 11.957 11.995 12.002 12.002 12.002 12.002 
 12.035 
1485 1486.1 1485.6 1484.3 1482.6 1480 1476.9 1472.6 1467.8 1461.9 
 1456.1 1449.2 1441.3 1433.4 1424.3 1414.7 1404.8 1394 1382.9 1371.1 
 1358.6 1345.5 1332.4 1317.9 1303.5 1288.3 1272.9 1256.9 1240.8 1224.1 
 1206.9 1189.5 1171.8 1153.8 1135 1116.2 1097.1 1077.9 1058.3 1038.4 
 1018.1 997.76 976.98 956.41 935.46 914.65 893.02 871.78 850.43 828.64 
 806.8 784.88 762.98 740.86 718.52 696.29 674.16 651.76 629.37 606.86 
 584.13 561.89 539.5 516.8 494.4 472.06 449.5 427.39 405.12 383.21 
 361.32 339.8 318.27 296.99 276.14 255.31 234.99 214.89 195.83 176.78 
 157.63 139.03 120.79 102.94 85.629 68.637 52.209 36.596 21.878 9.454 
 2.9853 2.4396 2.4458 2.5235 2.6267 2.7169 2.8281 2.9373 3.061 3.1911 
 3.3086 3.4313 3.5539 3.6847 3.8137 3.9439 4.0737 4.2081 4.3397 4.4752 
 4.6058 4.7533 4.8787 5.0203 5.1501 5.2856 5.4215 5.5578 5.6894 5.8367 
 5.9795 6.123 6.2526 6.402 6.5444 6.6936 6.8361 6.9739 7.1151 7.2651 
 7.4131 7.556 7.6938 7.8474 8.0035 8.1408 8.2892 8.4396 8.5763 8.7191 
 8.8611 8.9974 9.1397 9.2885 9.4185 9.549 9.671 9.7953 9.9063 10.023 
 10.145 10.268 10.367 10.482 10.575 10.678 10.776 10.885 10.963 11.054 
 11.132 11.217 11.275 11.34 11.398 11.477 11.541 11.613 11.678 11.729 
 11.775 11.826 11.859 11.891 11.924 11.944 11.957 11.969 11.97 11.97 
 12.035 
1485 1478.6 1478.2 1477.1 1474.9 1472.1 1468.7 1464.1 1459.3 1453.9 
 1448 1440.9 1433.1 1425.2 1416.6 1406.9 1396.7 1386 1374.8 1362.6 
 1350.3 1337.3 1324.1 1310.2 1296 1280.5 1265.1 1249 1232.8 1216.1 
 1199.2 1181.6 1164 1146.1 1127.5 1108.6 1089.5 1070.2 1050.4 1030.6 
 1010.2 989.95 969.36 948.83 928.17 907.03 885.73 864.64 843.2 821.58 
 799.88 778.06 756.34 734.44 712.24 690.18 668.02 645.79 623.59 601.12 
 578.81 556.37 534.04 511.63 489.41 467.42 445.18 422.94 401.01 379.49 
 357.89 336.25 315.22 293.95 273.5 252.94 232.65 212.82 193.85 174.87 
 155.94 137.56 119.45 101.67 84.47 67.659 51.355 35.784 21.327 9.0985 
 2.3387 1.6161 1.6024 1.6089 1.674 1.7381 1.81 1.8941 1.9789 2.0755 
 2.1668 2.2505 2.3416 2.4329 2.5426 2.6465 2.7444 2.8486 2.9641 3.0677 
 3.1783 3.2827 3.4001 3.5166 3.6254 3.737 3.8729 3.9765 4.099 4.2298 
 4.3592 4.4754 4.6119 4.7492 4.8657 5.0005 5.1368 5.2742 5.4165 5.5334 
 5.6765 5.8128 5.96 6.1036 6.2484 6.4089 6.5449 6.7014 6.8514 6.9991 
 7.1556 7.3045 7.4533 7.5961 7.7453 7.895 8.0248 8.1852 8.3233 8.4729 
 8.627 8.7653 8.9073 9.0489 9.192 9.3223 9.4719 9.6013 9.73 9.8726 
 10.01 10.133 10.262 10.4 10.536 10.665 10.802 10.905 11.029 11.139 
 11.269 11.367 11.483 11.574 11.651 11.729 11.801 11.872 11.931 11.996 
 12.035 
1485 1482.1 1481.8 1480.4 1478.6 1476.3 1472.6 1468.6 1464 1458.4 
 1452.2 1444.9 1437.2 1429.2 1420.3 1411.1 1400.4 1390.1 1378.8 1367.1 
 1354.7 1341.7 1328.3 1314.1 1299.8 1284.9 1269.7 1253.9 1237.7 1221.3 
 1204.1 1186.8 1168.6 1150.6 1132.4 1113.7 1094.7 1075.4 1055.7 1036.2 
 1015.9 995.56 974.99 954.48 933.58 912.61 891.57 870.06 848.83 827.13 
 805.55 783.72 761.73 739.76 717.61 695.53 673.31 651.18 628.75 606.67 
 584.29 561.89 539.4 516.97 494.71 472.43 450.4 428.05 406.24 384.69 
 363.15 341.57 320.37 299.01 278.25 257.53 237.19 217.12 197.38 178.11 
 158.84 140.32 122.06 104.11 86.787 69.73 53.26 37.425 22.718 9.9264 
 2.4875 1.6219 1.6289 1.6738 1.7333 1.8106 1.8688 1.9599 2.0448 2.1346 
 2.2201 2.3173 2.4077 2.5054 2.6089 2.7133 2.8173 2.9137 3.0173 3.1405 
 3.2443 3.3492 3.4721 3.5828 3.6983 3.8161 3.9319 4.0484 4.1652 4.2953 
 4.4122 4.5436 4.6656 4.8012 4.9306 5.0752 5.2107 5.3463 5.4898 5.6257 
 5.7677 5.9125 6.0597 6.2095 6.3738 6.5282 6.684 6.838 7.0011 7.1578 
 7.3186 7.4757 7.6382 7.788 7.942 8.0917 8.2483 8.4027 8.5516 8.7008 
 8.8516 8.9936 9.1364 9.2859 9.4268 9.5703 9.713 9.842 9.973 10.108 
 10.238 10.368 10.498 10.622 10.751 10.868 10.985 11.088 11.198 11.302 
 11.393 11.477 11.568 11.639 11.691 11.743 11.808 11.866 11.911 11.97 
 12.035 
1485 1482.4 1481.9 1480.5 1478.3 1475.5 1472.1 1468.1 1463.3 1457.8 
 1451.9 1445.2 1437.6 1429.5 1420.9 1411.7 1401.4 1390.8 1380.1 1368.6 
 1356 1343.6 1330.3 1316.7 1302.2 1287.2 1272.4 1256.9 1240.6 1224.3 
 1207.4 1190.2 1172.7 1155.1 1136.7 1118.1 1099.4 1080.2 1061.1 1041.2 
 1021.2 1000.9 980.64 960.11 939.44 918.37 897.21 875.89 854.52 833.04 
 811.6 789.62 767.64 745.88 723.65 701.62 679.1 656.98 634.78 612.23 
 589.97 567.45 545.33 522.9 500.75 478.4 455.99 433.66 411.41 389.56 
 367.37 345.57 324.32 302.79 281.73 260.8 240.4 219.96 200.7 181.45 
 162.15 143.31 124.83 106.84 89.155 72.133 55.357 39.26 23.977 10.301 
 2.3444 1.7264 1.7063 1.7127 1.7516 1.8093 1.888 1.9652 2.0625 2.1467 
 2.2382 2.3409 2.4316 2.5361 2.6405 2.743 2.8541 2.9517 3.0611 3.1792 
 3.295 3.4045 3.5282 3.6331 3.7622 3.8852 3.9965 4.1181 4.241 4.3729 
 4.5141 4.6645 4.8254 4.9803 5.118 5.2155 5.3249 5.474 5.6116 5.7612 
 5.9088 6.0649 6.2211 6.3639 6.5334 6.693 6.857 7.0047 7.1599 7.3298 
 7.4792 7.634 7.7971 7.9411 8.0948 8.2388 8.3937 8.5422 8.6854 8.8221 
 8.9591 9.1149 9.2576 9.3989 9.5166 9.66 9.7771 9.9059 10.029 10.153 
 10.263 10.385 10.509 10.627 10.744 10.852 10.963 11.066 11.165 11.269 
 11.359 11.43 11.515 11.587 11.652 11.722 11.781 11.833 11.905 11.95 
 12.035 
1485 1482.9 1481.9 1480.5 1478.1 1475.2 1471.5 1467.5 1462.7 1457.2 
 1451.4 1444.7 1437.3 1429.2 1420.8 1411.7 1401.8 1391.2 1380.7 1369.3 
 1357.3 1344.9 1332.1 1318.4 1304.4 1290 1274.7 1259.6 1243.6 1227.8 
 1210.9 1194.4 1176.7 1159.4 1141.4 1122.9 1104.6 1085.5 1066.2 1046.8 
 1027.1 1007.1 986.86 966.61 946.03 925.02 904.19 882.77 861.69 840.06 
 818.42 796.94 775.01 753.21 731.08 709.22 686.99 664.35 642.15 619.83 
 597.43 574.97 552.78 530.1 507.73 485.44 462.96 440.76 418.64 396.94 
 375.24 353.45 332.01 310.43 289.19 268.17 247.43 226.91 206.84 186.98 
 167.37 148.39 129.74 111.43 93.731 76.281 59.459 43.184 27.637 13.04 
 2.6212 1.8619 1.8621 1.8755 1.9144 1.9727 2.0377 2.1216 2.2192 2.3109 
 2.4074 2.5116 2.6162 2.7187 2.8362 2.9325 3.0496 3.1608 3.271 3.3942 
 3.511 3.6285 3.7512 3.8796 3.9913 4.1208 4.2495 4.3815 4.5167 4.6522 
 4.79 4.9263 5.0675 5.2034 5.3458 5.4896 5.6131 5.7684 5.9104 6.0601 
 6.2239 6.3724 6.528 6.67 6.8254 6.9885 7.151 7.2999 7.4492 7.604 
 7.7529 7.9029 8.0518 8.1941 8.3452 8.4801 8.6371 8.7671 8.9079 9.0326 
 9.1869 9.3034 9.4465 9.5892 9.7122 9.8362 9.9599 10.09 10.212 10.323 
 10.446 10.562 10.673 10.783 10.894 10.992 11.089 11.186 11.283 11.367 
 11.458 11.529 11.607 11.685 11.736 11.808 11.866 11.931 11.983 12.028 
 12.035 
1485 1486.9 1485.9 1483.9 1481.6 1478.5 1474.5 1470.5 1465.2 1459.8 
 1453.4 1446.2 1438.9 1430.9 1422.1 1412.9 1403 1393.1 1382 1370.4 
 1358.8 1346.1 1333.1 1319.5 1305.5 1291.1 1275.9 1260.9 1245 1229 
 1212.3 1195.2 1177.9 1160.4 1142.7 1124 1105.5 1086.5 1067.4 1047.7 
 1028 1007.9 987.75 967.25 946.67 925.73 905.05 883.51 862.47 840.8 
 819.29 797.28 775.25 753.63 731.21 709.18 686.66 664.2 641.89 619.47 
 597.06 574.42 551.87 529.37 506.93 484.49 461.96 439.48 416.98 395.02 
 372.86 351.01 329.42 307.87 286.77 265.61 244.93 224.27 204.89 185.51 
 166 147.01 128.5 110.39 92.715 75.545 58.871 42.867 27.662 13.418 
 2.7702 2.2966 2.1538 2.0827 2.0567 2.0633 2.0957 2.1547 2.2632 2.362 
 2.4723 2.5762 2.6911 2.8027 2.9253 3.0425 3.1644 3.2755 3.4069 3.5298 
 3.6471 3.7815 3.8933 4.0288 4.1583 4.2891 4.4186 4.5548 4.6896 4.8263 
 4.9755 5.1004 5.2431 5.3854 5.5199 5.669 5.8195 5.9558 6.1111 6.2668 
 6.4161 6.5593 6.7219 6.8711 7.0209 7.18 7.331 7.4742 7.6239 7.7727 
 7.9219 8.0639 8.214 8.3559 8.493 8.6361 8.7781 8.9068 9.0495 9.1744 
 9.3216 9.4529 9.5767 9.7114 9.8481 9.966 10.096 10.212 10.334 10.432 
 10.556 10.671 10.77 10.887 10.99 11.093 11.184 11.27 11.366 11.437 
 11.509 11.574 11.652 11.723 11.775 11.833 11.879 11.925 11.97 12.015 
 12.035 
