IESNA:LM-63-2002
[TEST] 1
[TESTLAB] 
[TESTDATE] 2025-02-21
[ISSUEDATE] 2025-02-21 11:14:39
[LAMPPOSITION] 0,0
[OTHER] EVERFINE GO-2000A_V1 SYSTEM
[MANUFAC] 
[LUMINAIRE] 35W-6500K
[LAMP] DB77E-4-50L-UD-P-A5W5C5
TILT=NONE
1 4560.7 1 181 17 1 2 0.060 1.200 0.000
1.000 1 34.4367
0.0    1.0    2.0    3.0    4.0    5.0    6.0    7.0    8.0    9.0    
 10.0   11.0   12.0   13.0   14.0   15.0   16.0   17.0   18.0   19.0   
 20.0   21.0   22.0   23.0   24.0   25.0   26.0   27.0   28.0   29.0   
 30.0   31.0   32.0   33.0   34.0   35.0   36.0   37.0   38.0   39.0   
 40.0   41.0   42.0   43.0   44.0   45.0   46.0   47.0   48.0   49.0   
 50.0   51.0   52.0   53.0   54.0   55.0   56.0   57.0   58.0   59.0   
 60.0   61.0   62.0   63.0   64.0   65.0   66.0   67.0   68.0   69.0   
 70.0   71.0   72.0   73.0   74.0   75.0   76.0   77.0   78.0   79.0   
 80.0   81.0   82.0   83.0   84.0   85.0   86.0   87.0   88.0   89.0   
 90.0   91.0   92.0   93.0   94.0   95.0   96.0   97.0   98.0   99.0   
 100.0  101.0  102.0  103.0  104.0  105.0  106.0  107.0  108.0  109.0  
 110.0  111.0  112.0  113.0  114.0  115.0  116.0  117.0  118.0  119.0  
 120.0  121.0  122.0  123.0  124.0  125.0  126.0  127.0  128.0  129.0  
 130.0  131.0  132.0  133.0  134.0  135.0  136.0  137.0  138.0  139.0  
 140.0  141.0  142.0  143.0  144.0  145.0  146.0  147.0  148.0  149.0  
 150.0  151.0  152.0  153.0  154.0  155.0  156.0  157.0  158.0  159.0  
 160.0  161.0  162.0  163.0  164.0  165.0  166.0  167.0  168.0  169.0  
 170.0  171.0  172.0  173.0  174.0  175.0  176.0  177.0  178.0  179.0  
 180.0  
0.0    22.5   45.0   67.5   90.0   112.5  135.0  157.5  180.0  202.5  
 225.0  247.5  270.0  292.5  315.0  337.5  360.0  
1698.6 1700.5 1700 1697.4 1694.4 1691.3 1686.9 1681.7 1676.1 1669.5 
 1662.4 1654.5 1646 1637 1626.8 1616.3 1604.8 1592.8 1580.4 1567.4 
 1553.5 1539.2 1524.1 1508.7 1493.1 1476.2 1459 1442 1424.2 1405.1 
 1386 1366.5 1347 1326.8 1306.2 1285 1263.7 1241.8 1220.1 1197.7 
 1175.4 1152.3 1129.1 1106 1082.4 1058.5 1034.5 1010.2 985.68 960.78 
 936.38 911.34 886.22 861.54 835.94 810.47 785.15 759.6 734 707.96 
 682.49 656.31 630.99 605.09 579.34 553.59 527.91 502.44 476.9 451.71 
 426.33 401.28 376.53 351.84 327.32 303.5 280.03 256.54 233.41 211.13 
 189.31 168 146.9 126.12 105.86 86.333 67.162 48.934 31.539 15.299 
 3.1795 2.595 2.4341 2.4352 2.4364 2.4375 2.4387 2.4398 2.5428 2.6728 
 2.79 2.9269 3.0499 3.1783 3.3026 3.4264 3.574 3.7115 3.8466 3.9764 
 4.1207 4.2635 4.4062 4.5475 4.6894 4.8537 5.0069 5.1522 5.301 5.4555 
 5.6112 5.7609 5.9222 6.078 6.2351 6.4038 6.5716 6.7463 6.909 7.0792 
 7.2525 7.4336 7.5969 7.773 7.9483 8.1275 8.2972 8.4734 8.6347 8.8089 
 8.9648 9.1334 9.3086 9.4666 9.6267 9.7829 9.9467 10.094 10.257 10.414 
 10.562 10.718 10.861 11.008 11.151 11.282 11.419 11.561 11.69 11.826 
 11.957 12.086 12.216 12.332 12.456 12.567 12.669 12.774 12.871 12.968 
 13.047 13.131 13.221 13.292 13.364 13.423 13.468 13.546 13.592 13.631 
 13.663 
1698.6 1704.6 1703.2 1700.6 1697.9 1694.3 1689.3 1684.2 1678.2 1671.6 
 1664 1655.8 1647.1 1637.6 1627 1616.7 1604.9 1592.7 1579.8 1566.4 
 1552.6 1537.4 1522.4 1506.8 1490.6 1473.6 1456.3 1438.7 1420.2 1401.4 
 1382.4 1362.6 1342.6 1322.1 1301.3 1279.9 1258.7 1236.9 1214.6 1191.9 
 1169.2 1146.4 1123.2 1099.7 1075.9 1051.8 1027.9 1003.3 978.77 953.94 
 929.12 904.29 878.97 853.99 828.24 802.92 777.38 751.62 725.66 699.91 
 674.15 648.26 622.58 596.68 570.79 545.03 519.14 493.61 468.13 442.74 
 417.5 392.92 368.34 343.59 319.2 295.37 271.51 248.17 225.03 202.43 
 179.94 158.35 137.04 116.24 96.21 76.532 57.686 39.635 22.473 7.4499 
 2.2572 2.1994 2.2123 2.2318 2.291 2.3621 2.4592 2.5639 2.667 2.7843 
 2.8948 3.0184 3.1415 3.2712 3.3944 3.5113 3.6397 3.7774 3.9065 4.0366 
 4.1665 4.3101 4.4524 4.5951 4.7311 4.8731 5.0223 5.1664 5.3217 5.4705 
 5.6139 5.7756 5.9314 6.0927 6.2485 6.4163 6.572 6.7434 6.9048 7.0722 
 7.2547 7.4162 7.5973 7.7736 7.9556 8.123 8.3001 8.4734 8.65 8.8238 
 8.9994 9.1677 9.3299 9.4991 9.6673 9.8183 9.9738 10.142 10.305 10.46 
 10.621 10.776 10.919 11.063 11.219 11.361 11.498 11.641 11.769 11.906 
 12.029 12.152 12.282 12.399 12.51 12.626 12.729 12.821 12.924 13.015 
 13.113 13.19 13.268 13.339 13.39 13.449 13.495 13.546 13.592 13.618 
 13.663 
1698.6 1702.9 1701 1698.6 1695.3 1691.3 1686.3 1680.6 1674.1 1667.4 
 1659 1650.5 1640.8 1631 1620.1 1609.2 1596.8 1583.9 1570.2 1556.1 
 1541.6 1526.3 1510.8 1494.1 1477.4 1459.8 1441.7 1423.9 1404.4 1385.2 
 1365.2 1345.3 1324.7 1303.5 1282.5 1260.5 1238.7 1216.6 1193.9 1170.9 
 1148.1 1125 1101.2 1077.6 1053.4 1029.3 1004.7 980.03 955.07 930.38 
 905.71 880.53 855.64 829.95 804.62 778.95 753.48 727.66 701.83 676.15 
 650.68 624.58 598.96 573.43 547.82 522.28 496.74 471.13 445.8 420.62 
 395.3 370.67 346.07 321.66 297.57 274.03 250.84 227.73 205.95 184.17 
 162.37 141.23 120.62 100.5 80.96 62.025 43.775 26.547 11.418 2.7417 
 2.0628 2.0566 2.0629 2.1212 2.2056 2.3016 2.3864 2.4908 2.5947 2.7108 
 2.8215 2.945 3.0667 3.1769 3.3019 3.4249 3.5596 3.6838 3.8081 3.9372 
 4.0791 4.2029 4.3447 4.4822 4.6113 4.7659 4.9097 5.0528 5.1834 5.3434 
 5.4811 5.6223 5.7842 5.9349 6.0846 6.2509 6.415 6.5832 6.7515 6.9151 
 7.0898 7.2631 7.4324 7.6149 7.7842 7.9658 8.1332 8.3024 8.4909 8.6652 
 8.8212 8.9902 9.1589 9.3272 9.471 9.653 9.8149 9.9642 10.125 10.281 
 10.449 10.663 10.896 11.152 11.386 11.606 11.781 11.917 12.053 12.163 
 12.267 12.364 12.468 12.54 12.636 12.74 12.832 12.903 12.994 13.078 
 13.136 13.209 13.279 13.338 13.384 13.429 13.474 13.533 13.578 13.617 
 13.663 
1698.6 1698.9 1696.9 1694.4 1690.8 1686.5 1681.1 1675.5 1668.6 1661.1 
 1653 1644.2 1634.4 1624 1612.7 1600.8 1588.2 1575 1561.2 1546.6 
 1531.6 1516.1 1499.8 1483.4 1466.2 1448.2 1429.9 1411.1 1391.8 1372.1 
 1351.7 1331.1 1310 1288.8 1267.1 1245.1 1223.1 1200.6 1177.6 1154.5 
 1131.2 1107.8 1084 1060.2 1035.9 1011.5 987.33 962.37 937.4 912.93 
 887.83 862.79 837.68 812.63 787.09 761.77 736.3 710.54 684.94 659.32 
 633.86 608.11 582.64 557.1 531.57 506.24 480.71 455.53 430.85 406.3 
 381.86 357.41 333.16 309.21 285.66 262.36 239.42 216.82 194.82 173.24 
 151.82 131.14 110.93 91.131 72.155 53.584 35.945 19.812 7.3607 2.2212 
 1.9271 1.9533 2.0112 2.0896 2.1806 2.2581 2.3566 2.4598 2.5564 2.6799 
 2.7844 2.9015 3.0115 3.1224 3.2517 3.3692 3.4911 3.6088 3.7449 3.869 
 3.9981 4.1268 4.2505 4.3935 4.5166 4.6601 4.8009 4.9376 5.0819 5.2239 
 5.3603 5.5163 5.6532 5.8076 5.9561 6.1134 6.2619 6.419 6.5799 6.7365 
 6.892 7.0671 7.2345 7.4037 7.5724 7.7481 7.9224 8.0989 8.2668 8.4423 
 8.6057 8.7845 8.955 9.1219 9.2923 9.4477 9.6155 9.7731 9.9404 10.103 
 10.264 10.414 10.556 10.707 10.854 11.01 11.155 11.303 11.438 11.581 
 11.717 11.854 11.983 12.114 12.256 12.374 12.489 12.607 12.723 12.826 
 12.931 13.022 13.131 13.216 13.293 13.365 13.423 13.488 13.559 13.611 
 13.663 
1698.6 1689.7 1688 1684.7 1681.6 1676.8 1671.4 1665.2 1658.7 1650.7 
 1642.2 1632.8 1623.4 1613.1 1601.3 1589.5 1576.3 1563.2 1548.8 1534.5 
 1519.4 1503.4 1487.3 1470.4 1452.9 1435.3 1416.9 1397.5 1378.3 1358.7 
 1338.5 1317.5 1297.2 1275.4 1253.5 1231.8 1209.7 1186.9 1164.5 1141.3 
 1117.8 1094.4 1070.7 1046.8 1022.8 998.76 973.86 949.32 924.92 900.03 
 875.14 850.3 825.47 800.22 774.82 749.93 724.53 699.28 673.6 648.14 
 622.66 597.13 571.94 546.33 521.37 496.25 470.95 446.33 421.63 397.37 
 373.12 348.98 325.29 301.51 278.49 255.44 232.92 210.72 188.97 167.43 
 146.54 126.24 106.28 86.794 67.937 49.862 32.672 17.342 6.4911 2.8539 
 2.8027 2.8942 2.9776 3.1018 3.2126 3.3495 3.4787 3.6138 3.7573 3.8925 
 4.0303 4.1723 4.3212 4.4761 4.621 4.775 4.9247 5.0816 5.2288 5.3781 
 5.5415 5.6835 5.8518 5.9942 6.1576 6.313 6.4748 6.6365 6.795 6.9614 
 7.1111 7.2739 7.4412 7.5922 7.7471 7.908 8.0651 8.2394 8.3956 8.5647 
 8.7283 8.89 9.044 9.2058 9.3628 9.5178 9.6937 9.8349 10.005 10.146 
 10.303 10.466 10.622 10.757 10.906 11.036 11.166 11.308 11.452 11.589 
 11.711 11.84 11.944 12.067 12.184 12.289 12.393 12.503 12.592 12.683 
 12.781 12.859 12.931 13.002 13.092 13.17 13.249 13.319 13.391 13.449 
 13.514 13.553 13.605 13.663 13.702 13.715 13.715 13.715 13.708 13.708 
 13.663 
1698.6 1694.2 1692.4 1689.7 1685.8 1681.7 1676.6 1670.6 1663.7 1656.8 
 1648.7 1639.5 1629.5 1619.1 1608.1 1596.7 1584.1 1570.5 1556.8 1542.4 
 1527.4 1511.8 1495.2 1478.4 1461.8 1443.8 1425.5 1406.7 1387.2 1367.6 
 1347.2 1327 1306.1 1284.9 1263 1241.1 1219 1196.5 1174 1150.8 
 1127.7 1104.1 1080.3 1056.4 1032.3 1008 983.4 959.05 934.4 909.35 
 884.45 859.49 834.31 808.91 783.65 758.48 732.66 707.12 681.72 656.04 
 630.72 605.04 579.63 553.75 528.7 503.1 477.77 452.79 427.75 402.87 
 378.18 353.99 329.95 305.97 282.73 259.46 236.63 214.37 192.98 171.58 
 150.41 129.85 109.49 89.79 70.764 52.292 34.788 18.799 7.0188 2.9649 
 2.8556 2.9189 3.0165 3.1256 3.2551 3.3734 3.5149 3.6561 3.7997 3.9303 
 4.0807 4.2279 4.3654 4.519 4.6683 4.8127 4.9744 5.1311 5.286 5.4472 
 5.5899 5.7535 5.9021 6.0637 6.2255 6.3895 6.5448 6.7126 6.8749 7.0315 
 7.186 7.3417 7.5056 7.6679 7.8236 7.9841 8.1527 8.3103 8.479 8.6344 
 8.809 8.9592 9.1206 9.2837 9.4455 9.6077 9.769 9.9257 10.093 10.236 
 10.393 10.547 10.704 10.841 10.989 11.113 11.249 11.378 11.508 11.631 
 11.755 11.871 11.969 12.084 12.195 12.299 12.377 12.469 12.553 12.63 
 12.709 12.78 12.851 12.904 12.981 13.059 13.124 13.189 13.24 13.292 
 13.338 13.371 13.403 13.448 13.5 13.533 13.552 13.572 13.579 13.579 
 13.663 
1698.6 1694.8 1693.3 1690.9 1687.9 1684.2 1679.4 1674 1667.6 1660.6 
 1652.9 1644.4 1635.4 1625.5 1614.9 1603.5 1591.3 1578.7 1565.5 1552.2 
 1537.9 1522.5 1506.8 1490.6 1473.6 1456.5 1438.9 1420.6 1401.8 1382.7 
 1362.8 1343.1 1322.5 1301.6 1280.3 1258.8 1237 1214.7 1192.3 1169.4 
 1146.4 1123.6 1100 1076.1 1052 1027.9 1003.5 978.62 954.37 929.47 
 904.51 879.46 854.37 829.38 803.78 778.31 752.56 727.09 701.41 675.87 
 650.41 624.94 599.12 573.37 548.11 522.64 497.03 471.71 446.46 421.27 
 396.76 372.25 347.51 323.14 299.39 275.62 252.51 229.5 206.89 184.77 
 163.16 141.92 121.07 100.98 81.26 62.295 44.038 26.639 11.472 3.4149 
 3.043 3.1076 3.2055 3.3097 3.4266 3.5554 3.6977 3.8413 3.9768 4.1329 
 4.2688 4.4241 4.5742 4.7299 4.8844 5.0293 5.1791 5.3409 5.5078 5.651 
 5.8012 5.9703 6.1308 6.2874 6.4548 6.611 6.7732 6.9285 7.0916 7.2538 
 7.4166 7.5851 7.735 7.9019 8.0581 8.2207 8.3825 8.5461 8.7121 8.8817 
 9.044 9.2067 9.3768 9.544 9.6989 9.8563 10.004 10.167 10.317 10.472 
 10.621 10.776 10.927 11.062 11.204 11.333 11.457 11.599 11.716 11.853 
 11.969 12.087 12.184 12.295 12.399 12.515 12.605 12.703 12.787 12.872 
 12.949 13.02 13.079 13.124 13.209 13.293 13.332 13.397 13.442 13.488 
 13.533 13.559 13.592 13.63 13.65 13.656 13.656 13.656 13.656 13.656 
 13.663 
1698.6 1695.9 1694.8 1692.3 1689.8 1686.3 1681.6 1676.5 1670.6 1664.3 
 1656.7 1648.8 1640.2 1630.6 1620.6 1609.9 1598.4 1586.9 1573.8 1560.5 
 1546.5 1531.7 1517 1501.2 1484.5 1468.1 1450.9 1432.9 1414.7 1396.3 
 1376.8 1357.5 1337.6 1317 1296.3 1274.9 1253.5 1231.6 1209.4 1187 
 1164.2 1141.4 1118.2 1094.4 1070.6 1046.4 1022.3 997.92 973.33 948.72 
 924.03 898.85 873.75 848.56 823.24 797.92 772.17 746.77 721.09 695.05 
 669.3 643.69 617.87 591.69 566.22 540.82 515.07 489.67 464.06 438.81 
 413.49 388.44 363.75 339.15 315.11 290.98 267.57 244.13 221.09 199.15 
 177.22 155.71 134.42 113.7 93.52 73.911 55.187 36.918 19.951 5.9763 
 3.2914 3.2568 3.2632 3.3532 3.4504 3.568 3.7092 3.8512 3.9951 4.1499 
 4.2928 4.4501 4.5989 4.7474 4.9163 5.0661 5.2154 5.3771 5.5269 5.6826 
 5.8366 5.9988 6.1747 6.3166 6.4807 6.6352 6.7901 6.9591 7.1223 7.2841 
 7.4527 7.6099 7.7716 7.9257 8.0814 8.2564 8.4064 8.568 8.732 8.9003 
 9.0561 9.2174 9.3672 9.5417 9.6908 9.8469 9.9958 10.157 10.313 10.455 
 10.612 10.755 10.91 11.033 11.17 11.308 11.424 11.547 11.697 11.813 
 11.937 12.046 12.156 12.254 12.372 12.481 12.566 12.657 12.741 12.832 
 12.897 12.98 13.033 13.085 13.163 13.235 13.292 13.345 13.397 13.436 
 13.474 13.52 13.539 13.572 13.598 13.617 13.637 13.65 13.65 13.65 
 13.663 
1698.6 1700.8 1699.7 1698.2 1695.8 1692.4 1688.9 1683.6 1678.1 1672.2 
 1664.9 1657.5 1649.4 1640.2 1630.8 1620.5 1609.5 1597.8 1585.1 1572.4 
 1558.9 1544.7 1530.1 1514.7 1498.5 1482.3 1465.5 1448.4 1429.9 1411.7 
 1392.7 1373.5 1353.9 1333.8 1313.2 1291.9 1270.8 1249.1 1227.1 1205 
 1182 1159.4 1135.9 1112.7 1089.1 1065.1 1041.1 1016.5 992.03 967.26 
 942.45 917.26 892.16 867.26 841.65 816.25 790.36 764.39 738.71 712.39 
 686.99 660.74 634.84 608.59 582.98 557.16 531.12 505.79 479.9 454.5 
 428.82 404.43 379.57 354.72 330.29 305.87 282.19 258.52 235.43 212.54 
 190.26 168.47 146.9 126.19 105.83 85.905 67.036 48.558 31.219 15.139 
 3.6901 3.485 3.4774 3.5033 3.5488 3.6332 3.7364 3.8673 4.0149 4.1719 
 4.3263 4.4902 4.6387 4.8082 4.9558 5.1119 5.2673 5.4359 5.5921 5.7418 
 5.8925 6.0667 6.2216 6.3898 6.5512 6.7083 6.8696 7.0314 7.195 7.3567 
 7.5074 7.682 7.8184 7.9857 8.1471 8.3102 8.4651 8.6291 8.7831 8.9457 
 9.1088 9.2697 9.4264 9.5843 9.7447 9.8867 10.024 10.184 10.321 10.476 
 10.627 10.762 10.907 11.028 11.14 11.283 11.405 11.529 11.659 11.781 
 11.906 12.009 12.113 12.223 12.334 12.437 12.515 12.612 12.696 12.78 
 12.852 12.93 12.981 13.059 13.131 13.209 13.268 13.326 13.391 13.429 
 13.462 13.501 13.533 13.585 13.624 13.656 13.669 13.669 13.669 13.669 
 13.663 
1698.6 1705.2 1704.3 1702.4 1700.4 1697.7 1693.5 1688.8 1683.5 1677.4 
 1670.4 1662.6 1654.4 1645.5 1635.8 1625.9 1614.6 1602.6 1590.1 1577.1 
 1563.7 1549.5 1534.6 1519.3 1503.2 1486.7 1469.8 1452.3 1434.2 1415.9 
 1396.5 1377.2 1357.3 1337.5 1316.5 1295 1274.1 1252.4 1230.4 1207.7 
 1185.2 1162.2 1139 1115.6 1091.9 1068.1 1043.7 1018.8 994.51 969.75 
 944.73 919.54 894.29 869.03 843.36 817.89 792.13 766.31 740.28 714.31 
 688.27 662.45 636.27 610.02 584.05 557.59 532.04 506.29 480.47 455 
 429.11 404.19 378.88 354.19 329.73 305.25 281.58 257.8 234.62 211.69 
 189.71 168.2 146.54 125.62 105.13 85.196 66.007 47.428 29.667 13.329 
 3.5801 3.2143 3.2114 3.2499 3.3331 3.4438 3.5667 3.6967 3.8535 3.9963 
 4.1435 4.2948 4.4484 4.5981 4.7414 4.8979 5.0536 5.2093 5.363 5.5063 
 5.6563 5.8124 5.9746 6.1291 6.2848 6.4525 6.6084 6.7638 6.9199 7.0829 
 7.2396 7.4197 7.5689 7.725 7.8803 8.0484 8.2052 8.3614 8.5231 8.6862 
 8.8407 9.0024 9.1669 9.3209 9.4835 9.6329 9.7765 9.936 10.068 10.236 
 10.378 10.522 10.665 10.794 10.93 11.061 11.185 11.306 11.437 11.58 
 11.682 11.788 11.898 12.008 12.112 12.214 12.313 12.41 12.482 12.578 
 12.643 12.709 12.773 12.852 12.923 12.987 13.046 13.111 13.156 13.215 
 13.266 13.286 13.338 13.39 13.429 13.481 13.507 13.546 13.553 13.572 
 13.663 
1698.6 1704.2 1703.4 1701.9 1700 1696.8 1692.9 1688.4 1683 1677.2 
 1670.5 1663.2 1654.6 1645.4 1635.5 1624.9 1613.8 1601.7 1589.2 1575.8 
 1562.1 1548.1 1532.4 1516.8 1500.7 1483.8 1466.2 1448.7 1430.3 1411.6 
 1392.5 1372.7 1352.6 1332 1311.1 1289.5 1268.3 1246 1224 1201.2 
 1178.2 1155.4 1131.9 1108.3 1084.3 1060.2 1036 1011.4 986.83 961.99 
 937.17 911.91 886.53 861.48 835.87 810.33 784.65 758.97 733.14 707.04 
 681.43 655.46 629.49 603.61 578.27 552.23 526.13 500.66 475.05 449.52 
 424.12 399.35 374.59 349.93 325.61 301.38 277.67 254.21 231.21 208.6 
 186.4 164.78 143.51 122.84 102.58 82.973 63.922 45.535 28.135 12.524 
 3.5198 2.9456 3.0174 3.0962 3.2056 3.3153 3.4523 3.5828 3.7125 3.868 
 4.0036 4.1468 4.2952 4.4453 4.5937 4.7434 4.8923 5.0501 5.2037 5.3539 
 5.5095 5.6523 5.8013 5.9699 6.1256 6.2801 6.4363 6.5916 6.7611 6.9113 
 7.0739 7.2275 7.3833 7.5463 7.6943 7.8565 8.0213 8.1768 8.3446 8.5119 
 8.6702 8.851 9.0005 9.1674 9.3378 9.4923 9.654 9.8162 9.9664 10.128 
 10.279 10.435 10.603 10.738 10.88 11.011 11.16 11.29 11.418 11.548 
 11.678 11.789 11.898 12.016 12.127 12.223 12.34 12.431 12.521 12.619 
 12.697 12.768 12.833 12.898 12.976 13.054 13.125 13.177 13.242 13.293 
 13.352 13.391 13.449 13.527 13.585 13.624 13.65 13.643 13.643 13.643 
 13.663 
1698.6 1700.7 1699.9 1698.4 1696.3 1693 1689.7 1684.9 1679.8 1673 
 1666.3 1658.4 1649.8 1640.3 1630.2 1619.3 1608 1595.7 1582.8 1569 
 1554.9 1540.4 1525.1 1508.9 1492.3 1474.9 1457.7 1439.3 1420.5 1401.6 
 1382.6 1362 1341.6 1320.8 1299.4 1278 1256.1 1234 1211.5 1188.8 
 1165.9 1143 1119.3 1095.3 1071.4 1047.4 1023.1 998.08 973.67 948.86 
 923.89 898.85 873.67 848.34 822.89 797.49 772.02 746.42 720.87 695.27 
 669.52 643.83 617.8 591.9 566.43 540.82 515.07 489.88 464.49 439.38 
 414.13 389.51 364.75 340.43 316.66 292.71 269.77 246.67 224.1 202.45 
 180.81 159.69 138.69 118.36 98.381 79.107 60.204 42.394 25.448 11.15 
 3.4335 2.7946 2.8025 2.9059 3.0089 3.1186 3.2558 3.3786 3.5219 3.6507 
 3.7944 3.9428 4.0857 4.228 4.378 4.5273 4.6761 4.8331 4.9931 5.1373 
 5.2994 5.4491 5.6036 5.7585 5.909 6.0575 6.2204 6.3766 6.5453 6.7002 
 6.8573 7.019 7.1748 7.3353 7.4975 7.6533 7.8159 7.9785 8.1403 8.3099 
 8.4773 8.6478 8.8156 8.9788 9.1397 9.3148 9.478 9.6513 9.8081 9.9763 
 10.132 10.314 10.462 10.612 10.768 10.904 11.054 11.196 11.338 11.494 
 11.625 11.742 11.865 11.987 12.104 12.229 12.326 12.429 12.527 12.617 
 12.708 12.774 12.852 12.916 13.001 13.085 13.15 13.215 13.292 13.344 
 13.403 13.442 13.468 13.513 13.539 13.578 13.585 13.598 13.598 13.598 
 13.663 
1698.6 1691.1 1690.7 1689 1686.6 1683.4 1679.6 1675.4 1669.5 1663.2 
 1655.9 1647.9 1639.8 1630.2 1619.7 1609.4 1597.4 1585.1 1572.4 1559 
 1545 1530.1 1514.5 1498.3 1481.9 1464.7 1447.2 1429.3 1410.5 1391.7 
 1372.4 1352.4 1331.4 1310.8 1289.6 1268 1246.2 1224.5 1201.8 1179.3 
 1156.4 1132.9 1109.7 1086.3 1062.1 1038.1 1013.9 989.37 965.06 940.37 
 915.56 890.86 865.62 840.79 815.53 790.5 764.89 739.63 714.03 688.49 
 662.74 637.26 611.8 586.12 560.73 535.33 510 484.96 459.71 434.81 
 409.92 385.37 361.34 337.21 313.53 289.97 266.8 244.02 221.65 200.25 
 178.86 157.95 137.01 116.69 97.21 77.885 59.31 41.214 24.757 10.71 
 2.6793 1.8297 1.823 1.8294 1.9004 1.9788 2.0561 2.1468 2.2446 2.3412 
 2.4455 2.5488 2.6529 2.7693 2.8791 3.0025 3.1136 3.2365 3.3533 3.4692 
 3.5927 3.7239 3.859 3.976 4.1053 4.243 4.3914 4.5213 4.65 4.7942 
 4.9362 5.066 5.2212 5.3637 5.508 5.6573 5.8177 5.9618 6.1232 6.2729 
 6.4338 6.5964 6.7591 6.9287 7.0836 7.2596 7.4413 7.6082 7.7779 7.9521 
 8.1149 8.284 8.4537 8.621 8.7902 8.9515 9.1073 9.2759 9.4322 9.6009 
 9.77 9.9323 10.094 10.255 10.419 10.568 10.728 10.885 11.04 11.191 
 11.345 11.495 11.651 11.794 11.956 12.098 12.242 12.384 12.526 12.65 
 12.78 12.909 13.038 13.143 13.241 13.331 13.416 13.481 13.559 13.624 
 13.663 
1698.6 1695.7 1695.4 1693.8 1691.8 1688.7 1685 1680.2 1674.9 1668.6 
 1661.4 1653.5 1644.9 1635.8 1625.3 1614.2 1602.9 1590.5 1577.5 1564.2 
 1550.2 1535.4 1519.9 1503.9 1488 1470.9 1453.2 1435.4 1416.6 1397.8 
 1378.2 1358.4 1337.8 1317.4 1296.3 1274.4 1252.9 1231 1208.2 1185.9 
 1162.9 1139.6 1116.4 1092.9 1068.9 1044.8 1020.9 996.46 971.64 947.1 
 922.41 897.38 872.33 847.29 821.68 796.71 771.32 745.92 720.31 694.7 
 669.16 643.48 617.87 592.26 566.8 541.47 515.79 490.54 465.57 440.46 
 415.72 391.44 367.15 342.92 319.05 295.49 272.09 249.07 226.48 204.4 
 182.54 161.33 140.36 119.86 99.851 80.476 61.6 43.516 26.571 11.793 
 2.8911 1.8232 1.8431 1.8948 1.9593 2.0321 2.1153 2.2062 2.298 2.4076 
 2.5048 2.6148 2.7201 2.8299 2.9464 3.0628 3.1675 3.2965 3.4127 3.5363 
 3.6536 3.7903 3.9074 4.0431 4.1663 4.3082 4.4315 4.5685 4.7048 4.8404 
 4.9839 5.1271 5.2751 5.4176 5.5741 5.7286 5.8779 6.0358 6.1962 6.3471 
 6.5277 6.689 6.8642 7.0293 7.2038 7.3908 7.5586 7.7478 7.9291 8.1231 
 8.2795 8.4676 8.6497 8.819 8.9996 9.1697 9.3376 9.5113 9.6814 9.8483 
 10.026 10.188 10.356 10.518 10.679 10.835 10.993 11.146 11.296 11.453 
 11.601 11.75 11.9 12.041 12.184 12.321 12.456 12.575 12.697 12.813 
 12.917 13.028 13.131 13.196 13.268 13.339 13.404 13.462 13.527 13.566 
 13.663 
1698.6 1695.7 1694.8 1693.4 1690.9 1688 1683.6 1679.1 1674.1 1667.8 
 1660.9 1653.1 1645.1 1635.5 1625.2 1614.9 1603.5 1591.8 1578.5 1565.3 
 1551.6 1536.7 1521.6 1505.8 1490 1472.7 1455.5 1438 1419.5 1400.8 
 1381.5 1361.8 1341.9 1321.3 1300.4 1279.1 1257.5 1235.9 1213.6 1191.5 
 1168.3 1145.3 1122.3 1098.7 1074.8 1051.1 1027.1 1002.4 977.83 953.14 
 928.82 903.42 878.24 853.49 828.16 802.63 777.37 752.11 726.44 701.04 
 675.36 649.68 624.14 598.46 573.06 547.53 521.99 496.52 471.19 446.09 
 420.69 395.85 371.53 346.85 322.81 298.76 275.36 251.96 229.16 207.43 
 185.7 164.23 143.1 122.38 102.3 82.657 63.501 45.137 27.743 12.088 
 2.6783 1.9398 1.9333 1.9333 1.9788 2.05 2.1336 2.2193 2.3281 2.4325 
 2.5366 2.6411 2.7573 2.8734 2.9838 3.1009 3.2303 3.3478 3.4765 3.5995 
 3.7371 3.8523 3.9902 4.1179 4.2484 4.3842 4.5269 4.6504 4.7946 4.9503 
 5.1052 5.2808 5.4685 5.6363 5.7736 5.8843 6.0202 6.1884 6.3429 6.5138 
 6.682 6.8647 7.0399 7.2127 7.3904 7.5711 7.7592 7.9409 8.1202 8.3023 
 8.4801 8.6677 8.823 8.9977 9.1739 9.3421 9.5104 9.6796 9.8464 10.017 
 10.173 10.328 10.484 10.634 10.796 10.945 11.08 11.23 11.372 11.509 
 11.652 11.795 11.924 12.066 12.203 12.327 12.449 12.56 12.677 12.787 
 12.903 13.001 13.086 13.162 13.248 13.313 13.384 13.462 13.52 13.579 
 13.663 
1698.6 1696.5 1695.2 1693.6 1690.9 1687.7 1684 1678.9 1673.4 1667.7 
 1660.8 1653 1644.5 1635.3 1625.3 1614.8 1603.9 1591.9 1579.8 1566.8 
 1553.1 1538.7 1523.8 1508.3 1492.4 1475.9 1458.7 1441.7 1423.4 1405 
 1386.1 1366.8 1346.9 1326.8 1306.1 1285.1 1263.6 1242.1 1219.9 1197.9 
 1175.3 1152.6 1129.6 1106.2 1082.7 1058.9 1035.3 1010.6 986.26 961.86 
 937.11 912.07 887.31 862.34 836.96 811.91 786.37 761.18 735.43 709.82 
 684.14 658.32 632.85 607.17 581.35 556.02 530.27 504.87 479.48 454.29 
 429.19 404.5 380.03 355.56 331.23 307.46 283.71 260.03 237.04 214.44 
 191.89 170.24 148.78 127.87 107.51 87.662 68.35 49.74 31.991 15.264 
 3.0453 2.1149 2.1086 2.1281 2.1669 2.2263 2.2973 2.4015 2.5055 2.6086 
 2.7195 2.8297 2.9587 3.0755 3.1988 3.3227 3.4386 3.5569 3.6935 3.8296 
 3.9532 4.0956 4.2375 4.3673 4.5041 4.6517 4.7953 4.939 5.0947 5.2496 
 5.4045 5.5558 5.7099 5.8786 6.0339 6.1914 6.3469 6.5202 6.6829 6.8511 
 7.0214 7.204 7.3837 7.5525 7.743 7.9163 8.0911 8.2682 8.4415 8.6157 
 8.7853 8.9407 9.1163 9.2845 9.4421 9.6099 9.773 9.9348 10.095 10.245 
 10.408 10.551 10.698 10.854 10.991 11.141 11.284 11.42 11.549 11.693 
 11.827 11.958 12.087 12.21 12.34 12.458 12.568 12.671 12.781 12.886 
 12.982 13.067 13.164 13.241 13.313 13.391 13.462 13.534 13.592 13.637 
 13.663 
1698.6 1700.5 1700 1697.4 1694.4 1691.3 1686.9 1681.7 1676.1 1669.5 
 1662.4 1654.5 1646 1637 1626.8 1616.3 1604.8 1592.8 1580.4 1567.4 
 1553.5 1539.2 1524.1 1508.7 1493.1 1476.2 1459 1442 1424.2 1405.1 
 1386 1366.5 1347 1326.8 1306.2 1285 1263.7 1241.8 1220.1 1197.7 
 1175.4 1152.3 1129.1 1106 1082.4 1058.5 1034.5 1010.2 985.68 960.78 
 936.38 911.34 886.22 861.54 835.94 810.47 785.15 759.6 734 707.96 
 682.49 656.31 630.99 605.09 579.34 553.59 527.91 502.44 476.9 451.71 
 426.33 401.28 376.53 351.84 327.32 303.5 280.03 256.54 233.41 211.13 
 189.31 168 146.9 126.12 105.86 86.333 67.162 48.934 31.539 15.299 
 3.1795 2.595 2.4341 2.4352 2.4364 2.4375 2.4387 2.4398 2.5428 2.6728 
 2.79 2.9269 3.0499 3.1783 3.3026 3.4264 3.574 3.7115 3.8466 3.9764 
 4.1207 4.2635 4.4062 4.5475 4.6894 4.8537 5.0069 5.1522 5.301 5.4555 
 5.6112 5.7609 5.9222 6.078 6.2351 6.4038 6.5716 6.7463 6.909 7.0792 
 7.2525 7.4336 7.5969 7.773 7.9483 8.1275 8.2972 8.4734 8.6347 8.8089 
 8.9648 9.1334 9.3086 9.4666 9.6267 9.7829 9.9467 10.094 10.257 10.414 
 10.562 10.718 10.861 11.008 11.151 11.282 11.419 11.561 11.69 11.826 
 11.957 12.086 12.216 12.332 12.456 12.567 12.669 12.774 12.871 12.968 
 13.047 13.131 13.221 13.292 13.364 13.423 13.468 13.546 13.592 13.631 
 13.663 
