IESNA:LM-63-2002
[TEST] 1
[TESTLAB] 
[TESTDATE] 2025-02-21
[ISSUEDATE] 2025-02-21 11:31:55
[LAMPPOSITION] 0,0
[OTHER] EVERFINE GO-2000A_V1 SYSTEM
[MANUFAC] 
[LUMINAIRE] 35W-3500K
[LAMP] DB77E-4-50L-UD-P-A5W5C5
TILT=NONE
1 4506.8 1 181 17 1 2 0.060 1.200 0.000
1.000 1 33.6539
0.0    1.0    2.0    3.0    4.0    5.0    6.0    7.0    8.0    9.0    
 10.0   11.0   12.0   13.0   14.0   15.0   16.0   17.0   18.0   19.0   
 20.0   21.0   22.0   23.0   24.0   25.0   26.0   27.0   28.0   29.0   
 30.0   31.0   32.0   33.0   34.0   35.0   36.0   37.0   38.0   39.0   
 40.0   41.0   42.0   43.0   44.0   45.0   46.0   47.0   48.0   49.0   
 50.0   51.0   52.0   53.0   54.0   55.0   56.0   57.0   58.0   59.0   
 60.0   61.0   62.0   63.0   64.0   65.0   66.0   67.0   68.0   69.0   
 70.0   71.0   72.0   73.0   74.0   75.0   76.0   77.0   78.0   79.0   
 80.0   81.0   82.0   83.0   84.0   85.0   86.0   87.0   88.0   89.0   
 90.0   91.0   92.0   93.0   94.0   95.0   96.0   97.0   98.0   99.0   
 100.0  101.0  102.0  103.0  104.0  105.0  106.0  107.0  108.0  109.0  
 110.0  111.0  112.0  113.0  114.0  115.0  116.0  117.0  118.0  119.0  
 120.0  121.0  122.0  123.0  124.0  125.0  126.0  127.0  128.0  129.0  
 130.0  131.0  132.0  133.0  134.0  135.0  136.0  137.0  138.0  139.0  
 140.0  141.0  142.0  143.0  144.0  145.0  146.0  147.0  148.0  149.0  
 150.0  151.0  152.0  153.0  154.0  155.0  156.0  157.0  158.0  159.0  
 160.0  161.0  162.0  163.0  164.0  165.0  166.0  167.0  168.0  169.0  
 170.0  171.0  172.0  173.0  174.0  175.0  176.0  177.0  178.0  179.0  
 180.0  
0.0    22.5   45.0   67.5   90.0   112.5  135.0  157.5  180.0  202.5  
 225.0  247.5  270.0  292.5  315.0  337.5  360.0  
1683.4 1685.7 1684.6 1682.5 1679.9 1676.6 1672.9 1667.8 1662 1655.8 
 1648.2 1640.3 1631.8 1622.3 1612.7 1602 1590.7 1579 1566.6 1553.5 
 1539.8 1525.4 1510.6 1495.3 1479 1462.8 1445.7 1428.6 1410.5 1392.2 
 1373.1 1354 1334.2 1313.9 1293.5 1272.5 1251.4 1230.1 1208.2 1185.9 
 1163.7 1140.9 1118 1094.7 1071.2 1047.4 1023.9 999.64 975.32 950.64 
 926.38 901.56 876.8 851.84 826.53 801.62 776.16 750.91 725.22 699.68 
 674.5 649.04 623.43 598.1 572.63 547.24 521.91 496.3 471.12 446.36 
 421.12 396.44 372.12 347.72 323.68 299.77 276.65 253.46 230.62 208.53 
 187.45 166.01 145.2 124.69 104.72 85.399 66.56 48.506 31.357 15.214 
 3.2312 2.6072 2.4328 2.3487 2.3291 2.3292 2.3747 2.4389 2.5618 2.6796 
 2.7896 2.9252 3.0414 3.1721 3.3012 3.4321 3.5745 3.7111 3.8413 3.9764 
 4.1248 4.2608 4.4116 4.5528 4.6975 4.8532 5.0025 5.1453 5.2997 5.4499 
 5.6043 5.754 5.9158 6.0733 6.2342 6.3895 6.5591 6.7388 6.8952 7.0767 
 7.2395 7.4087 7.5774 7.7596 7.9324 8.1076 8.2838 8.4512 8.6203 8.7913 
 8.9582 9.1136 9.278 9.4398 9.6003 9.7689 9.9135 10.08 10.224 10.393 
 10.542 10.684 10.833 10.976 11.126 11.262 11.392 11.536 11.671 11.8 
 11.936 12.054 12.183 12.307 12.423 12.534 12.638 12.741 12.833 12.929 
 13.021 13.092 13.183 13.254 13.318 13.378 13.442 13.494 13.54 13.585 
 13.611 
1683.4 1689.3 1687.5 1685.6 1682.4 1678.9 1674.4 1669.4 1663.8 1657.3 
 1649.8 1641.6 1632.5 1623.7 1613.3 1602.3 1590.7 1578.7 1566 1552.4 
 1538.6 1523.9 1509.1 1493.4 1476.8 1460.1 1442.9 1425.3 1406.9 1388.3 
 1368.9 1349.5 1329.5 1309.1 1288.8 1267.4 1246.2 1224.4 1202.1 1179.9 
 1157.1 1134.4 1111.4 1088.3 1064.6 1040.6 1017.1 992.34 967.85 943.61 
 919 894.09 869.27 844.3 819.12 794.01 768.53 742.93 717.38 691.7 
 665.95 640.42 615.23 589.27 563.66 538.27 512.93 487.41 462.22 437.25 
 412.3 387.97 363.64 339.23 315.3 291.57 268.07 244.92 222.18 199.88 
 177.95 156.61 135.54 114.94 95.162 75.864 57.186 39.373 22.366 7.5621 
 2.2572 2.1929 2.1997 2.226 2.2904 2.3692 2.453 2.5514 2.6676 2.7841 
 2.9015 3.0187 3.1353 3.2647 3.3876 3.511 3.6415 3.7698 3.9004 4.0356 
 4.1722 4.3021 4.452 4.5871 4.7246 4.8667 5.0219 5.1526 5.3084 5.464 
 5.6064 5.763 5.9193 6.0806 6.2355 6.3986 6.5609 6.7296 6.8965 7.0605 
 7.224 7.4091 7.5779 7.7679 7.9352 8.1059 8.2797 8.4539 8.6351 8.8116 
 8.968 9.1422 9.3055 9.4805 9.6425 9.7907 9.9546 10.117 10.285 10.441 
 10.589 10.738 10.893 11.031 11.192 11.329 11.478 11.602 11.731 11.86 
 12.003 12.133 12.262 12.372 12.477 12.606 12.703 12.807 12.898 12.989 
 13.086 13.163 13.242 13.293 13.365 13.41 13.469 13.507 13.54 13.592 
 13.611 
1683.4 1686.2 1684.8 1681.9 1678.7 1674.7 1670.2 1664.3 1657.9 1650.8 
 1642.9 1634.6 1625.2 1615 1604.4 1592.9 1580.7 1568.2 1554.7 1540.5 
 1526.2 1511 1495.2 1478.6 1461.7 1444.7 1427 1408.7 1389.9 1370.3 
 1350.6 1330.8 1310.3 1289.2 1268.4 1246.7 1225.1 1203 1180.3 1157.8 
 1135.1 1111.8 1088.4 1064.9 1040.8 1016.9 992.73 968.13 943.87 918.84 
 894.37 869.47 844.44 819.46 794.14 768.96 743.7 718.17 692.77 667.38 
 642.12 616.44 591.12 565.87 540.4 515.36 489.83 464.84 439.52 414.85 
 390.02 365.41 341.45 317.39 293.59 270.4 247.47 224.71 203.24 181.78 
 160.28 139.53 119.11 99.321 79.928 61.353 43.427 26.379 11.379 2.6785 
 2.0565 2.0437 2.0436 2.1144 2.1987 2.2773 2.387 2.4914 2.5944 2.6991 
 2.8159 2.9386 3.0612 3.1793 3.3077 3.424 3.555 3.6722 3.8081 3.9311 
 4.0601 4.1974 4.3341 4.4685 4.5994 4.7486 4.8906 5.0349 5.1773 5.3318 
 5.4811 5.6251 5.7739 5.9176 6.0789 6.2394 6.4094 6.5772 6.7343 6.9012 
 7.0763 7.241 7.4133 7.5835 7.7716 7.9395 8.1166 8.2963 8.4582 8.6268 
 8.8029 8.9666 9.127 9.2952 9.4519 9.615 9.7764 9.9265 10.086 10.236 
 10.394 10.602 10.829 11.053 11.298 11.508 11.678 11.828 11.955 12.073 
 12.197 12.281 12.377 12.474 12.572 12.67 12.768 12.845 12.929 12.995 
 13.072 13.156 13.222 13.267 13.319 13.383 13.429 13.475 13.52 13.559 
 13.611 
1683.4 1682 1680.3 1677.5 1673.9 1669.4 1664.6 1658.5 1651.9 1644.3 
 1636.4 1627.3 1617.9 1607.2 1596.2 1584.3 1571.7 1559.1 1545.6 1531 
 1516.3 1500.6 1484.1 1467.3 1450.5 1432.5 1414.1 1395.8 1376.6 1356.6 
 1336.9 1316.2 1295.4 1274.2 1253.1 1231 1209 1186.3 1164 1141.1 
 1117.8 1094.4 1070.8 1047.4 1023.4 998.97 974.93 950.46 925.78 901.31 
 876.27 851.8 826.61 801.66 776.46 751.64 726.32 700.99 675.81 650.56 
 625.23 599.84 574.94 549.4 524.22 499.18 474.16 449.33 424.73 400.69 
 376.66 352.26 328.62 305.04 281.74 258.81 236.13 213.88 192.23 170.96 
 149.84 129.54 109.47 90.048 71.239 53.136 35.746 19.723 7.4344 2.2098 
 1.9081 1.9596 2.0114 2.0901 2.1674 2.2578 2.3489 2.446 2.5569 2.6679 
 2.7776 2.8953 3.0054 3.1216 3.239 3.3556 3.4849 3.6008 3.7309 3.8604 
 3.9837 4.1086 4.2568 4.3727 4.5169 4.6528 4.7891 4.9254 5.0689 5.2046 
 5.3659 5.5018 5.645 5.7956 5.956 6.1069 6.2555 6.4168 6.573 6.7288 
 6.8975 7.067 7.2211 7.3922 7.5655 7.7407 7.9149 8.0859 8.2474 8.4299 
 8.5972 8.7659 8.9282 9.0969 9.266 9.4286 9.584 9.7461 9.9034 10.07 
 10.226 10.388 10.537 10.693 10.842 10.984 11.133 11.282 11.414 11.549 
 11.697 11.828 11.958 12.1 12.224 12.353 12.476 12.586 12.691 12.807 
 12.905 13.009 13.106 13.189 13.261 13.339 13.404 13.482 13.534 13.579 
 13.611 
1683.4 1676 1674.7 1671.2 1667.9 1663.4 1657.7 1651.9 1645.6 1637.5 
 1629 1619.5 1609.7 1598.9 1587.9 1575.6 1563.4 1549.5 1535.7 1521.2 
 1506.2 1490.2 1474.1 1457.1 1439.7 1421.8 1403.6 1384.7 1365.1 1345.5 
 1325.4 1304.9 1283.9 1262.5 1241 1219.4 1197.3 1174.7 1152.5 1129.2 
 1106 1082.9 1059.4 1035.4 1011.9 987.41 963.29 939.05 914.51 889.97 
 865.36 840.4 815.7 790.88 765.56 740.94 715.62 690.66 665.54 640.28 
 614.89 590 564.89 539.71 514.67 489.85 464.96 440.47 416.3 392.22 
 368.15 344.56 320.89 297.57 274.71 251.97 229.74 207.86 186.41 165.24 
 144.63 124.56 104.75 85.672 67.051 49.241 32.339 17.094 6.4085 2.8407 
 2.7572 2.8489 2.9516 3.0622 3.179 3.3027 3.4382 3.57 3.7115 3.8471 
 3.9902 4.1326 4.2769 4.4177 4.5682 4.7251 4.8723 5.0164 5.1708 5.314 
 5.4633 5.6121 5.7679 5.9236 6.0858 6.2429 6.4034 6.5531 6.7209 6.8767 
 7.0389 7.1968 7.3512 7.5014 7.6627 7.8241 7.9807 8.1425 8.3053 8.4803 
 8.6292 8.8048 8.9606 9.1296 9.2781 9.4351 9.5891 9.7319 9.9006 10.044 
 10.212 10.363 10.511 10.661 10.802 10.945 11.075 11.212 11.354 11.485 
 11.606 11.73 11.848 11.965 12.075 12.184 12.295 12.399 12.483 12.587 
 12.69 12.762 12.839 12.924 13.027 13.111 13.19 13.268 13.339 13.41 
 13.462 13.507 13.553 13.611 13.669 13.669 13.669 13.669 13.669 13.663 
 13.611 
1683.4 1679.8 1677.6 1675.3 1671.5 1667.3 1662.3 1656.2 1649.3 1642 
 1633.6 1624.5 1614.9 1604.8 1593.6 1581.7 1569.2 1556.1 1542.2 1528 
 1512.7 1496.8 1481.1 1464.4 1447.2 1429.2 1411.4 1392.5 1373.2 1353.9 
 1333.4 1313 1292.4 1271 1249.5 1228 1205.8 1183.5 1160.9 1138 
 1114.6 1091.5 1068.2 1044 1020.1 996 971.63 947.51 922.96 898.42 
 873.55 848.99 823.97 799.07 773.75 748.7 723.46 698.06 673.15 647.63 
 622.51 597.19 571.94 546.61 521.57 496.53 471.62 446.81 421.99 397.52 
 373.18 349.26 325.46 301.78 278.88 255.81 233.54 211.35 190.27 169.23 
 148.4 128.09 107.8 88.783 69.841 51.628 34.532 18.649 7.0506 2.9376 
 2.8296 2.8734 2.9708 3.0808 3.2047 3.3334 3.4624 3.6046 3.736 3.8836 
 4.0158 4.1638 4.3135 4.4615 4.6103 4.7612 4.9093 5.0581 5.2159 5.3768 
 5.5205 5.6749 5.8388 5.9873 6.1485 6.2987 6.4592 6.6218 6.784 6.9282 
 7.0945 7.2651 7.4153 7.5702 7.7319 7.8885 8.055 8.2117 8.3748 8.5375 
 8.7167 8.8619 9.0292 9.1791 9.3463 9.509 9.664 9.821 9.9699 10.126 
 10.281 10.449 10.593 10.736 10.879 11.015 11.144 11.269 11.409 11.527 
 11.652 11.755 11.866 11.969 12.079 12.183 12.274 12.364 12.449 12.532 
 12.605 12.676 12.753 12.832 12.91 12.974 13.052 13.124 13.176 13.222 
 13.28 13.306 13.345 13.39 13.442 13.468 13.501 13.52 13.527 13.527 
 13.611 
1683.4 1680.3 1678.3 1676.2 1673.4 1669.4 1664.5 1658.9 1652.8 1645.6 
 1637.9 1629.2 1619.8 1610 1599.3 1587.8 1576.1 1563.4 1550 1536.4 
 1522 1507 1491.7 1475.2 1458.6 1441.6 1424 1405.4 1386.8 1367.6 
 1348 1327.8 1307.6 1286.9 1265.8 1244.4 1222.6 1200.4 1178.2 1155.7 
 1132.8 1109.7 1086.5 1062.9 1038.8 1015 990.82 966.42 942.23 917.43 
 892.59 868.05 842.95 818.27 793.01 767.97 742.58 717.39 692.13 666.53 
 641.49 615.95 590.56 565.37 540.41 515.15 489.77 465 440.03 415.29 
 390.97 366.65 342.57 318.46 294.95 271.59 248.49 226.05 203.7 181.95 
 160.6 139.77 119.22 99.327 79.975 61.22 43.235 26.221 11.315 3.3758 
 2.9843 3.0561 3.1398 3.2498 3.3684 3.5107 3.639 3.7753 3.9204 4.0623 
 4.2056 4.3611 4.4959 4.6461 4.807 4.9575 5.1128 5.2677 5.4312 5.5808 
 5.7281 5.8863 6.0399 6.1974 6.3579 6.5205 6.6694 6.8381 6.9999 7.1576 
 7.3009 7.481 7.6423 7.8062 7.9534 8.1225 8.2778 8.4488 8.6088 8.7784 
 8.9411 9.1089 9.2517 9.4341 9.5822 9.7392 9.8936 10.038 10.204 10.355 
 10.504 10.66 10.809 10.957 11.094 11.225 11.354 11.477 11.606 11.743 
 11.854 11.964 12.073 12.184 12.287 12.392 12.496 12.586 12.671 12.749 
 12.833 12.898 12.963 13.053 13.131 13.196 13.254 13.32 13.365 13.416 
 13.455 13.488 13.527 13.553 13.585 13.598 13.598 13.598 13.598 13.598 
 13.611 
1683.4 1681.1 1679.6 1677.6 1674.7 1670.9 1666.7 1661.5 1655.8 1649.1 
 1641.6 1633.6 1624.4 1615.3 1605.1 1594.1 1582.7 1570.5 1557.6 1544.2 
 1530.7 1516 1500.9 1485.6 1469.1 1452.4 1435.3 1417.4 1399 1380.7 
 1361.3 1341.9 1322.2 1301.8 1280.9 1259.7 1238.2 1216.9 1194.9 1172.5 
 1149.8 1126.9 1103.9 1080.6 1056.8 1033.2 1009.4 984.89 960.49 936.24 
 911.7 886.8 862.12 837.22 811.97 786.99 761.4 736 710.53 685.06 
 659.74 634.27 608.74 583.19 558.08 532.69 507.22 482.18 457.14 432.02 
 406.92 382.58 358.11 334 310.19 286.58 263.38 240.27 217.68 196.09 
 174.52 153.23 132.27 111.98 91.997 72.674 54.207 36.324 19.705 5.8899 
 3.2322 3.2049 3.2049 3.2888 3.4045 3.5096 3.6387 3.7817 3.9249 4.0853 
 4.223 4.3706 4.5194 4.6823 4.8257 4.9809 5.1371 5.2928 5.4555 5.5975 
 5.76 5.9102 6.0711 6.2208 6.3894 6.5392 6.7014 6.8563 7.0249 7.1739 
 7.3356 7.5051 7.6545 7.8171 7.9844 8.1403 8.2956 8.4651 8.6278 8.7905 
 8.9441 9.1058 9.2633 9.413 9.5735 9.731 9.8803 10.03 10.171 10.328 
 10.482 10.631 10.776 10.917 11.041 11.184 11.314 11.442 11.572 11.682 
 11.813 11.924 12.033 12.145 12.248 12.364 12.456 12.546 12.63 12.722 
 12.787 12.858 12.936 13.014 13.091 13.15 13.221 13.273 13.331 13.377 
 13.41 13.442 13.481 13.501 13.545 13.559 13.579 13.591 13.604 13.598 
 13.611 
1683.4 1686 1684.8 1683.3 1680.9 1677.3 1673.4 1668.9 1662.9 1657.1 
 1649.7 1642 1633.6 1624.6 1614.8 1604.5 1593.1 1581.4 1568.7 1555.9 
 1542.3 1528 1513.2 1498.3 1481.9 1466 1449 1431.8 1413.9 1395.8 
 1376.6 1357.3 1337.6 1317.6 1297.1 1276.2 1255.2 1233.6 1211.6 1189.5 
 1166.8 1144.4 1121.6 1098.4 1074.9 1051.4 1027.3 1002.5 978.69 953.94 
 929.34 904.64 879.6 854.85 829.67 804.34 778.95 753.55 727.8 702.19 
 676.79 650.9 625.43 599.76 574.5 548.81 522.93 498.03 472.63 447.3 
 422.26 397.86 373.46 348.93 325 300.87 277.48 254.36 231.31 208.87 
 186.97 165.46 144.21 123.85 103.81 84.377 65.635 47.631 30.548 14.654 
 3.5928 3.4255 3.4255 3.4452 3.4966 3.581 3.6725 3.8077 3.9585 4.1062 
 4.2558 4.4072 4.5617 4.7235 4.8788 5.0345 5.1894 5.352 5.5155 5.6575 
 5.8188 5.9832 6.1389 6.2926 6.4487 6.6165 6.7813 6.9303 7.0976 7.2534 
 7.4044 7.564 7.7211 7.8824 8.0459 8.1953 8.3631 8.5253 8.681 8.8441 
 8.9977 9.1552 9.3174 9.4783 9.6159 9.7783 9.9131 10.063 10.206 10.342 
 10.497 10.633 10.777 10.913 11.036 11.173 11.296 11.425 11.542 11.659 
 11.775 11.879 11.99 12.094 12.198 12.321 12.411 12.495 12.58 12.671 
 12.748 12.82 12.891 12.975 13.047 13.106 13.196 13.248 13.306 13.358 
 13.397 13.442 13.475 13.527 13.572 13.604 13.617 13.617 13.617 13.617 
 13.611 
1683.4 1689.3 1688.5 1686.7 1684.6 1680.9 1677.3 1672.2 1667 1660.7 
 1653.9 1646.2 1638.1 1629.4 1619.2 1609.1 1597.9 1585.8 1573.6 1560.5 
 1546.8 1532.7 1517.9 1502.6 1486.7 1469.7 1453.1 1435.4 1417.3 1399.2 
 1380 1360.5 1341 1320.9 1300.1 1279.2 1258.1 1236.3 1214.5 1192.1 
 1169.4 1146.9 1123.8 1100.4 1076.8 1053 1029 1004.7 980.53 955.78 
 931.3 906.34 881.16 856.27 830.87 805.83 780.15 754.75 729.01 703.32 
 677.36 651.47 625.99 600.03 574.49 548.88 523.2 497.88 472.27 447.22 
 422.05 397.14 372.45 347.99 324.02 299.83 276.57 253.23 230.21 207.59 
 186.35 164.96 143.54 123.06 103.03 83.402 64.473 46.341 28.936 12.902 
 3.501 3.1562 3.1594 3.198 3.2759 3.3855 3.5096 3.6459 3.7822 3.9306 
 4.0669 4.2405 4.3652 4.5266 4.6643 4.8247 4.9677 5.1224 5.273 5.442 
 5.5785 5.7216 5.8829 6.0247 6.1948 6.3446 6.5059 6.6727 6.8179 6.9796 
 7.1358 7.3114 7.4672 7.6212 7.7829 7.9404 8.0958 8.264 8.4254 8.5894 
 8.7503 8.9069 9.0618 9.2111 9.3668 9.5104 9.6649 9.8142 9.9626 10.111 
 10.262 10.404 10.554 10.683 10.821 10.95 11.074 11.196 11.332 11.449 
 11.567 11.676 11.78 11.891 11.995 12.104 12.209 12.294 12.378 12.455 
 12.534 12.612 12.689 12.76 12.845 12.91 12.974 13.052 13.105 13.156 
 13.195 13.235 13.286 13.338 13.383 13.435 13.468 13.494 13.507 13.527 
 13.611 
1683.4 1687.1 1686.6 1685 1682.8 1679.7 1676 1671.2 1666.5 1660.1 
 1653.1 1645.2 1637 1628 1618 1607.5 1595.9 1584.3 1571.4 1558.2 
 1544.3 1529.8 1514.8 1499.2 1483.1 1466.2 1449.2 1431.3 1412.8 1394.4 
 1375.2 1355.2 1335.3 1314.8 1294 1273.1 1251.8 1229.5 1207.8 1185.1 
 1162.5 1139.7 1116.7 1093 1069.2 1045.1 1021.3 996.88 972.63 947.94 
 923.26 898.72 873.4 848.57 823.47 798.07 772.39 747.13 721.38 695.98 
 670.37 645.19 619.16 593.69 568.72 542.97 517.51 492.39 467.07 441.95 
 416.92 392.54 368.15 343.78 319.93 295.93 272.66 249.71 226.86 204.63 
 182.95 161.6 140.62 120.51 100.53 81.167 62.457 44.423 27.259 12.049 
 3.3982 2.8948 2.972 3.0501 3.1534 3.2696 3.3997 3.5305 3.6532 3.8012 
 3.9379 4.0883 4.2292 4.38 4.5216 4.6768 4.8265 4.9758 5.1319 5.2823 
 5.4188 5.5804 5.7229 5.8786 6.0331 6.1828 6.3441 6.496 6.6513 6.8136 
 6.9758 7.1371 7.2868 7.4408 7.5914 7.7597 7.9219 8.0902 8.2459 8.422 
 8.5847 8.7464 8.9018 9.0696 9.2253 9.3815 9.5364 9.6986 9.8475 10.018 
 10.16 10.329 10.472 10.621 10.769 10.912 11.043 11.179 11.314 11.445 
 11.555 11.672 11.781 11.892 12.003 12.106 12.203 12.313 12.398 12.496 
 12.58 12.67 12.736 12.807 12.897 12.969 13.047 13.105 13.17 13.228 
 13.28 13.319 13.39 13.475 13.527 13.566 13.585 13.585 13.585 13.585 
 13.611 
1683.4 1683.4 1682.8 1681.4 1678.9 1676 1672.1 1667.4 1661.9 1655.6 
 1648.6 1640.3 1632.2 1622.7 1612.5 1601.5 1590.3 1577.9 1565 1551.4 
 1537.5 1522.7 1507.3 1491 1475.1 1458.1 1440.4 1422.3 1403.5 1384.5 
 1365.1 1345.2 1325.1 1304.1 1282.9 1261.6 1239.8 1218 1196 1173 
 1150 1127 1103.6 1080.5 1056.4 1032.7 1008.6 983.96 959.62 935.09 
 910.48 885.6 860.54 835.65 810.47 785.5 760.32 734.79 709.67 684.14 
 658.67 633.42 607.95 582.27 557.09 531.97 506.51 481.61 456.56 431.74 
 407.07 382.74 358.55 334.52 310.94 287.82 264.59 241.9 219.74 198.55 
 177.37 156.55 135.97 115.93 96.359 77.254 58.918 41.184 24.597 10.724 
 3.382 2.7597 2.7572 2.86 2.9638 3.0811 3.2101 3.3264 3.4631 3.5991 
 3.741 3.8857 4.022 4.1756 4.3201 4.4624 4.6125 4.7729 4.9102 5.0654 
 5.2139 5.37 5.5189 5.6694 5.819 5.9799 6.1293 6.285 6.448 6.6042 
 6.7711 6.9209 7.0779 7.2397 7.4066 7.568 7.7199 7.8936 8.0564 8.226 
 8.3883 8.5547 8.7229 8.875 9.0483 9.2166 9.3729 9.5364 9.7033 9.8674 
 10.029 10.19 10.359 10.521 10.659 10.801 10.951 11.092 11.236 11.371 
 11.494 11.618 11.741 11.865 11.982 12.106 12.209 12.313 12.404 12.513 
 12.611 12.676 12.766 12.851 12.942 13.014 13.085 13.175 13.227 13.306 
 13.345 13.377 13.423 13.468 13.501 13.54 13.54 13.566 13.566 13.566 
 13.611 
1683.4 1677.6 1676.9 1675.6 1673.4 1670.3 1665.8 1661.2 1656 1649.2 
 1642.2 1634.4 1625.3 1616.2 1606.3 1595.5 1583.8 1571.7 1558.6 1545.2 
 1531.2 1516 1500.7 1484.7 1468.3 1451.4 1433.7 1415.8 1397 1378 
 1358.7 1338.7 1318.2 1297.7 1276.6 1254.9 1233.3 1211.2 1189.1 1166.3 
 1143.4 1120.6 1097.2 1073.7 1050.3 1026.3 1002.4 978.11 953.57 929.1 
 905.05 879.95 855.34 830.51 805.34 780.44 755.33 730.01 704.83 679.58 
 654.1 628.78 603.46 578.27 553.09 528.06 503.08 477.97 453.36 428.67 
 404.13 379.81 356.2 332.22 308.82 285.59 262.88 240.38 218.16 197.17 
 176.19 155.31 134.82 114.82 95.596 76.545 58.142 40.626 24.248 10.407 
 2.6663 1.8342 1.823 1.823 1.8873 1.971 2.0502 2.1401 2.2379 2.3347 
 2.439 2.5499 2.6596 2.7626 2.8726 2.9896 3.1139 3.2245 3.3468 3.4701 
 3.6002 3.7097 3.8396 3.9697 4.0995 4.2279 4.3644 4.5007 4.6373 4.7732 
 4.9236 5.0671 5.2019 5.3579 5.495 5.6503 5.7931 5.9476 6.1046 6.2595 
 6.41 6.5722 6.7345 6.9032 7.0784 7.2393 7.4135 7.5832 7.7514 7.9321 
 8.0898 8.2571 8.4263 8.5946 8.7577 8.926 9.0814 9.2384 9.4191 9.5797 
 9.7423 9.8938 10.067 10.224 10.392 10.541 10.704 10.853 11.003 11.145 
 11.3 11.464 11.607 11.761 11.903 12.071 12.202 12.332 12.481 12.61 
 12.734 12.87 12.988 13.099 13.189 13.286 13.365 13.455 13.52 13.572 
 13.611 
1683.4 1681.5 1680.9 1679.7 1677.4 1675.4 1670.9 1666.1 1660.6 1654.3 
 1647.2 1639.4 1630.9 1621.5 1611.3 1600.4 1589.1 1576.8 1564.1 1550.4 
 1536.4 1521.3 1506.3 1490.5 1473.8 1457.1 1439.4 1421.7 1403.1 1384.5 
 1365 1345 1324.5 1303.7 1282.9 1261.5 1240 1218 1195.7 1173.2 
 1150.4 1127.2 1104.1 1080.9 1056.8 1032.9 1009.1 984.55 960.23 935.97 
 911.43 886.39 861.78 836.96 811.78 786.8 761.62 736.65 711.19 685.86 
 660.82 635 609.74 584.2 559.24 534.05 508.6 483.98 459.08 434.33 
 409.87 385.96 362.06 338.01 314.33 291.14 268.19 245.39 222.98 201.22 
 179.72 158.63 138.18 117.94 98.185 79.153 60.469 42.57 25.944 11.332 
 2.8625 1.8167 1.8425 1.8885 1.9531 2.0311 2.1104 2.2189 2.3033 2.4086 
 2.4987 2.6148 2.7183 2.8365 2.9339 3.0637 3.1726 3.2965 3.4134 3.5372 
 3.6539 3.7845 3.901 4.0418 4.1726 4.2952 4.4261 4.5613 4.7041 4.8408 
 4.9827 5.119 5.2703 5.4192 5.5688 5.7156 5.8653 6.0211 6.1829 6.3386 
 6.5073 6.6787 6.8387 7.0086 7.1966 7.3659 7.5472 7.7343 7.91 8.0902 
 8.2659 8.4486 8.6243 8.8045 8.9801 9.1434 9.3186 9.4932 9.6536 9.8288 
 9.9988 10.153 10.324 10.48 10.641 10.802 10.96 11.114 11.263 11.413 
 11.567 11.711 11.854 11.998 12.14 12.282 12.413 12.534 12.651 12.755 
 12.872 12.982 13.079 13.151 13.209 13.287 13.352 13.423 13.481 13.527 
 13.611 
1683.4 1681.2 1680.5 1678.9 1676.5 1673.5 1670.1 1665.1 1660.2 1653.5 
 1646.6 1639 1630.5 1621.2 1611.3 1601 1589.4 1577.5 1564.9 1551.5 
 1537.6 1522.8 1507.6 1492.1 1476.6 1459.5 1442 1424.4 1406 1387.6 
 1368.4 1348.7 1328.5 1308 1287.6 1266.2 1245 1223.3 1201.1 1178.6 
 1156.1 1133.3 1109.9 1087.1 1063.1 1039.4 1015.6 991.02 966.99 942.38 
 918.05 893.22 868.48 843.64 818.4 793.21 768.11 742.99 717.52 692.06 
 667.09 641.55 616.3 591.11 565.79 540.67 515.21 490.17 464.99 440.3 
 415.28 390.58 366.4 342.15 318.39 294.73 271.64 248.67 226.01 204.58 
 183.15 161.93 141.16 120.74 100.77 81.594 62.682 44.583 27.302 11.818 
 2.664 1.9414 1.927 1.9333 1.9722 2.056 2.1339 2.2249 2.3351 2.4258 
 2.5366 2.6472 2.7573 2.8673 2.9959 3.1074 3.2242 3.3474 3.4762 3.5928 
 3.7368 3.8543 3.9759 4.1067 4.2475 4.385 4.5285 4.6457 4.8006 4.9369 
 5.0849 5.2733 5.455 5.6173 5.753 5.8704 6.0068 6.1698 6.339 6.5124 
 6.6738 6.8493 7.0259 7.2076 7.3898 7.5586 7.7403 7.9264 8.0944 8.2848 
 8.4517 8.6292 8.7979 8.9662 9.1479 9.3212 9.4793 9.6397 9.8093 9.9849 
 10.128 10.296 10.445 10.594 10.75 10.893 11.042 11.183 11.321 11.456 
 11.613 11.756 11.885 12.014 12.15 12.281 12.411 12.515 12.631 12.742 
 12.851 12.943 13.034 13.104 13.189 13.26 13.332 13.404 13.469 13.52 
 13.611 
1683.4 1681.5 1680.5 1678.8 1676.9 1673.2 1669.4 1664.8 1659.3 1652.8 
 1646.1 1638.3 1630.2 1621.1 1611.3 1601 1589.8 1578.2 1565.6 1552.8 
 1539.2 1525.1 1510.2 1494.7 1478.9 1462.4 1445.3 1428.1 1410.4 1391.8 
 1372.6 1353.7 1333.7 1313.7 1293.2 1271.9 1251.2 1229.4 1207.5 1185.8 
 1163.2 1140.9 1117.5 1094.4 1070.8 1047.1 1023.6 999.32 974.86 950.51 
 926.28 901.74 876.91 852.14 827.17 802.13 777.02 751.78 726.44 701.12 
 675.72 650.19 625.14 599.47 574.22 548.89 523.64 498.53 473.35 448.31 
 423.42 399.28 375.13 350.71 326.81 303.05 279.67 256.47 233.74 211.62 
 189.36 167.83 146.75 126.16 105.99 86.502 67.446 48.998 31.556 15.001 
 2.9795 2.115 2.115 2.122 2.1675 2.2324 2.305 2.3944 2.4986 2.6098 
 2.7186 2.8419 2.9539 3.0575 3.1859 3.3153 3.4393 3.5748 3.6988 3.8227 
 3.9656 4.0899 4.2326 4.3734 4.5025 4.6597 4.8014 4.9461 5.093 5.2491 
 5.3988 5.5472 5.7038 5.8592 6.0218 6.1836 6.3463 6.5096 6.6852 6.8516 
 7.0212 7.1901 7.3703 7.552 7.7277 7.9048 8.0781 8.2547 8.4284 8.5963 
 8.7723 8.9282 9.1024 9.2646 9.4333 9.5826 9.7513 9.9071 10.075 10.221 
 10.387 10.53 10.681 10.829 10.972 11.121 11.264 11.388 11.536 11.666 
 11.802 11.932 12.056 12.185 12.308 12.425 12.535 12.645 12.743 12.847 
 12.944 13.034 13.125 13.203 13.28 13.339 13.41 13.481 13.546 13.592 
 13.611 
1683.4 1685.7 1684.6 1682.5 1679.9 1676.6 1672.9 1667.8 1662 1655.8 
 1648.2 1640.3 1631.8 1622.3 1612.7 1602 1590.7 1579 1566.6 1553.5 
 1539.8 1525.4 1510.6 1495.3 1479 1462.8 1445.7 1428.6 1410.5 1392.2 
 1373.1 1354 1334.2 1313.9 1293.5 1272.5 1251.4 1230.1 1208.2 1185.9 
 1163.7 1140.9 1118 1094.7 1071.2 1047.4 1023.9 999.64 975.32 950.64 
 926.38 901.56 876.8 851.84 826.53 801.62 776.16 750.91 725.22 699.68 
 674.5 649.04 623.43 598.1 572.63 547.24 521.91 496.3 471.12 446.36 
 421.12 396.44 372.12 347.72 323.68 299.77 276.65 253.46 230.62 208.53 
 187.45 166.01 145.2 124.69 104.72 85.399 66.56 48.506 31.357 15.214 
 3.2312 2.6072 2.4328 2.3487 2.3291 2.3292 2.3747 2.4389 2.5618 2.6796 
 2.7896 2.9252 3.0414 3.1721 3.3012 3.4321 3.5745 3.7111 3.8413 3.9764 
 4.1248 4.2608 4.4116 4.5528 4.6975 4.8532 5.0025 5.1453 5.2997 5.4499 
 5.6043 5.754 5.9158 6.0733 6.2342 6.3895 6.5591 6.7388 6.8952 7.0767 
 7.2395 7.4087 7.5774 7.7596 7.9324 8.1076 8.2838 8.4512 8.6203 8.7913 
 8.9582 9.1136 9.278 9.4398 9.6003 9.7689 9.9135 10.08 10.224 10.393 
 10.542 10.684 10.833 10.976 11.126 11.262 11.392 11.536 11.671 11.8 
 11.936 12.054 12.183 12.307 12.423 12.534 12.638 12.741 12.833 12.929 
 13.021 13.092 13.183 13.254 13.318 13.378 13.442 13.494 13.54 13.585 
 13.611 
