IESNA:LM-63-2002
[TEST] 1
[TESTLAB] 
[TESTDATE] 2025-02-21
[ISSUEDATE] 2025-02-21 14:22:56
[LAMPPOSITION] 0,0
[OTHER] EVERFINE GO-2000A_V1 SYSTEM
[MANUFAC] 
[LUMINAIRE] 30W-3500K
[LAMP] DB77E-4-50L-UD-P-A5W5C5
TILT=NONE
1 3957.8 1 181 17 1 2 0.060 1.200 0.000
1.000 1 29.1908
0.0    1.0    2.0    3.0    4.0    5.0    6.0    7.0    8.0    9.0    
 10.0   11.0   12.0   13.0   14.0   15.0   16.0   17.0   18.0   19.0   
 20.0   21.0   22.0   23.0   24.0   25.0   26.0   27.0   28.0   29.0   
 30.0   31.0   32.0   33.0   34.0   35.0   36.0   37.0   38.0   39.0   
 40.0   41.0   42.0   43.0   44.0   45.0   46.0   47.0   48.0   49.0   
 50.0   51.0   52.0   53.0   54.0   55.0   56.0   57.0   58.0   59.0   
 60.0   61.0   62.0   63.0   64.0   65.0   66.0   67.0   68.0   69.0   
 70.0   71.0   72.0   73.0   74.0   75.0   76.0   77.0   78.0   79.0   
 80.0   81.0   82.0   83.0   84.0   85.0   86.0   87.0   88.0   89.0   
 90.0   91.0   92.0   93.0   94.0   95.0   96.0   97.0   98.0   99.0   
 100.0  101.0  102.0  103.0  104.0  105.0  106.0  107.0  108.0  109.0  
 110.0  111.0  112.0  113.0  114.0  115.0  116.0  117.0  118.0  119.0  
 120.0  121.0  122.0  123.0  124.0  125.0  126.0  127.0  128.0  129.0  
 130.0  131.0  132.0  133.0  134.0  135.0  136.0  137.0  138.0  139.0  
 140.0  141.0  142.0  143.0  144.0  145.0  146.0  147.0  148.0  149.0  
 150.0  151.0  152.0  153.0  154.0  155.0  156.0  157.0  158.0  159.0  
 160.0  161.0  162.0  163.0  164.0  165.0  166.0  167.0  168.0  169.0  
 170.0  171.0  172.0  173.0  174.0  175.0  176.0  177.0  178.0  179.0  
 180.0  
0.0    22.5   45.0   67.5   90.0   112.5  135.0  157.5  180.0  202.5  
 225.0  247.5  270.0  292.5  315.0  337.5  360.0  
1478.4 1480.4 1479.4 1477.2 1474.9 1472 1468.5 1464 1458.8 1453.6 
 1447 1440.6 1432.8 1424.6 1415.9 1406.9 1396.8 1386.9 1375.7 1364.2 
 1352 1339.8 1326.5 1313 1299.4 1284.2 1269.3 1254.4 1238.4 1222.3 
 1205.8 1188.9 1171.5 1153.9 1136.4 1117.9 1098.9 1079.9 1061.1 1041.5 
 1021.9 1002.2 981.62 961.29 941.04 919.56 898.83 877.43 856.43 834.87 
 813.14 791.73 769.65 747.89 725.55 703.65 681.4 659.14 636.71 614.36 
 592.11 569.52 547.43 525.13 502.76 480.43 458 435.83 413.78 391.84 
 369.65 348.03 326.59 305.3 284.16 263.41 242.88 222.61 203.35 184.09 
 164.76 145.93 127.47 109.47 92.06 75.161 58.586 42.648 27.622 13.393 
 2.8091 2.2706 2.129 2.0507 2.0308 2.0306 2.0564 2.1222 2.2187 2.3219 
 2.4261 2.5434 2.647 2.7564 2.8864 3.0039 3.1139 3.2375 3.354 3.4837 
 3.607 3.7171 3.8543 3.9766 4.1128 4.2355 4.3605 4.4968 4.6259 4.7686 
 4.9041 5.0408 5.1714 5.3133 5.4678 5.5928 5.7347 5.89 6.0345 6.1898 
 6.3447 6.4859 6.638 6.7868 6.943 7.0962 7.2467 7.3899 7.5456 7.6887 
 7.8296 7.9744 8.1364 8.2655 8.4067 8.5377 8.6925 8.8171 8.9579 9.0899 
 9.218 9.3496 9.4843 9.6084 9.7323 9.8546 9.9782 10.095 10.225 10.335 
 10.432 10.556 10.665 10.763 10.873 10.977 11.062 11.165 11.23 11.308 
 11.386 11.477 11.535 11.6 11.658 11.71 11.762 11.801 11.859 11.885 
 11.905 
1478.4 1482.6 1481.4 1479.6 1477 1473.8 1469.9 1465.8 1460.4 1454.6 
 1448.1 1441 1433.1 1424.5 1415.6 1406.4 1396.3 1385.6 1375 1362.8 
 1350.6 1337.7 1324.4 1310.5 1296.2 1282 1266.5 1251.3 1235.4 1219 
 1201.9 1185.2 1167.3 1149.5 1131 1112.7 1094.2 1075 1055.6 1035.8 
 1015.9 996.02 975.63 955.15 934.25 913.37 892.74 871.57 850.3 828.49 
 806.66 784.76 762.85 740.94 718.74 696.59 674.3 651.85 629.4 607.13 
 584.53 562.08 539.81 517.25 494.87 472.3 449.82 427.53 405.79 384.03 
 362.27 340.38 318.95 297.68 276.69 255.75 235.05 214.72 194.84 175.3 
 155.91 137.11 118.7 100.71 83.34 66.339 50.03 34.228 19.412 6.3549 
 1.9462 1.9074 1.9209 1.9531 2.0053 2.0705 2.1475 2.2388 2.3234 2.4331 
 2.5243 2.6351 2.7391 2.8557 2.96 3.0767 3.1855 3.2973 3.4259 3.5298 
 3.6534 3.7712 3.8874 4.011 4.1341 4.2641 4.3857 4.5177 4.6525 4.782 
 4.9183 5.061 5.2044 5.3332 5.4763 5.6122 5.7546 5.9042 6.0482 6.1967 
 6.3451 6.5009 6.6517 6.7946 6.9486 7.0997 7.2609 7.4089 7.5595 7.7208 
 7.8705 8.0197 8.1693 8.3113 8.4492 8.5964 8.7262 8.8698 9.0128 9.1411 
 9.2852 9.4091 9.545 9.6868 9.8033 9.927 10.05 10.168 10.283 10.394 
 10.511 10.622 10.732 10.829 10.932 11.023 11.12 11.192 11.289 11.36 
 11.458 11.522 11.594 11.652 11.697 11.743 11.788 11.827 11.859 11.892 
 11.905 
1478.4 1481 1479.1 1477.3 1474.2 1470.5 1466.2 1461.3 1455.7 1449.7 
 1442.7 1435 1427.2 1418.8 1408.8 1398.6 1387.8 1377.2 1365.2 1352.9 
 1340.1 1326.5 1312.6 1298.4 1284 1268.8 1253.1 1237.1 1220.4 1203.6 
 1186.5 1168.7 1150.8 1132.3 1113.8 1095 1075.8 1056.3 1036.9 1017.1 
 996.77 976.47 956.1 935.5 914.32 893.12 872.49 850.62 829.04 807.16 
 785.44 763.74 741.74 719.5 697.65 675.33 653.3 631.02 608.58 585.91 
 564.16 541.66 519.43 497.25 474.85 452.51 430.32 408.15 386 364.22 
 342.57 321.14 299.83 278.65 257.8 237.32 217.22 197.95 178.69 159.65 
 140.78 122.45 104.52 87.143 70.175 53.789 38.097 23.135 9.9607 2.3274 
 1.797 1.7906 1.7906 1.8291 1.9072 1.9845 2.0824 2.167 2.2569 2.3552 
 2.4593 2.5496 2.6596 2.7694 2.8806 2.9833 3.095 3.198 3.3212 3.4309 
 3.5425 3.6641 3.7884 3.9059 4.0208 4.1521 4.2758 4.3987 4.5275 4.6508 
 4.7877 4.9175 5.0538 5.1965 5.3249 5.4687 5.5989 5.7485 5.8826 6.0337 
 6.1825 6.3314 6.4875 6.6372 6.7912 6.9405 7.0849 7.2459 7.3887 7.5375 
 7.6884 7.836 7.9865 8.1349 8.2769 8.4281 8.5579 8.6923 8.8293 8.9724 
 9.1015 9.283 9.4846 9.6933 9.8859 10.076 10.232 10.354 10.465 10.567 
 10.653 10.744 10.827 10.918 10.99 11.075 11.158 11.216 11.288 11.347 
 11.405 11.483 11.548 11.599 11.632 11.678 11.717 11.775 11.807 11.846 
 11.905 
1478.4 1477.1 1475.3 1473.1 1469.7 1465.9 1461.3 1456.3 1450.7 1444.2 
 1437.7 1429.6 1421.1 1412.1 1401.7 1391.2 1380.5 1368.8 1357.1 1344.5 
 1331.4 1317.5 1303.7 1288.8 1273.4 1257.7 1241.3 1225.3 1207.9 1191.1 
 1173.4 1155.6 1137.3 1118.8 1099.7 1080.5 1061.2 1041.7 1021.4 1001.7 
 981.18 960.84 940.17 919.47 898.34 877.02 856.04 834.4 813.32 791.42 
 769.44 747.68 725.62 703.96 681.78 659.83 637.63 615.51 593.16 570.99 
 548.77 526.67 504.57 482.4 460.08 438.23 416.05 394.64 373.23 351.78 
 330.41 309.08 288.34 267.51 247.15 227.05 207.21 187.62 168.52 149.92 
 131.32 113.59 96.074 78.943 62.353 46.3 31.119 17.197 6.3638 1.8867 
 1.661 1.6941 1.7522 1.8174 1.8948 1.9668 2.0508 2.1481 2.2398 2.3234 
 2.4273 2.5192 2.6229 2.7187 2.836 2.9335 3.0493 3.1543 3.2573 3.3741 
 3.4844 3.5961 3.7186 3.8296 3.9459 4.0749 4.1849 4.3033 4.4386 4.5552 
 4.685 4.8148 4.9518 5.0808 5.2113 5.3413 5.4831 5.6073 5.7482 5.8982 
 6.0337 6.1781 6.3265 6.4757 6.6113 6.775 6.9163 7.087 7.235 7.383 
 7.5262 7.6621 7.8251 7.9692 8.1239 8.259 8.3829 8.5464 8.6805 8.8246 
 8.953 9.0976 9.2328 9.3618 9.4916 9.6159 9.7386 9.8693 9.9909 10.109 
 10.233 10.35 10.471 10.582 10.699 10.802 10.913 11.003 11.088 11.191 
 11.283 11.367 11.451 11.523 11.593 11.646 11.717 11.769 11.821 11.859 
 11.905 
1478.4 1472.2 1470.5 1468.2 1465.1 1461.4 1457 1451.6 1445.6 1439 
 1431.6 1423.5 1414.8 1405.3 1395.6 1384.9 1374.2 1362.1 1349.9 1337.1 
 1323.7 1310.1 1295.9 1281.2 1265.7 1250.1 1234.1 1217.4 1200.4 1182.7 
 1165 1147 1128.8 1110.3 1091.4 1072 1052.7 1032.6 1012.7 992.79 
 972.32 952.05 931.01 910.32 889.31 868.46 847.18 825.42 804.12 782.5 
 760.99 738.95 717.4 695.25 673.14 651.43 629.29 607.28 585.09 563.33 
 540.9 518.97 496.84 474.77 452.96 431.12 409.43 388.25 367.06 345.78 
 324.41 303.49 282.8 262.21 242.29 222.27 202.62 183.58 164.52 145.9 
 127.76 110.18 92.759 76 59.634 43.776 28.976 15.523 5.8377 2.471 
 2.4006 2.4793 2.5694 2.6608 2.7644 2.8738 2.9913 3.1149 3.2326 3.3482 
 3.4783 3.6013 3.7318 3.8611 3.9785 4.1148 4.2563 4.379 4.5235 4.6515 
 4.7878 4.9202 5.0603 5.197 5.3344 5.4756 5.5921 5.7432 5.8841 6.0159 
 6.1635 6.3005 6.4373 6.5849 6.7162 6.8578 6.9998 7.1426 7.2857 7.4224 
 7.5716 7.7144 7.8511 7.9946 8.1369 8.2736 8.4094 8.5442 8.6744 8.8099 
 8.9412 9.0767 9.213 9.3498 9.4667 9.5886 9.7065 9.8284 9.9531 10.077 
 10.186 10.297 10.4 10.498 10.595 10.698 10.783 10.873 10.957 11.049 
 11.126 11.185 11.25 11.327 11.4 11.478 11.542 11.601 11.678 11.736 
 11.795 11.847 11.873 11.925 11.97 11.97 11.97 11.97 11.963 11.963 
 11.905 
1478.4 1475.8 1474.1 1471.5 1468.6 1464.3 1459.8 1454.4 1448.9 1442.2 
 1435 1427.1 1418.5 1409.3 1399.6 1389.2 1378.9 1367 1355.1 1342.4 
 1329.2 1315.6 1301.2 1286.3 1271.5 1256.1 1239.7 1223.3 1206.5 1189.1 
 1171.2 1153.2 1135 1116.4 1097.5 1078.3 1059.2 1039.7 1019.8 999.65 
 979.37 958.81 938.56 917.3 895.97 875.14 854.01 832.25 810.77 789.3 
 767.33 745.38 723.53 701.67 679.66 657.8 635.42 613.16 591.18 569.14 
 546.75 524.51 502.36 480.02 458.07 436.13 414.08 392.28 370.69 349.17 
 327.73 306.81 285.98 265.31 245.06 224.88 205.69 186.52 167.53 148.77 
 130.5 112.57 94.968 78.038 61.411 45.54 30.241 16.424 6.209 2.5181 
 2.447 2.4843 2.5682 2.6724 2.7824 2.886 3.0084 3.1266 3.2563 3.3735 
 3.509 3.6324 3.7614 3.8854 4.0149 4.1514 4.2799 4.416 4.5477 4.6904 
 4.8192 4.969 5.0985 5.2337 5.3775 5.507 5.6504 5.7985 5.9345 6.0719 
 6.2134 6.3498 6.4872 6.6234 6.771 6.9154 7.0499 7.1941 7.3286 7.4783 
 7.6159 7.7647 7.9007 8.0502 8.187 8.3349 8.4595 8.6131 8.7511 8.8668 
 9.0038 9.1462 9.2761 9.3991 9.5166 9.6405 9.7618 9.8735 9.9951 10.099 
 10.21 10.302 10.4 10.484 10.581 10.684 10.756 10.833 10.924 10.989 
 11.054 11.113 11.171 11.242 11.313 11.372 11.437 11.483 11.535 11.592 
 11.639 11.664 11.69 11.742 11.768 11.794 11.827 11.846 11.846 11.846 
 11.905 
1478.4 1475.3 1474 1471.9 1469.4 1465.7 1462 1456.9 1451.3 1445.1 
 1438.4 1430.6 1422.7 1414.3 1405 1394.9 1384.6 1373.2 1361.3 1349.6 
 1336.2 1323.5 1309.9 1295.8 1281 1265.7 1250.3 1234.2 1217.7 1201.3 
 1184 1166.7 1148.5 1130.5 1112 1093.1 1074 1054.6 1035.2 1014.6 
 994.31 974.59 954.03 933.46 912.23 891.23 870.32 848.71 827.38 805.51 
 783.82 762.25 740.47 718.21 695.94 674.24 652.09 630.04 607.74 585.16 
 563.17 540.7 518.69 496.34 474.38 452.18 429.92 408.37 386.74 365.11 
 343.41 322.03 300.8 279.76 258.95 238.35 218.27 198.36 178.89 159.83 
 141.02 122.74 104.74 87.263 70.286 53.8 38.005 23.062 9.9625 2.9214 
 2.5954 2.6599 2.7438 2.8354 2.939 3.0432 3.1732 3.2888 3.4127 3.5486 
 3.6597 3.7899 3.9322 4.0613 4.2037 4.335 4.4701 4.6074 4.737 4.8858 
 5.0213 5.1587 5.2943 5.4362 5.5862 5.7088 5.8467 5.9955 6.1375 6.2734 
 6.4172 6.5528 6.6951 6.8375 6.9734 7.1097 7.2605 7.4036 7.546 7.688 
 7.8433 7.9792 8.1232 8.2667 8.4083 8.5445 8.6797 8.8167 8.9469 9.077 
 9.2122 9.3488 9.4728 9.5954 9.7248 9.8417 9.965 10.075 10.191 10.309 
 10.406 10.504 10.601 10.698 10.796 10.892 10.964 11.049 11.126 11.204 
 11.263 11.334 11.38 11.445 11.509 11.567 11.632 11.671 11.73 11.768 
 11.814 11.827 11.859 11.892 11.911 11.918 11.918 11.918 11.918 11.918 
 11.905 
1478.4 1476.4 1474.7 1473 1470.5 1467.3 1463.5 1459.1 1453.8 1447.8 
 1441.7 1434.4 1426.5 1418.1 1409.4 1400 1389.7 1379.6 1367.8 1356.2 
 1343.7 1331 1317.5 1304.2 1289.8 1275.1 1260 1244.5 1228.5 1212.2 
 1195.5 1178.5 1161.1 1142.7 1125 1106.9 1088.1 1068 1049 1029.7 
 1009.4 989.43 969.23 948.46 927.79 906.78 885.76 864.79 843.23 821.93 
 800.21 778.47 756.72 734.67 712.7 690.47 668.25 646.11 623.68 601.5 
 579.36 557.23 534.63 511.98 490.04 467.63 445.22 423.09 401.17 379.36 
 357.38 335.84 314.5 292.96 272.32 251.6 231.14 210.94 191.79 172.49 
 153.19 134.51 116.06 98.201 80.712 63.797 47.568 31.872 17.232 5.0981 
 2.8138 2.7897 2.7961 2.8535 2.9517 3.0611 3.1644 3.2884 3.4168 3.5354 
 3.6784 3.8082 3.9373 4.0721 4.2147 4.3518 4.4817 4.6171 4.7549 4.898 
 5.0336 5.1759 5.3058 5.4484 5.584 5.7214 5.8637 6.0117 6.1429 6.2859 
 6.4222 6.5718 6.707 6.8372 6.9868 7.1231 7.2658 7.4086 7.5506 7.6925 
 7.8357 7.9724 8.122 8.2508 8.3945 8.5305 8.6664 8.7901 8.9259 9.0432 
 9.1858 9.3079 9.4322 9.5626 9.6779 9.8024 9.9119 10.023 10.145 10.249 
 10.36 10.457 10.555 10.652 10.749 10.84 10.918 11.002 11.08 11.158 
 11.216 11.281 11.327 11.398 11.464 11.521 11.58 11.625 11.678 11.729 
 11.755 11.775 11.794 11.833 11.859 11.891 11.898 11.911 11.911 11.911 
 11.905 
1478.4 1480.6 1479.6 1478.1 1476.2 1472.9 1469.3 1465.2 1460.1 1455 
 1449.1 1442.7 1435 1426.5 1418.2 1409.1 1399.5 1389.2 1377.9 1366.4 
 1354.5 1342 1329.2 1315.4 1301.1 1286.9 1272.6 1257 1240.9 1225.2 
 1208.2 1191.5 1174 1156.9 1138.9 1120.5 1102.3 1083.2 1064.5 1044.6 
 1024.8 1004.9 984.57 964.34 943.37 922.62 901.51 880.18 859.21 837.46 
 816.1 794.66 772.32 750.25 727.82 706 683.27 661.13 638.74 616.51 
 593.9 571.33 549.11 526.42 503.99 481.56 459.35 437.1 415.16 393.24 
 371.33 349.62 327.94 306.48 285.34 264.03 243.46 223 203.04 183.24 
 164 145.16 126.57 108.69 91.104 73.948 57.601 41.649 26.64 12.719 
 3.1072 2.9788 2.9843 2.9908 3.0423 3.1137 3.198 3.3163 3.4334 3.5738 
 3.7044 3.8467 3.9781 4.1189 4.2621 4.3991 4.5418 4.672 4.8136 4.9572 
 5.1056 5.2431 5.3794 5.5262 5.6507 5.7866 5.9306 6.0729 6.2088 6.3455 
 6.4883 6.6359 6.7658 6.9024 7.0379 7.175 7.3246 7.4601 7.6036 7.7468 
 7.8902 8.025 8.1689 8.3041 8.44 8.5701 8.701 8.829 8.9404 9.0759 
 9.1924 9.316 9.44 9.5639 9.6788 9.7898 9.8946 10.016 10.128 10.243 
 10.347 10.439 10.537 10.626 10.717 10.802 10.892 10.977 11.049 11.12 
 11.184 11.25 11.295 11.366 11.444 11.503 11.561 11.613 11.659 11.71 
 11.749 11.775 11.814 11.853 11.885 11.924 11.931 11.931 11.931 11.931 
 11.905 
1478.4 1483.2 1482.3 1481.2 1479.2 1476 1472.5 1469 1464 1458.1 
 1452 1445.5 1438.4 1430.2 1421.7 1412.7 1403.1 1392.5 1382 1370.6 
 1358.6 1346.1 1333.1 1319.8 1305.7 1291 1276 1260.8 1244.9 1228.4 
 1212 1195.1 1178 1160.2 1142.2 1123.6 1104.9 1086.1 1067 1047.3 
 1027.4 1007.7 987.18 966.66 945.48 924.99 903.93 882.72 861.25 839.86 
 818.17 796.4 774.33 752.14 729.8 707.55 685.63 662.81 640.26 617.76 
 595.19 572.72 550.38 527.52 504.94 482.55 459.66 437.51 415.19 392.97 
 370.79 349.1 327.31 305.81 284.9 263.87 243.14 222.59 203.08 183.57 
 164.23 145.29 126.54 108.49 90.749 73.502 56.874 40.915 25.731 11.558 
 3.069 2.7405 2.7378 2.7701 2.8411 2.9187 3.0345 3.1529 3.2805 3.4106 
 3.5408 3.6702 3.8 3.9308 4.0599 4.1961 4.3202 4.4677 4.6046 4.7341 
 4.8646 5.0136 5.1447 5.2847 5.4158 5.5452 5.675 5.824 5.9615 6.0963 
 6.2276 6.3764 6.5128 6.6619 6.7972 6.9414 7.083 7.2193 7.362 7.5044 
 7.6407 7.7785 7.9257 8.0686 8.1935 8.3286 8.452 8.5942 8.711 8.8352 
 8.9699 9.1009 9.2172 9.3407 9.4643 9.5754 9.6986 9.8022 9.9241 10.029 
 10.127 10.224 10.327 10.424 10.516 10.614 10.678 10.768 10.834 10.912 
 10.983 11.041 11.113 11.165 11.229 11.295 11.353 11.404 11.457 11.509 
 11.561 11.587 11.619 11.678 11.716 11.749 11.788 11.814 11.827 11.84 
 11.905 
1478.4 1482.1 1481.7 1480.4 1478.5 1475.6 1472.1 1468 1463.2 1457.7 
 1451.6 1445.3 1437.6 1429.3 1420.6 1412.1 1401.8 1391.1 1380.2 1369.2 
 1357 1344 1331 1316.9 1302.6 1287.8 1272.9 1257 1241.1 1224.7 
 1207.5 1190.3 1172.9 1155 1136.7 1118.1 1099.6 1080.2 1060.3 1040.8 
 1021 1000.5 980.7 960 939.14 918.41 897.15 875.91 854.71 832.72 
 810.78 789.09 767.17 745.4 722.99 700.86 678.4 656.15 633.9 611.53 
 588.99 566.76 544.41 521.85 499.43 477.02 454.61 432.55 410.45 388.76 
 367.07 345.23 323.53 302.09 281.17 260.11 239.77 219.57 199.47 179.94 
 160.85 141.99 123.72 105.86 88.361 71.444 55.006 39.182 24.125 10.757 
 2.9713 2.5048 2.5689 2.6478 2.7452 2.842 2.9526 3.0574 3.1914 3.3154 
 3.4326 3.5682 3.6857 3.8144 3.951 4.0816 4.2164 4.3484 4.4839 4.6133 
 4.7496 4.8847 5.0149 5.1522 5.2825 5.4237 5.5608 5.7031 5.8329 5.9707 
 6.1055 6.2414 6.3792 6.5196 6.6575 6.7987 6.9301 7.0837 7.2266 7.3705 
 7.5137 7.6633 7.8057 7.948 8.09 8.2335 8.3687 8.4932 8.6408 8.7775 
 8.9134 9.0497 9.1809 9.3106 9.4271 9.5504 9.6747 9.7956 9.9199 10.036 
 10.14 10.257 10.335 10.44 10.536 10.634 10.717 10.789 10.886 10.964 
 11.035 11.094 11.172 11.224 11.295 11.36 11.425 11.484 11.542 11.593 
 11.632 11.665 11.71 11.781 11.84 11.859 11.898 11.892 11.892 11.892 
 11.905 
1478.4 1478.1 1477.2 1476.4 1474.6 1471.7 1468 1464.3 1459.5 1454.3 
 1448.1 1441 1433 1424.9 1416.3 1406.8 1396.1 1385.6 1374.2 1362.4 
 1350 1337 1323.5 1309.6 1294.9 1279.8 1264.4 1248.5 1232.4 1216.3 
 1198.9 1181.1 1163.7 1145.2 1126.6 1107.7 1088.6 1069.3 1050.1 1029.9 
 1009.7 989.53 969.09 948.38 927.63 906.82 885.48 864.08 842.55 821.22 
 799.52 777.81 755.85 733.79 711.6 689.93 667.67 645.46 623.39 600.79 
 578.74 556.32 534.09 511.63 489.54 467.3 444.86 422.96 401.03 379.41 
 357.63 336.24 314.97 293.88 273.52 252.76 232.57 212.75 193.84 174.94 
 156.11 137.75 119.56 101.98 84.87 68.025 51.912 36.337 21.844 9.5209 
 2.9996 2.3865 2.381 2.4711 2.5676 2.666 2.7692 2.885 3.0209 3.1325 
 3.2551 3.3735 3.5091 3.6253 3.7614 3.8973 4.0153 4.1504 4.2817 4.4179 
 4.5477 4.6897 4.8253 4.9691 5.0908 5.2344 5.3711 5.5013 5.6361 5.7791 
 5.9219 6.0514 6.2004 6.3376 6.4788 6.6235 6.7594 6.9025 7.0494 7.1873 
 7.3369 7.4853 7.6289 7.7842 7.921 8.0614 8.2109 8.3549 8.4969 8.6397 
 8.7892 8.9249 9.0752 9.1977 9.327 9.4695 9.588 9.7167 9.8479 9.9695 
 10.087 10.19 10.301 10.411 10.51 10.612 10.703 10.794 10.879 10.964 
 11.034 11.1 11.171 11.229 11.308 11.378 11.437 11.501 11.573 11.613 
 11.678 11.703 11.742 11.768 11.807 11.827 11.846 11.846 11.846 11.846 
 11.905 
1478.4 1473.5 1472.9 1471.4 1469.5 1466.2 1462.9 1458.7 1454 1448.8 
 1442.5 1435.3 1427.7 1419.5 1410.3 1401 1391.1 1380.2 1368.7 1356.5 
 1344.4 1331.5 1318.1 1303.6 1289.2 1274 1258.6 1242.5 1226.7 1209.8 
 1192.5 1175.2 1157.5 1139.1 1121.3 1101.7 1082.2 1062.9 1043.5 1023.5 
 1003.7 983.66 963.03 942.36 921.47 900.4 879.64 858.21 836.64 815.43 
 794.14 771.98 750.33 728.58 706.45 684.96 662.61 640.33 618.02 595.95 
 574 551.38 529.21 507.08 484.76 462.73 440.84 418.86 397.35 375.58 
 354.01 332.86 311.84 290.98 270.47 249.97 230 210.45 191.65 172.95 
 154.09 135.89 117.88 100.35 83.277 66.647 50.59 35.114 20.761 8.8197 
 2.294 1.5765 1.57 1.5829 1.6411 1.6997 1.7831 1.8614 1.9395 2.0296 
 2.1281 2.2125 2.3083 2.4002 2.4967 2.5938 2.7052 2.8093 2.9064 3.0231 
 3.1264 3.237 3.347 3.4634 3.5864 3.6971 3.8135 3.9233 4.0474 4.1701 
 4.3005 4.4238 4.5543 4.6765 4.8063 4.9482 5.0788 5.2025 5.3452 5.4822 
 5.6052 5.7528 5.8903 6.0266 6.1758 6.3366 6.4728 6.6291 6.7663 6.922 
 7.0697 7.2209 7.3682 7.5174 7.6606 7.8098 7.9599 8.0883 8.2385 8.3821 
 8.5237 8.6733 8.8028 8.9463 9.0883 9.2242 9.3601 9.5039 9.6334 9.7625 
 9.893 10.023 10.165 10.282 10.419 10.554 10.678 10.802 10.912 11.029 
 11.146 11.255 11.371 11.451 11.528 11.606 11.696 11.762 11.814 11.885 
 11.905 
1478.4 1476.8 1476.2 1474.7 1472.9 1471 1467.2 1463 1458.6 1453.3 
 1447.1 1439.9 1432.3 1424.1 1415 1405.9 1395.5 1384.9 1373.6 1361.8 
 1349.5 1336.3 1322.5 1309 1294 1279.2 1263.7 1248 1231.8 1215.3 
 1198.2 1181 1163.2 1145.2 1127 1107.7 1089 1069.6 1050.2 1030.4 
 1010.1 989.74 969.37 948.99 928.2 907.12 885.99 864.66 843.35 821.65 
 800.15 778.27 756.65 734.67 712.74 690.67 668.82 646.52 624.48 602.16 
 580.07 557.69 535.37 513.12 491.02 468.81 446.83 424.81 403.32 381.87 
 360.43 338.91 317.95 296.69 276.13 255.53 235.44 215.45 195.94 176.85 
 157.82 139.4 121.25 103.53 86.32 69.477 53.116 37.372 22.766 9.9436 
 2.4916 1.5765 1.6092 1.6419 1.7068 1.7716 1.8491 1.9205 2.0118 2.0972 
 2.1867 2.2656 2.3687 2.46 2.5635 2.6676 2.7709 2.8683 2.9788 3.0753 
 3.1924 3.3025 3.4199 3.5372 3.6396 3.7567 3.8735 3.9914 4.1133 4.2183 
 4.3542 4.49 4.6141 4.75 4.8862 5.0089 5.1516 5.2818 5.426 5.5615 
 5.6964 5.8475 5.9897 6.146 6.3132 6.45 6.6114 6.7752 6.9233 7.0851 
 7.2427 7.4102 7.5477 7.7149 7.8657 8.0126 8.1626 8.3046 8.4668 8.6176 
 8.7592 8.908 9.0511 9.1823 9.3309 9.4671 9.5955 9.7322 9.8759 10.004 
 10.129 10.264 10.395 10.517 10.64 10.77 10.881 10.984 11.081 11.185 
 11.288 11.386 11.465 11.529 11.58 11.646 11.704 11.756 11.814 11.859 
 11.905 
1478.4 1476.5 1475.8 1474.4 1472.5 1469.9 1466.8 1462.3 1457.8 1452.5 
 1445.9 1439.2 1432 1424 1415.2 1406 1396.3 1385.7 1374.6 1362.9 
 1350.8 1337.4 1324 1310.2 1296.2 1281.1 1266.3 1250.6 1234.8 1218.2 
 1201.3 1184.3 1166.3 1149 1131.1 1112.5 1093.4 1074.2 1055.1 1035.6 
 1015.4 995.41 974.74 954.41 933.88 912.69 891.76 870.28 849.08 827.45 
 806.09 784.4 762.42 740.54 718.38 696.27 674.34 652.17 629.87 607.7 
 585.6 563.37 541.5 519.05 496.9 474.92 452.53 430.46 408.25 386.47 
 364.42 342.94 321.78 300.49 279.56 258.76 238.43 218.26 199.18 180.09 
 160.94 142.34 124.03 106.09 88.501 71.661 55.069 39.166 23.978 10.372 
 2.3361 1.6933 1.6804 1.6803 1.7127 1.7779 1.8614 1.9273 2.0235 2.1216 
 2.2051 2.3033 2.393 2.5031 2.6008 2.6984 2.8148 2.9128 3.0228 3.1337 
 3.2431 3.3593 3.4774 3.5862 3.7177 3.821 3.9504 4.0608 4.1973 4.321 
 4.4634 4.6195 4.7757 4.9371 5.0593 5.1507 5.2684 5.4092 5.5516 5.6959 
 5.8379 6.0017 6.1445 6.3046 6.456 6.6113 6.7731 6.934 7.0915 7.2456 
 7.4017 7.5575 7.7128 7.8552 8.0125 8.1557 8.3046 8.453 8.603 8.7442 
 8.8806 9.0229 9.1535 9.2829 9.4138 9.5562 9.6727 9.7953 9.9314 10.05 
 10.167 10.295 10.418 10.529 10.646 10.75 10.853 10.971 11.054 11.165 
 11.256 11.34 11.424 11.49 11.554 11.619 11.671 11.736 11.794 11.846 
 11.905 
1478.4 1477.1 1475.7 1474.7 1472.2 1469.4 1465.6 1461.4 1457 1451.3 
 1445.3 1438.4 1431.3 1423.5 1414.8 1405.8 1396.3 1385.9 1375.7 1363.7 
 1351.9 1339.2 1326 1312.7 1299.2 1284.4 1269.3 1253.6 1237.9 1222 
 1205.4 1188.6 1171.3 1154 1135.6 1117.2 1098.7 1079.8 1060.8 1041.6 
 1021.8 1001.8 981.58 961.47 940.5 919.64 899.14 877.97 856.46 835.2 
 813.74 791.84 770.08 748.32 726.01 704.26 682.41 660.19 637.84 615.68 
 593.4 571.35 548.98 526.66 504.32 482.03 459.7 437.59 415.87 394.29 
 372.7 350.86 329.63 308.14 287.18 266.34 245.8 225.34 205.38 185.76 
 166.34 147.61 129.04 110.78 93.224 75.93 59.297 43.141 27.775 13.262 
 2.6167 1.8425 1.8426 1.8493 1.8887 1.9532 2.0113 2.0897 2.1803 2.272 
 2.3749 2.4666 2.5889 2.6932 2.7905 2.8884 3.0112 3.1154 3.2261 3.343 
 3.4646 3.5833 3.6983 3.8229 3.9455 4.0686 4.2055 4.3356 4.4595 4.601 
 4.7366 4.8681 5.0162 5.1402 5.289 5.4321 5.5729 5.7113 5.8605 6.0085 
 6.1586 6.3071 6.4624 6.6185 6.7682 6.9227 7.0794 7.2411 7.3903 7.5391 
 7.6835 7.8259 7.9748 8.1247 8.2667 8.4087 8.5514 8.6884 8.8236 8.9599 
 9.0957 9.2263 9.3625 9.4858 9.6088 9.7461 9.8744 9.9912 10.115 10.231 
 10.343 10.472 10.576 10.673 10.784 10.906 10.984 11.088 11.165 11.257 
 11.341 11.438 11.509 11.568 11.627 11.704 11.756 11.821 11.873 11.911 
 11.905 
1478.4 1480.4 1479.4 1477.2 1474.9 1472 1468.5 1464 1458.8 1453.6 
 1447 1440.6 1432.8 1424.6 1415.9 1406.9 1396.8 1386.9 1375.7 1364.2 
 1352 1339.8 1326.5 1313 1299.4 1284.2 1269.3 1254.4 1238.4 1222.3 
 1205.8 1188.9 1171.5 1153.9 1136.4 1117.9 1098.9 1079.9 1061.1 1041.5 
 1021.9 1002.2 981.62 961.29 941.04 919.56 898.83 877.43 856.43 834.87 
 813.14 791.73 769.65 747.89 725.55 703.65 681.4 659.14 636.71 614.36 
 592.11 569.52 547.43 525.13 502.76 480.43 458 435.83 413.78 391.84 
 369.65 348.03 326.59 305.3 284.16 263.41 242.88 222.61 203.35 184.09 
 164.76 145.93 127.47 109.47 92.06 75.161 58.586 42.648 27.622 13.393 
 2.8091 2.2706 2.129 2.0507 2.0308 2.0306 2.0564 2.1222 2.2187 2.3219 
 2.4261 2.5434 2.647 2.7564 2.8864 3.0039 3.1139 3.2375 3.354 3.4837 
 3.607 3.7171 3.8543 3.9766 4.1128 4.2355 4.3605 4.4968 4.6259 4.7686 
 4.9041 5.0408 5.1714 5.3133 5.4678 5.5928 5.7347 5.89 6.0345 6.1898 
 6.3447 6.4859 6.638 6.7868 6.943 7.0962 7.2467 7.3899 7.5456 7.6887 
 7.8296 7.9744 8.1364 8.2655 8.4067 8.5377 8.6925 8.8171 8.9579 9.0899 
 9.218 9.3496 9.4843 9.6084 9.7323 9.8546 9.9782 10.095 10.225 10.335 
 10.432 10.556 10.665 10.763 10.873 10.977 11.062 11.165 11.23 11.308 
 11.386 11.477 11.535 11.6 11.658 11.71 11.762 11.801 11.859 11.885 
 11.905 
