IESNA:LM-63-2002
[TEST] 1
[TESTLAB] 
[TESTDATE] 2025-02-21
[ISSUEDATE] 2025-02-21 11:15:55
[LAMPPOSITION] 0,0
[OTHER] EVERFINE GO-2000A_V1 SYSTEM
[MANUFAC] 
[LUMINAIRE] 35W-4000K
[LAMP] DB77E-4-50L-UD-P-A5W5C5
TILT=NONE
1 4590.4 1 181 17 1 2 0.060 1.200 0.000
1.000 1 32.9969
0.0    1.0    2.0    3.0    4.0    5.0    6.0    7.0    8.0    9.0    
 10.0   11.0   12.0   13.0   14.0   15.0   16.0   17.0   18.0   19.0   
 20.0   21.0   22.0   23.0   24.0   25.0   26.0   27.0   28.0   29.0   
 30.0   31.0   32.0   33.0   34.0   35.0   36.0   37.0   38.0   39.0   
 40.0   41.0   42.0   43.0   44.0   45.0   46.0   47.0   48.0   49.0   
 50.0   51.0   52.0   53.0   54.0   55.0   56.0   57.0   58.0   59.0   
 60.0   61.0   62.0   63.0   64.0   65.0   66.0   67.0   68.0   69.0   
 70.0   71.0   72.0   73.0   74.0   75.0   76.0   77.0   78.0   79.0   
 80.0   81.0   82.0   83.0   84.0   85.0   86.0   87.0   88.0   89.0   
 90.0   91.0   92.0   93.0   94.0   95.0   96.0   97.0   98.0   99.0   
 100.0  101.0  102.0  103.0  104.0  105.0  106.0  107.0  108.0  109.0  
 110.0  111.0  112.0  113.0  114.0  115.0  116.0  117.0  118.0  119.0  
 120.0  121.0  122.0  123.0  124.0  125.0  126.0  127.0  128.0  129.0  
 130.0  131.0  132.0  133.0  134.0  135.0  136.0  137.0  138.0  139.0  
 140.0  141.0  142.0  143.0  144.0  145.0  146.0  147.0  148.0  149.0  
 150.0  151.0  152.0  153.0  154.0  155.0  156.0  157.0  158.0  159.0  
 160.0  161.0  162.0  163.0  164.0  165.0  166.0  167.0  168.0  169.0  
 170.0  171.0  172.0  173.0  174.0  175.0  176.0  177.0  178.0  179.0  
 180.0  
0.0    22.5   45.0   67.5   90.0   112.5  135.0  157.5  180.0  202.5  
 225.0  247.5  270.0  292.5  315.0  337.5  360.0  
1713 1715.3 1713.7 1711.7 1708.7 1705.1 1701.3 1696.1 1690.2 1683.8 
 1677 1669 1660.2 1650.6 1640.5 1629.8 1618.3 1606.8 1594.2 1580.6 
 1566.8 1551.8 1537.1 1521.7 1505.6 1488.9 1471.1 1453.8 1435.2 1416.6 
 1397.3 1377.5 1357.7 1337.2 1316.7 1295.1 1273.7 1251.7 1229.5 1207.1 
 1184 1160.9 1137.6 1114.1 1090.3 1066.4 1042.3 1017.6 992.8 967.76 
 942.94 917.61 892.29 867.32 841.5 816.03 790.35 764.67 738.85 712.74 
 686.91 660.81 634.98 609.09 583.05 557.15 531.47 505.86 480.04 454.43 
 429.03 403.93 379.03 354.13 329.58 305.4 281.81 258.18 235.12 212.36 
 190.8 169.26 147.92 127.03 106.72 87.032 67.865 49.493 31.959 15.598 
 3.2437 2.65 2.48 2.4004 2.3874 2.3876 2.4198 2.4908 2.6141 2.7319 
 2.8549 2.9839 3.1069 3.2439 3.3726 3.5077 3.6394 3.7874 3.9313 4.0676 
 4.2108 4.3604 4.4948 4.6495 4.7944 4.9493 5.0978 5.2551 5.4084 5.5521 
 5.7141 5.8716 6.0334 6.1879 6.3583 6.5271 6.6958 6.8691 7.0323 7.207 
 7.3827 7.5589 7.7322 7.9143 8.09 8.2657 8.4385 8.6152 8.7968 8.9522 
 9.1209 9.2961 9.4583 9.6261 9.7897 9.9515 10.102 10.268 10.419 10.575 
 10.738 10.879 11.028 11.184 11.327 11.47 11.606 11.748 11.884 12.021 
 12.144 12.282 12.416 12.533 12.65 12.773 12.885 12.982 13.078 13.17 
 13.254 13.338 13.422 13.494 13.559 13.617 13.676 13.734 13.786 13.819 
 13.845 
1713 1718.3 1717.7 1714.8 1711.5 1708.2 1703.6 1698.2 1692.3 1685.8 
 1678.3 1670.1 1661 1651.8 1641.5 1630.2 1618.4 1606.4 1592.8 1579.5 
 1565.2 1550.7 1535 1518.9 1502.8 1485.4 1468.1 1450.5 1431.5 1412.6 
 1393.3 1373.4 1352.9 1332.5 1311.4 1289.7 1268 1245.7 1223.2 1201 
 1177.7 1154.5 1130.9 1107.6 1083.3 1059.4 1034.7 1010.2 985.32 960.29 
 935.32 910.07 885.02 859.55 833.66 808.26 782.44 756.26 730.29 704.25 
 678.43 652.25 626.21 600.1 574.14 548.24 522.13 496.31 470.63 445.16 
 419.85 395.05 370.25 345.27 321.07 296.75 272.96 249.37 226.2 203.59 
 181.07 159.4 138.01 117.16 96.921 77.166 58.131 39.999 22.805 7.6236 
 2.2962 2.2447 2.2513 2.2779 2.343 2.4205 2.5181 2.6089 2.7257 2.8418 
 2.9668 3.0884 3.1995 3.3356 3.4515 3.5828 3.7179 3.8487 3.9775 4.1074 
 4.263 4.3944 4.5371 4.6776 4.8212 4.972 5.1192 5.2616 5.4135 5.5748 
 5.731 5.8859 6.0486 6.21 6.3731 6.5396 6.6967 6.8658 7.0263 7.2028 
 7.3702 7.5584 7.7346 7.9167 8.093 8.274 8.4414 8.6221 8.7997 8.9725 
 9.1422 9.3192 9.487 9.6557 9.8235 9.9913 10.149 10.309 10.474 10.623 
 10.796 10.946 11.095 11.251 11.399 11.543 11.691 11.829 11.971 12.094 
 12.23 12.353 12.489 12.606 12.723 12.827 12.944 13.041 13.138 13.228 
 13.307 13.397 13.469 13.533 13.599 13.663 13.702 13.741 13.793 13.819 
 13.845 
1713 1716.6 1714.8 1712.6 1708.9 1704.8 1699.8 1694.1 1687.8 1680.4 
 1672.3 1663.8 1654.5 1644.1 1633.1 1621.8 1609.1 1596.1 1582.5 1568.4 
 1553.7 1538.4 1522.1 1505.6 1488.6 1471 1453.2 1434.5 1415 1395.5 
 1375.4 1355.4 1334.5 1313.2 1291.4 1269.7 1247.4 1225.4 1202.4 1179.1 
 1156 1132.5 1108.5 1084.7 1060.6 1035.7 1011.4 986.39 961.49 936.24 
 911.06 885.59 860.41 835.08 809.27 783.8 757.97 732.01 705.97 680.22 
 654.46 628.36 602.46 576.71 550.75 525.28 499.45 473.7 448.02 422.84 
 397.44 372.53 347.99 323.37 299.14 275.53 252.24 229.01 207.14 185.26 
 163.44 142.18 121.47 101.28 81.6 62.532 44.309 26.893 11.571 2.7297 
 2.6313 2.5329 2.4345 2.3361 2.2377 2.3292 2.4327 2.5421 2.653 2.7625 
 2.8856 2.9973 3.1246 3.2429 3.3672 3.4966 3.6314 3.75 3.8794 4.0218 
 4.1574 4.2818 4.4238 4.5604 4.6963 4.8455 4.994 5.1428 5.2803 5.4287 
 5.5792 5.7289 5.8842 6.0326 6.1952 6.3704 6.5253 6.6935 6.8641 7.0374 
 7.213 7.3883 7.5616 7.7461 7.9208 8.0942 8.2693 8.4455 8.6143 8.7964 
 8.9591 9.1278 9.3026 9.4704 9.634 9.8027 9.9701 10.127 10.28 10.443 
 10.605 10.815 11.058 11.294 11.528 11.749 11.938 12.086 12.209 12.32 
 12.436 12.534 12.637 12.721 12.819 12.929 13.02 13.105 13.177 13.266 
 13.325 13.397 13.462 13.538 13.578 13.617 13.669 13.721 13.766 13.806 
 13.845 
1713 1711.8 1710.1 1707.3 1703.8 1699.3 1694.3 1688.2 1681.4 1673.8 
 1665.7 1656.8 1646.5 1635.9 1624.5 1612.8 1599.9 1586.8 1572.4 1558.2 
 1543 1527.1 1510.7 1493.6 1476.2 1458.1 1439.5 1420.6 1401.2 1381.5 
 1361.2 1340.7 1318.8 1297.2 1275.7 1253.4 1231 1208.4 1185.3 1162.1 
 1138.4 1114.5 1090.8 1067 1042.1 1017.6 992.97 968.07 943.03 918.06 
 892.89 867.7 842.38 816.91 791.58 765.83 740.08 714.39 688.78 662.96 
 637.14 611.46 585.63 559.81 534.14 508.74 483.41 457.95 432.77 408.02 
 383.53 359.05 334.82 310.82 287.12 263.79 240.86 218.09 195.97 174.29 
 152.82 132.06 111.67 91.869 72.771 54.199 36.425 20.133 7.554 2.2617 
 1.9533 1.9988 2.0574 2.1294 2.2126 2.292 2.414 2.505 2.6088 2.7137 
 2.8306 2.9528 3.0639 3.1861 3.3094 3.4336 3.5495 3.6669 3.8091 3.9328 
 4.0626 4.1916 4.3168 4.4711 4.6066 4.7433 4.8853 5.0235 5.1643 5.3148 
 5.4628 5.5991 5.7504 5.8998 6.0598 6.2105 6.3726 6.528 6.6898 6.8516 
 7.0134 7.1894 7.3508 7.528 7.7036 7.8783 8.0527 8.2348 8.4155 8.5833 
 8.7585 8.9211 9.077 9.2651 9.436 9.5974 9.766 9.9209 10.085 10.251 
 10.421 10.582 10.726 10.887 11.036 11.185 11.33 11.479 11.633 11.77 
 11.906 12.035 12.185 12.327 12.443 12.574 12.704 12.814 12.917 13.027 
 13.131 13.228 13.327 13.41 13.495 13.573 13.625 13.682 13.747 13.799 
 13.845 
1713 1705.3 1703.3 1700.7 1696.9 1692.7 1687.1 1680.8 1674 1665.9 
 1657.4 1648.3 1638 1627.2 1615.8 1603.5 1590.6 1577 1562.9 1548.4 
 1532.8 1516.7 1500.2 1483 1465.6 1446.9 1428.6 1409.4 1389.6 1369.9 
 1349.1 1328.5 1307.2 1285.4 1263.7 1241.3 1219.1 1196 1173.3 1150.1 
 1126.5 1102.6 1078.8 1054.9 1030.4 1005.7 981.41 956.3 931.62 906.58 
 881.62 856.36 831.11 805.78 780.17 755.13 729.52 703.77 678.02 652.27 
 626.73 600.98 575.65 549.97 524.51 499.32 474.07 448.97 424.14 399.76 
 375.38 351.41 327.31 303.34 280.24 257.03 234.25 212.01 190.13 168.57 
 147.52 127.12 106.92 87.53 68.475 50.26 33.019 17.566 6.6603 2.8864 
 2.8166 2.9065 3.005 3.1162 3.2385 3.3684 3.511 3.6398 3.7772 3.9132 
 4.0637 4.2125 4.3608 4.4973 4.653 4.81 4.964 5.1081 5.2626 5.4256 
 5.5797 5.7302 5.8859 6.0353 6.2022 6.3597 6.5215 6.6773 6.8382 7.0134 
 7.1696 7.3399 7.495 7.6644 7.8185 7.9815 8.1383 8.3056 8.467 8.6357 
 8.8043 8.9602 9.1298 9.2985 9.4667 9.6234 9.7907 9.9408 10.095 10.257 
 10.406 10.569 10.719 10.876 11.01 11.147 11.276 11.421 11.569 11.704 
 11.841 11.965 12.088 12.204 12.322 12.438 12.548 12.645 12.749 12.86 
 12.962 13.028 13.105 13.177 13.261 13.345 13.43 13.495 13.572 13.637 
 13.702 13.747 13.793 13.858 13.916 13.909 13.909 13.909 13.903 13.903 
 13.845 
1713 1709 1707.1 1704.2 1700.8 1696.4 1691.2 1685 1678.3 1670.9 
 1662.4 1653 1643.6 1632.9 1621.6 1609.8 1597 1583.5 1569.7 1555.1 
 1539.8 1523.8 1507.8 1491.1 1473.3 1455.4 1436.9 1417.8 1398.1 1378.9 
 1358.1 1337.4 1316.3 1294.7 1272.6 1250.6 1228 1205.4 1182.7 1159.1 
 1135.6 1111.9 1088.2 1063.7 1039.3 1015 990.17 965.35 940.53 915.34 
 890.23 864.91 839.66 814.05 788.65 763.26 737.44 711.61 686.07 660.25 
 634.64 608.82 583.13 557.24 531.84 506.23 480.62 455.59 430.32 405.29 
 380.59 356.14 331.8 307.82 284.51 260.94 238.27 215.59 194.14 172.71 
 151.25 130.69 110.28 90.592 71.38 52.853 35.193 19.135 7.3042 2.976 
 2.8682 2.9317 3.0351 3.1518 3.2689 3.3979 3.5284 3.6703 3.8126 3.949 
 4.1001 4.2533 4.3918 4.5466 4.6891 4.846 5.0013 5.1562 5.3174 5.4681 
 5.6178 5.767 5.9357 6.0898 6.2647 6.4147 6.5764 6.745 6.9151 7.0705 
 7.2377 7.3949 7.5511 7.7184 7.8866 8.0378 8.2106 8.3743 8.5416 8.7043 
 8.8739 9.0422 9.1993 9.3671 9.5303 9.7022 9.8466 10.022 10.171 10.327 
 10.495 10.651 10.8 10.951 11.086 11.216 11.351 11.481 11.618 11.742 
 11.871 11.982 12.098 12.208 12.32 12.429 12.526 12.612 12.709 12.799 
 12.87 12.942 13.014 13.078 13.15 13.227 13.305 13.357 13.41 13.461 
 13.513 13.559 13.591 13.643 13.682 13.721 13.747 13.767 13.773 13.773 
 13.845 
1713 1709.9 1708.1 1705.9 1702.8 1698.6 1693.8 1687.9 1681.3 1674.8 
 1667 1658.4 1649.2 1638.9 1628 1616.6 1604.5 1591.6 1578.1 1563.9 
 1549.4 1534.1 1518.1 1501.7 1485 1467.3 1449.5 1430.9 1412.2 1393 
 1372.8 1352.6 1331.8 1310.3 1289.6 1267.3 1245.3 1222.7 1200.2 1177.2 
 1154.1 1130.7 1106.9 1082.9 1058.6 1034.4 1009.7 984.49 960.08 934.97 
 909.78 884.67 859.21 833.74 808.06 782.66 756.84 731.44 705.33 679.37 
 653.83 628.22 602.32 576.57 550.82 525.42 499.67 473.99 448.66 423.35 
 398.68 374.02 349.19 324.82 301.14 277.13 253.6 230.47 207.75 185.56 
 163.85 142.59 121.59 101.43 81.64 62.422 44.23 26.756 11.579 3.4234 
 3.0371 3.1208 3.1998 3.3233 3.4389 3.5684 3.7119 3.8486 3.9909 4.1337 
 4.2818 4.4327 4.5863 4.7416 4.8862 5.0531 5.211 5.3711 5.5333 5.6717 
 5.8258 5.9962 6.1572 6.3185 6.482 6.6314 6.7996 6.9734 7.1361 7.2988 
 7.4679 7.6233 7.7868 7.9486 8.103 8.2778 8.4289 8.6036 8.7727 8.9328 
 9.1079 9.2776 9.448 9.609 9.7776 9.933 10.107 10.252 10.406 10.557 
 10.718 10.867 11.015 11.152 11.309 11.432 11.568 11.703 11.827 11.969 
 12.087 12.204 12.315 12.437 12.54 12.645 12.742 12.839 12.93 13.014 
 13.111 13.176 13.242 13.293 13.371 13.436 13.501 13.566 13.617 13.663 
 13.715 13.747 13.767 13.806 13.832 13.845 13.845 13.845 13.845 13.845 
 13.845 
1713 1710.9 1709.7 1707.3 1704.6 1700.8 1696.3 1691.5 1685.2 1678.6 
 1671.3 1663 1653.8 1644.7 1634.3 1623.6 1611.6 1599.7 1586.4 1572.9 
 1558.5 1544.1 1528.9 1512.8 1496.4 1479.5 1461.9 1444.1 1425.4 1406.5 
 1387.1 1367.3 1347.2 1326.5 1305.3 1283.8 1262.2 1240 1217.5 1194.7 
 1171.6 1148.4 1125.2 1101.2 1077.1 1053.4 1028.8 1004 979.39 954.43 
 929.31 904.06 878.81 853.55 827.81 802.13 776.52 750.84 724.66 698.97 
 672.87 647.04 620.87 594.97 569.36 543.54 517.57 492.1 466.42 441.02 
 415.34 390.5 365.48 340.87 316.59 292.41 268.74 245.26 222.08 200.11 
 178.15 156.48 135.08 114.28 94.042 74.391 55.353 37.265 20.131 5.998 
 3.2985 3.2698 3.2698 3.353 3.4627 3.5871 3.7155 3.8467 4.0083 4.1512 
 4.3012 4.4566 4.6046 4.768 4.9294 5.0847 5.2353 5.391 5.5386 5.7002 
 5.8569 6.0187 6.1749 6.3353 6.4993 6.6611 6.8233 6.9915 7.1616 7.3226 
 7.4792 7.6548 7.8162 7.9724 8.1277 8.3037 8.457 8.6217 8.7904 8.9445 
 9.1199 9.2823 9.4458 9.6072 9.7681 9.9167 10.085 10.237 10.386 10.54 
 10.69 10.84 10.996 11.139 11.268 11.41 11.535 11.663 11.793 11.93 
 12.053 12.184 12.287 12.396 12.501 12.612 12.715 12.806 12.897 12.982 
 13.072 13.137 13.188 13.253 13.325 13.403 13.475 13.513 13.565 13.617 
 13.656 13.682 13.708 13.754 13.786 13.805 13.825 13.838 13.838 13.838 
 13.845 
1713 1715.3 1714.4 1712.3 1709.9 1706.6 1702.5 1697.8 1692.2 1686 
 1678.9 1671.1 1662.7 1653.6 1643.7 1633 1621.7 1609.8 1597.4 1584.1 
 1570.4 1555.9 1541 1525.6 1509.4 1492.3 1475.4 1457.7 1439.6 1421.1 
 1402 1382.5 1362.6 1342.1 1321.4 1300 1278.7 1256.5 1234.5 1211.9 
 1189.1 1166.4 1142.9 1119.2 1095.3 1071.1 1046.7 1021.9 997.66 972.48 
 947.3 922.33 896.79 871.26 845.71 819.82 793.92 768.1 741.92 715.67 
 689.84 663.66 637.55 611.3 585.34 559.58 533.19 507.65 481.83 456.08 
 430.54 405.56 380.65 355.74 331.28 306.91 282.87 259.15 235.89 213.03 
 190.51 168.73 147.07 126.24 105.79 85.855 67.017 48.533 31.057 14.926 
 3.6765 3.4968 3.4969 3.5104 3.5625 3.6332 3.7511 3.8863 4.0304 4.1905 
 4.3333 4.4977 4.6577 4.8074 4.9692 5.1314 5.2941 5.4563 5.606 5.7627 
 5.9296 6.0797 6.2489 6.4176 6.5785 6.7407 6.9029 7.0656 7.2283 7.3965 
 7.5536 7.7149 7.8694 8.0386 8.2008 8.3552 8.5063 8.6749 8.8307 8.9985 
 9.1741 9.3299 9.4982 9.6595 9.817 9.971 10.109 10.265 10.407 10.561 
 10.705 10.847 10.992 11.12 11.262 11.381 11.504 11.645 11.769 11.898 
 12.027 12.139 12.256 12.366 12.464 12.58 12.671 12.762 12.852 12.937 
 13.02 13.099 13.15 13.216 13.299 13.371 13.449 13.501 13.56 13.605 
 13.644 13.682 13.715 13.774 13.825 13.851 13.864 13.864 13.864 13.864 
 13.845 
1713 1719 1717.9 1716.1 1713.9 1710.8 1706.7 1702.2 1696.6 1690.3 
 1683.1 1675.4 1667.4 1658.4 1648.5 1637.9 1626.8 1614.7 1601.8 1588.9 
 1575 1560.8 1545.9 1530 1514 1497.2 1480.3 1462.4 1444.1 1425.5 
 1405.9 1386.1 1366.1 1345.6 1324.7 1303.2 1281.9 1259.7 1237.5 1215.1 
 1191.9 1168.4 1145.2 1121.5 1097.4 1073.3 1049 1024.4 999.44 974.6 
 949.35 923.89 898.56 872.96 846.99 821.38 795.35 769.52 743.34 716.95 
 690.84 664.52 638.55 611.87 586.12 560.01 533.76 508.07 482.18 456.43 
 430.53 405.42 380.09 355.12 330.72 306.33 282.43 258.6 235.25 212.09 
 190.3 168.52 146.74 125.82 105.17 85.199 66.008 47.282 29.662 13.239 
 3.4597 3.2268 3.2179 3.25 3.3405 3.4564 3.5736 3.7173 3.8513 4.0093 
 4.1561 4.3013 4.4493 4.5994 4.7547 4.916 5.0662 5.2202 5.3768 5.5197 
 5.6688 5.8374 6.0006 6.1559 6.3108 6.4725 6.6361 6.7906 6.954 7.1163 
 7.2831 7.4459 7.6034 7.7717 7.9339 8.0953 8.2562 8.4137 8.5763 8.7441 
 8.911 9.0742 9.2429 9.394 9.5613 9.7111 9.8588 10.009 10.152 10.313 
 10.475 10.612 10.761 10.904 11.034 11.163 11.293 11.418 11.541 11.677 
 11.801 11.923 12.028 12.143 12.261 12.364 12.456 12.547 12.643 12.728 
 12.806 12.877 12.949 13.007 13.078 13.156 13.234 13.293 13.345 13.39 
 13.442 13.48 13.513 13.578 13.624 13.669 13.702 13.741 13.754 13.767 
 13.845 
1713 1717.7 1716.8 1715.9 1713.2 1710.1 1706.3 1701.6 1696.5 1689.8 
 1682.9 1675.6 1667 1657.7 1647.9 1637 1625.4 1613.5 1600.9 1587.1 
 1573 1558.3 1542.8 1527.2 1510.6 1493.7 1476.3 1458 1439.6 1420.5 
 1401.1 1381.3 1361.2 1340 1319 1297.4 1275.6 1252.9 1230.9 1207.7 
 1184.5 1161.7 1137.8 1114.1 1089.8 1065.7 1041.1 1016.3 991.32 966.49 
 941.45 916.27 890.58 864.97 839.37 813.75 787.65 761.89 735.85 709.6 
 683.85 657.67 631.7 605.53 579.84 553.88 527.84 502.3 476.41 450.8 
 425.26 400.55 375.83 350.77 326.48 302.06 278.23 254.76 231.62 208.93 
 186.71 164.99 143.69 122.94 102.59 82.817 63.84 45.358 27.874 12.329 
 3.4959 2.9585 3.0173 3.1147 3.2186 3.3345 3.4585 3.5962 3.7319 3.8806 
 4.0158 4.1726 4.3074 4.4635 4.6132 4.7689 4.9178 5.067 5.2244 5.3737 
 5.5278 5.6783 5.8332 5.9967 6.1512 6.3121 6.4679 6.6365 6.7822 6.9563 
 7.1168 7.2738 7.436 7.5931 7.7531 7.9158 8.0711 8.2408 8.4089 8.5634 
 8.7411 8.9203 9.0779 9.2517 9.4152 9.5757 9.731 9.9006 10.063 10.225 
 10.373 10.542 10.692 10.843 10.983 11.107 11.27 11.393 11.542 11.672 
 11.796 11.919 12.035 12.153 12.262 12.385 12.489 12.58 12.672 12.781 
 12.866 12.936 13.008 13.072 13.138 13.228 13.307 13.359 13.418 13.488 
 13.546 13.579 13.631 13.728 13.773 13.812 13.832 13.832 13.832 13.832 
 13.845 
1713 1713.4 1712.7 1711.4 1709 1706.3 1702.2 1697.3 1691.7 1685.6 
 1678.4 1670.1 1661.4 1651.7 1641.6 1630.7 1619.1 1606.7 1593.7 1579.6 
 1565.2 1550.3 1534.7 1518.1 1501.7 1484.2 1466.5 1448.5 1429.3 1410.1 
 1390.4 1369.8 1349.4 1328.2 1307 1285.2 1263.1 1240.7 1218 1194.8 
 1171.4 1148.1 1124.4 1100.4 1076.2 1052.1 1027.4 1002.5 977.75 952.78 
 927.67 902.42 876.95 851.78 826.09 800.56 774.66 749.19 723.3 697.48 
 671.44 645.47 619.72 593.69 568.22 542.39 516.5 491.1 465.7 440.52 
 415.12 390.37 365.55 341 317.15 293.32 270.01 246.91 224.09 202.51 
 180.93 159.61 138.67 118.27 98.28 78.932 60.068 42.092 25.14 10.941 
 3.42 2.8074 2.8219 2.912 3.0218 3.1463 3.2696 3.3976 3.5409 3.6829 
 3.8143 3.9631 4.0991 4.2551 4.3971 4.5583 4.7093 4.8461 5.0061 5.1571 
 5.3175 5.4738 5.6231 5.7783 5.9337 6.0976 6.258 6.4091 6.5768 6.7262 
 6.9007 7.0576 7.2206 7.3871 7.543 7.7064 7.8691 8.0443 8.2061 8.3808 
 8.5486 8.7237 8.8935 9.0613 9.2253 9.3918 9.5618 9.7287 9.8993 10.068 
 10.229 10.399 10.568 10.723 10.873 11.021 11.164 11.306 11.461 11.604 
 11.735 11.871 11.993 12.118 12.253 12.365 12.469 12.579 12.682 12.773 
 12.877 12.949 13.02 13.091 13.169 13.267 13.338 13.39 13.461 13.52 
 13.572 13.617 13.656 13.695 13.727 13.754 13.767 13.786 13.78 13.78 
 13.845 
1713 1706.4 1706.2 1704.8 1702.5 1699 1694.8 1690.4 1684.6 1678.2 
 1670.9 1662.7 1653.9 1644.6 1634.5 1623.6 1611.7 1599.3 1585.8 1572.7 
 1558.3 1542.9 1527.6 1511.1 1494.5 1477.2 1459 1440.9 1421.9 1402.9 
 1382.9 1362.9 1342.2 1321.2 1299.6 1277.8 1255.9 1233.4 1210.8 1187.9 
 1164.7 1141.1 1117.6 1093.5 1069.8 1045.5 1021.1 995.94 971.33 946.3 
 921.47 896.57 871.25 846 820.46 795.21 769.46 743.99 718.17 692.2 
 666.38 640.69 615.08 589.19 563.85 538.11 512.57 487.18 461.92 437.09 
 411.99 386.87 362.97 338.7 314.67 291.14 268.01 245.13 222.49 201.02 
 179.55 158.42 137.59 117.15 97.434 78.031 59.289 41.308 24.674 10.675 
 2.7744 1.864 1.8555 1.8619 1.9324 2.01 2.1006 2.1791 2.2763 2.3856 
 2.4906 2.6006 2.7051 2.8212 2.9322 3.0534 3.1716 3.2872 3.411 3.5343 
 3.6589 3.787 3.9246 4.0544 4.1761 4.3136 4.442 4.5849 4.7357 4.877 
 5.0193 5.1576 5.3052 5.4625 5.6045 5.7537 5.895 6.0578 6.226 6.3836 
 6.538 6.6925 6.8702 7.0316 7.2142 7.376 7.5566 7.7181 7.8995 8.0616 
 8.2385 8.4077 8.5829 8.7452 8.9065 9.0802 9.2426 9.4186 9.5809 9.7505 
 9.9234 10.081 10.242 10.412 10.568 10.73 10.892 11.059 11.209 11.364 
 11.513 11.664 11.832 11.989 12.137 12.291 12.43 12.573 12.727 12.839 
 12.975 13.104 13.233 13.337 13.435 13.52 13.597 13.676 13.753 13.805 
 13.845 
1713 1710.5 1710.1 1708.5 1706.4 1703.4 1699.7 1694.8 1689.4 1683 
 1675.7 1667.6 1659.1 1649.4 1639.4 1627.8 1616.3 1604 1590.8 1577.7 
 1563.2 1548.2 1532.4 1516.2 1499.3 1482.3 1464.6 1446.7 1427.4 1408.3 
 1389.1 1368.9 1348 1326.9 1305.6 1283.7 1261.7 1239.6 1217 1194 
 1170.7 1147.5 1123.8 1100.1 1076.1 1051.7 1027.2 1002.4 977.55 952.51 
 927.76 902.57 877.04 852.28 826.53 801.28 775.59 750.13 724.23 698.33 
 672.58 646.76 621.15 595.33 569.51 543.96 518.15 492.68 467.56 442.38 
 417.49 393.09 368.68 344.18 320.15 296.53 273.15 249.86 227.17 204.95 
 183.09 161.67 140.67 120.05 99.999 80.463 61.531 43.361 26.343 11.539 
 2.8685 1.8685 1.8823 1.9339 2.0049 2.0776 2.1675 2.2589 2.3563 2.4543 
 2.5631 2.6681 2.7715 2.8885 2.9922 3.1155 3.2381 3.3553 3.4847 3.6083 
 3.7248 3.8497 3.9853 4.1261 4.2502 4.3871 4.5155 4.6534 4.8021 4.9384 
 5.0752 5.2233 5.3797 5.5217 5.6572 5.828 5.983 6.1448 6.307 6.4697 
 6.6315 6.7993 6.982 7.1585 7.325 7.5086 7.6895 7.883 8.0657 8.2404 
 8.4237 8.6103 8.791 8.9672 9.1429 9.3236 9.5002 9.668 9.8368 10.017 
 10.18 10.355 10.519 10.681 10.849 11.011 11.172 11.323 11.478 11.64 
 11.788 11.927 12.08 12.237 12.379 12.516 12.658 12.781 12.891 13.002 
 13.112 13.217 13.326 13.398 13.469 13.533 13.605 13.67 13.721 13.773 
 13.845 
1713 1710.7 1709.5 1707.9 1705.8 1702.7 1698.7 1694 1688.3 1681.9 
 1674.9 1667.2 1658.6 1649.1 1639.1 1628.4 1616.7 1604.7 1591.4 1578.2 
 1564 1549.5 1534.2 1518.2 1501.7 1484.6 1467.1 1449.3 1430.6 1411.7 
 1392.3 1372.3 1351.9 1331.2 1310.3 1288.6 1266.8 1244.8 1222.4 1199.9 
 1176.5 1153.4 1129.7 1106.3 1082.2 1058 1033.7 1009.1 984.39 959.14 
 934.45 909.34 884.02 858.9 833.44 807.83 782.22 756.47 730.72 704.96 
 679.21 653.39 627.64 601.81 576.13 550.59 524.77 499.3 473.69 448.43 
 422.97 397.93 373.26 348.57 324.18 300.12 276.72 253.25 230.21 207.69 
 186.5 164.97 143.72 122.97 102.64 83.035 63.793 45.396 27.837 12.05 
 2.7483 1.9933 1.9724 1.9722 2.0236 2.0948 2.1867 2.2712 2.38 2.4918 
 2.5939 2.7047 2.8215 2.9377 3.0548 3.1713 3.2962 3.426 3.5476 3.6791 
 3.8078 3.9376 4.0599 4.2036 4.3327 4.4769 4.6196 4.7412 4.8915 5.0403 
 5.2029 5.3791 5.5598 5.735 5.8831 5.9937 6.1249 6.3065 6.4614 6.6371 
 6.8063 6.9875 7.1692 7.3425 7.5246 7.7192 7.8955 8.0712 8.2573 8.4346 
 8.6163 8.7915 8.9707 9.1484 9.3346 9.4969 9.661 9.8283 9.997 10.173 
 10.333 10.489 10.653 10.809 10.952 11.108 11.256 11.405 11.554 11.685 
 11.84 11.976 12.111 12.256 12.385 12.514 12.643 12.761 12.866 12.976 
 13.078 13.183 13.28 13.358 13.436 13.52 13.585 13.65 13.702 13.767 
 13.845 
1713 1711.1 1710.3 1708.5 1705.9 1702.4 1698.6 1693.8 1688.5 1681.9 
 1675 1667.1 1658.6 1648.9 1639.1 1628.7 1617.8 1605.9 1593.3 1580 
 1566.1 1551.8 1536.8 1521 1504.9 1488 1470.7 1453.3 1435.1 1416.1 
 1397.2 1377.7 1357.5 1336.9 1316.3 1295.2 1273.5 1251.4 1229.5 1206.9 
 1184.1 1161.2 1137.9 1114.3 1090.5 1066.2 1042.5 1017.8 992.82 968.27 
 943.45 918.26 893.01 867.76 842.58 817.11 791.35 765.89 739.92 714.1 
 688.2 662.24 636.55 610.59 584.69 558.94 533.26 507.58 482.12 456.72 
 431.32 406.44 381.82 357.2 332.8 308.76 284.91 261.13 238.01 215.44 
 192.77 170.96 149.34 128.46 107.96 88.017 68.568 49.812 32.081 15.2 
 3.0884 2.1669 2.1669 2.1739 2.2131 2.2783 2.3683 2.454 2.5631 2.6676 
 2.7844 2.9019 3.0187 3.135 3.2644 3.3945 3.5174 3.6405 3.776 3.9134 
 4.05 4.1784 4.3211 4.4594 4.6066 4.749 4.8918 5.0488 5.1985 5.3533 
 5.5022 5.6525 5.827 5.9778 6.1442 6.3138 6.4702 6.6499 6.8131 6.9823 
 7.1506 7.3324 7.5199 7.6898 7.8769 8.0595 8.229 8.4223 8.5841 8.747 
 8.9287 9.1088 9.2738 9.4398 9.6112 9.7724 9.9292 10.095 10.251 10.422 
 10.577 10.725 10.873 11.024 11.173 11.322 11.472 11.62 11.744 11.886 
 12.016 12.152 12.288 12.417 12.542 12.659 12.769 12.878 12.982 13.08 
 13.17 13.261 13.366 13.45 13.52 13.586 13.657 13.728 13.786 13.838 
 13.845 
1713 1715.3 1713.7 1711.7 1708.7 1705.1 1701.3 1696.1 1690.2 1683.8 
 1677 1669 1660.2 1650.6 1640.5 1629.8 1618.3 1606.8 1594.2 1580.6 
 1566.8 1551.8 1537.1 1521.7 1505.6 1488.9 1471.1 1453.8 1435.2 1416.6 
 1397.3 1377.5 1357.7 1337.2 1316.7 1295.1 1273.7 1251.7 1229.5 1207.1 
 1184 1160.9 1137.6 1114.1 1090.3 1066.4 1042.3 1017.6 992.8 967.76 
 942.94 917.61 892.29 867.32 841.5 816.03 790.35 764.67 738.85 712.74 
 686.91 660.81 634.98 609.09 583.05 557.15 531.47 505.86 480.04 454.43 
 429.03 403.93 379.03 354.13 329.58 305.4 281.81 258.18 235.12 212.36 
 190.8 169.26 147.92 127.03 106.72 87.032 67.865 49.493 31.959 15.598 
 3.2437 2.65 2.48 2.4004 2.3874 2.3876 2.4198 2.4908 2.6141 2.7319 
 2.8549 2.9839 3.1069 3.2439 3.3726 3.5077 3.6394 3.7874 3.9313 4.0676 
 4.2108 4.3604 4.4948 4.6495 4.7944 4.9493 5.0978 5.2551 5.4084 5.5521 
 5.7141 5.8716 6.0334 6.1879 6.3583 6.5271 6.6958 6.8691 7.0323 7.207 
 7.3827 7.5589 7.7322 7.9143 8.09 8.2657 8.4385 8.6152 8.7968 8.9522 
 9.1209 9.2961 9.4583 9.6261 9.7897 9.9515 10.102 10.268 10.419 10.575 
 10.738 10.879 11.028 11.184 11.327 11.47 11.606 11.748 11.884 12.021 
 12.144 12.282 12.416 12.533 12.65 12.773 12.885 12.982 13.078 13.17 
 13.254 13.338 13.422 13.494 13.559 13.617 13.676 13.734 13.786 13.819 
 13.845 
