IESNA:LM-63-2002
[TEST] 1
[TESTLAB] 
[TESTDATE] 2025-02-21
[ISSUEDATE] 2025-02-21 11:15:07
[LAMPPOSITION] 0,0
[OTHER] EVERFINE GO-2000A_V1 SYSTEM
[MANUFAC] 
[LUMINAIRE] 35W-5000K
[LAMP] DB77E-4-50L-UD-P-A5W5C5
TILT=NONE
1 4598.1 1 181 17 1 2 0.060 1.200 0.000
1.000 1 33.709
0.0    1.0    2.0    3.0    4.0    5.0    6.0    7.0    8.0    9.0    
 10.0   11.0   12.0   13.0   14.0   15.0   16.0   17.0   18.0   19.0   
 20.0   21.0   22.0   23.0   24.0   25.0   26.0   27.0   28.0   29.0   
 30.0   31.0   32.0   33.0   34.0   35.0   36.0   37.0   38.0   39.0   
 40.0   41.0   42.0   43.0   44.0   45.0   46.0   47.0   48.0   49.0   
 50.0   51.0   52.0   53.0   54.0   55.0   56.0   57.0   58.0   59.0   
 60.0   61.0   62.0   63.0   64.0   65.0   66.0   67.0   68.0   69.0   
 70.0   71.0   72.0   73.0   74.0   75.0   76.0   77.0   78.0   79.0   
 80.0   81.0   82.0   83.0   84.0   85.0   86.0   87.0   88.0   89.0   
 90.0   91.0   92.0   93.0   94.0   95.0   96.0   97.0   98.0   99.0   
 100.0  101.0  102.0  103.0  104.0  105.0  106.0  107.0  108.0  109.0  
 110.0  111.0  112.0  113.0  114.0  115.0  116.0  117.0  118.0  119.0  
 120.0  121.0  122.0  123.0  124.0  125.0  126.0  127.0  128.0  129.0  
 130.0  131.0  132.0  133.0  134.0  135.0  136.0  137.0  138.0  139.0  
 140.0  141.0  142.0  143.0  144.0  145.0  146.0  147.0  148.0  149.0  
 150.0  151.0  152.0  153.0  154.0  155.0  156.0  157.0  158.0  159.0  
 160.0  161.0  162.0  163.0  164.0  165.0  166.0  167.0  168.0  169.0  
 170.0  171.0  172.0  173.0  174.0  175.0  176.0  177.0  178.0  179.0  
 180.0  
0.0    22.5   45.0   67.5   90.0   112.5  135.0  157.5  180.0  202.5  
 225.0  247.5  270.0  292.5  315.0  337.5  360.0  
1714.2 1716.9 1715.9 1713.7 1710.5 1707.2 1702.7 1697.5 1691.9 1685.3 
 1677.7 1670 1661 1652 1641.7 1631.3 1619.5 1608 1595 1581.5 
 1568 1552.9 1538 1522.3 1506.3 1489.6 1472.2 1454.7 1436.5 1418.3 
 1398.5 1379 1359.1 1338.4 1317.6 1296.2 1275 1252.8 1230.9 1208.4 
 1185.6 1162.4 1138.8 1115.7 1091.8 1067.6 1043.5 1019.3 994.02 969.12 
 944.38 919.26 893.79 868.61 842.86 817.46 791.49 765.67 739.99 713.81 
 687.91 661.66 635.91 609.73 583.91 558.08 532.19 506.65 480.9 455.36 
 429.75 404.43 379.61 354.91 330.16 306 282.28 258.64 235.52 212.88 
 191.17 169.46 148.16 127.23 106.9 87.109 67.903 49.577 31.946 15.643 
 3.2292 2.6663 2.4842 2.4896 2.495 2.5004 2.5058 2.5112 2.6216 2.7439 
 2.8679 2.9983 3.126 3.2633 3.3878 3.5241 3.6667 3.7962 3.9374 4.0741 
 4.2245 4.3657 4.523 4.6642 4.8147 4.9627 5.1189 5.2746 5.4178 5.5731 
 5.7362 5.8911 6.0589 6.2169 6.3773 6.5456 6.7148 6.89 7.0518 7.2344 
 7.4031 7.5788 7.7516 7.9278 8.1105 8.2966 8.4659 8.642 8.8048 8.9864 
 9.1491 9.3104 9.4796 9.6483 9.8109 9.9667 10.128 10.289 10.439 10.608 
 10.757 10.913 11.048 11.197 11.341 11.489 11.62 11.77 11.899 12.041 
 12.158 12.302 12.431 12.56 12.683 12.794 12.891 13.008 13.1 13.196 
 13.293 13.352 13.443 13.514 13.592 13.656 13.708 13.773 13.825 13.871 
 13.89 
1714.2 1719.3 1718.2 1715.8 1713.1 1709.4 1704.4 1699.3 1693.8 1686.4 
 1678.8 1670.8 1662.2 1652.5 1642.2 1631 1619.4 1607.1 1594.1 1580.2 
 1566.1 1551.6 1536.4 1520.3 1503.8 1486.5 1468.9 1451.2 1432.4 1413.4 
 1394.4 1374.5 1354.3 1333.2 1312.3 1290.7 1268.9 1246.7 1224.5 1201.6 
 1178.5 1155.6 1132.2 1108.7 1084.6 1060.4 1036 1011.2 986.39 961.57 
 936.6 911.21 885.81 860.48 834.73 809.19 783.15 757.33 731.29 705.25 
 679.21 653.11 627.21 601.1 574.99 549.17 523.13 497.31 471.28 445.95 
 420.49 395.69 370.89 345.94 321.52 297.26 273.45 249.78 226.56 203.94 
 181.29 159.49 138.08 117.19 96.928 77.114 58.064 39.754 22.644 7.4916 
 2.3089 2.2513 2.2579 2.2974 2.3486 2.4339 2.5179 2.6224 2.7318 2.85 
 2.972 3.0966 3.2182 3.3484 3.4781 3.6025 3.7305 3.8546 3.9901 4.1332 
 4.2706 4.4054 4.5494 4.6917 4.8349 4.9826 5.1271 5.2827 5.4321 5.5883 
 5.7483 5.9117 6.0612 6.2297 6.3783 6.5478 6.7093 6.8854 7.0596 7.2224 
 7.4046 7.5802 7.7535 7.9287 8.106 8.2922 8.4729 8.6504 8.8182 8.992 
 9.1681 9.3378 9.5125 9.6758 9.8499 10.013 10.175 10.337 10.497 10.654 
 10.822 10.965 11.115 11.277 11.427 11.57 11.704 11.847 11.984 12.106 
 12.25 12.373 12.503 12.625 12.743 12.859 12.957 13.06 13.152 13.242 
 13.319 13.416 13.495 13.572 13.631 13.683 13.735 13.787 13.832 13.87 
 13.89 
1714.2 1718.2 1716.3 1714.1 1710.4 1706.4 1701.6 1695.6 1689.6 1681.9 
 1673.9 1665.2 1655.7 1645.3 1634.3 1623.1 1611 1597.9 1584.1 1569.7 
 1555.2 1539.7 1523.5 1506.8 1489.8 1472.1 1453.9 1435.3 1416.3 1397.2 
 1377 1356.7 1335.8 1314.6 1293.3 1271.2 1249.1 1226.4 1203.5 1180.6 
 1157.5 1133.7 1109.7 1086.2 1061.8 1037.5 1012.9 987.89 962.79 937.89 
 912.7 887.31 861.84 836.66 810.84 785.08 759.26 733.51 707.26 681.36 
 655.47 629.57 603.54 577.85 551.96 526.28 500.17 474.78 449.23 423.83 
 398.37 373.35 348.93 324.18 299.93 276.25 252.72 229.49 207.54 185.6 
 163.75 142.5 121.64 101.45 81.687 62.629 44.339 26.899 11.617 10.055 
 8.4925 6.9305 5.3684 3.8064 2.2443 2.3365 2.4405 2.556 2.6546 2.7698 
 2.8884 3.017 3.1271 3.2575 3.3798 3.4963 3.6406 3.7559 3.8936 4.0359 
 4.165 4.2955 4.4371 4.5742 4.7226 4.8605 5.0086 5.1457 5.2997 5.4425 
 5.5874 5.7427 5.898 6.0534 6.2207 6.3765 6.5461 6.7139 6.878 7.0527 
 7.2205 7.4017 7.5788 7.7536 7.9348 8.1169 8.2847 8.4679 8.6476 8.8117 
 8.9781 9.1543 9.317 9.4986 9.6616 9.8111 9.9789 10.146 10.296 10.458 
 10.608 10.828 11.074 11.321 11.554 11.788 11.963 12.107 12.23 12.34 
 12.451 12.561 12.65 12.749 12.84 12.937 13.027 13.119 13.203 13.286 
 13.359 13.423 13.488 13.552 13.604 13.663 13.702 13.767 13.806 13.845 
 13.89 
1714.2 1713.2 1711.7 1709 1705.3 1701 1695.9 1690 1683.2 1675.6 
 1667.3 1658.6 1648.3 1637.9 1626.4 1614.3 1601.7 1588.5 1574.3 1559.9 
 1544.6 1528.8 1512.2 1495.2 1477.8 1459.8 1441.3 1422.4 1403 1382.8 
 1362.5 1342 1320.6 1299.2 1277.6 1254.8 1232.4 1209.7 1186.8 1163.6 
 1140 1116.2 1092.3 1068.2 1043.8 1019.5 994.4 969.64 944.75 919.78 
 894.67 869.34 843.88 818.41 792.86 767.18 741.29 715.68 689.78 664.1 
 638.28 612.39 586.84 561.02 535.27 509.66 484.19 458.8 433.77 408.95 
 384.4 359.85 335.59 311.35 287.65 264.19 241.18 218.4 196.15 174.49 
 152.95 132.02 111.78 91.785 72.691 53.998 36.211 19.998 7.4925 2.2529 
 1.9662 1.9917 2.0631 2.1412 2.226 2.3111 2.4144 2.4986 2.6154 2.7321 
 2.8428 2.9532 3.0758 3.193 3.316 3.446 3.5683 3.692 3.8279 3.9454 
 4.0745 4.2183 4.3483 4.4974 4.6277 4.7699 4.8983 5.0434 5.1858 5.3331 
 5.4892 5.6334 5.7679 5.932 6.0746 6.236 6.3973 6.5526 6.7175 6.8784 
 7.0408 7.2154 7.3787 7.5584 7.7286 7.9034 8.0841 8.2662 8.4296 8.6166 
 8.7799 8.9596 9.1164 9.2971 9.4605 9.6155 9.7838 9.952 10.116 10.272 
 10.426 10.588 10.746 10.894 11.043 11.193 11.349 11.485 11.634 11.762 
 11.9 12.042 12.185 12.327 12.463 12.58 12.705 12.827 12.931 13.041 
 13.152 13.241 13.333 13.429 13.508 13.592 13.657 13.709 13.767 13.819 
 13.89 
1714.2 1706.3 1704.4 1701.9 1698 1693.6 1688.3 1681.8 1674.9 1667.2 
 1658.7 1649.4 1639.5 1628.7 1617.4 1605.1 1592.3 1578.9 1564.5 1549.6 
 1534.4 1518.5 1501.9 1484.6 1467.1 1449.2 1430.2 1411.2 1391.5 1371.5 
 1351.1 1330.9 1309.4 1287.7 1265.5 1243 1220.7 1197.7 1174.7 1151.8 
 1128 1104.6 1080.7 1056.4 1032.1 1007.6 983.13 958.03 933.19 908.16 
 883.05 857.86 832.82 807.42 781.75 756.49 730.74 705.05 679.59 653.83 
 628.01 602.26 576.86 550.9 525.65 500.46 475.07 449.97 425.06 400.75 
 376.45 352.17 328.01 304.19 280.81 257.55 234.84 212.44 190.46 168.9 
 147.74 127.41 107.12 87.511 68.635 50.292 33.041 17.606 6.609 2.8926 
 2.8291 2.9143 3.0103 3.1278 3.2457 3.3756 3.5111 3.6471 3.797 3.9321 
 4.0646 4.2173 4.355 4.5167 4.6647 4.8144 4.9713 5.119 5.2816 5.4327 
 5.5947 5.7423 5.8989 6.0544 6.2234 6.3796 6.5355 6.7033 6.8715 7.0337 
 7.196 7.3656 7.5278 7.6895 7.8449 8.0122 8.1819 8.3436 8.5068 8.6755 
 8.8381 8.9942 9.1492 9.3166 9.481 9.641 9.8037 9.9602 10.11 10.27 
 10.421 10.577 10.733 10.886 11.031 11.167 11.309 11.432 11.562 11.704 
 11.828 11.958 12.075 12.199 12.314 12.437 12.555 12.672 12.775 12.872 
 12.982 13.06 13.131 13.203 13.274 13.358 13.443 13.527 13.586 13.663 
 13.728 13.78 13.838 13.897 13.948 13.955 13.955 13.955 13.948 13.948 
 13.89 
1714.2 1710.2 1708.2 1705 1701.3 1697.1 1691.8 1685.8 1679.2 1671.8 
 1663.4 1654.4 1644.7 1633.9 1622.9 1610.8 1598.1 1584.9 1571 1556.3 
 1540.9 1525.3 1509 1492.3 1474.6 1456.9 1438.2 1419.1 1399.7 1379.9 
 1359.6 1338.9 1317.8 1296.1 1274.4 1252.1 1229.8 1207 1184 1160.8 
 1137.4 1113.7 1090 1065.5 1041 1016.9 991.89 967.05 942.31 916.98 
 891.87 866.27 841.21 815.69 790.22 764.75 738.93 713.39 687.57 661.75 
 636.14 609.96 584.28 558.45 533.05 507.45 481.76 456.66 431.26 406.28 
 381.31 357.05 332.6 308.56 285.28 261.54 238.9 215.96 194.56 173.15 
 151.76 131.08 110.54 90.737 71.543 52.915 35.287 19.119 7.2908 2.9826 
 2.8811 2.9384 3.0413 3.1457 3.2689 3.4047 3.5338 3.6844 3.8211 3.9635 
 4.1054 4.2606 4.4043 4.5651 4.7078 4.8589 5.0134 5.1683 5.3322 5.4803 
 5.6372 5.7999 5.9552 6.1161 6.2774 6.4405 6.6032 6.7719 6.9346 7.0951 
 7.259 7.4213 7.5822 7.7527 7.9144 8.0758 8.2509 8.4072 8.5754 8.7377 
 8.8943 9.0616 9.2313 9.3875 9.5548 9.7222 9.8733 10.042 10.185 10.351 
 10.509 10.657 10.813 10.97 11.112 11.241 11.365 11.495 11.625 11.747 
 11.883 11.989 12.105 12.215 12.32 12.43 12.541 12.637 12.727 12.812 
 12.896 12.975 13.039 13.098 13.157 13.235 13.324 13.383 13.435 13.5 
 13.546 13.597 13.63 13.682 13.715 13.754 13.78 13.799 13.806 13.812 
 13.89 
1714.2 1711 1709.6 1706.8 1703.7 1699.9 1695.3 1689.6 1683.2 1676.3 
 1668.2 1659.5 1650.2 1640.3 1629.4 1617.9 1605.8 1593 1579.7 1565.7 
 1550.8 1535.7 1520.2 1503.8 1486.6 1469.3 1451.1 1433.3 1413.9 1394.7 
 1374.7 1354.4 1333.5 1312.6 1291.1 1269.5 1247.3 1224.7 1202.4 1179.2 
 1156.1 1132.5 1108.6 1085 1060.5 1036.3 1011.7 986.5 962.21 936.96 
 911.64 886.17 861.06 835.45 810.06 784.44 758.55 732.87 706.9 680.87 
 655.47 629.57 603.6 577.64 552.04 526.42 500.6 475.28 449.67 424.49 
 399.63 374.79 350.31 325.66 301.61 277.67 254.14 231.09 208.21 186.07 
 164.16 142.81 121.79 101.58 81.768 62.606 44.245 26.781 11.611 3.4235 
 3.0566 3.1273 3.2191 3.3239 3.4529 3.5756 3.712 3.8616 4.0058 4.1464 
 4.3025 4.4513 4.6074 4.7516 4.9121 5.0695 5.2236 5.387 5.5411 5.6912 
 5.8416 6.0161 6.1719 6.3329 6.5096 6.6582 6.8269 6.9891 7.15 7.3187 
 7.4815 7.6575 7.8197 7.9763 8.1373 8.306 8.4682 8.632 8.8066 8.974 
 9.1427 9.3117 9.4663 9.6431 9.7977 9.9682 10.116 10.273 10.427 10.575 
 10.725 10.882 11.032 11.172 11.322 11.452 11.589 11.723 11.842 11.964 
 12.088 12.204 12.322 12.431 12.542 12.646 12.769 12.86 12.957 13.048 
 13.132 13.209 13.268 13.326 13.385 13.449 13.527 13.586 13.644 13.69 
 13.741 13.774 13.812 13.838 13.877 13.89 13.89 13.89 13.89 13.89 
 13.89 
1714.2 1711.8 1710.4 1708.3 1705.4 1701.8 1697.3 1692 1686.1 1679.5 
 1672.3 1664 1655.6 1645.4 1635.4 1624.4 1613.3 1600.7 1587.7 1574.4 
 1559.9 1545.3 1530 1514.3 1497.9 1480.9 1463.6 1445.6 1427.1 1408.5 
 1388.9 1369.1 1348.7 1328.2 1307 1285.7 1264.2 1241.9 1219.7 1196.9 
 1173.8 1150.6 1127.4 1103.5 1079.5 1055.6 1031.1 1006.1 981.6 956.42 
 931.44 906.13 880.66 855.41 829.66 804.2 778.51 752.55 726.65 700.55 
 674.72 648.83 622.79 596.33 571 544.89 518.85 493.31 467.56 442.02 
 416.48 391.51 366.47 341.71 317.73 293.4 269.73 246.06 222.96 200.82 
 178.69 156.97 135.43 114.75 94.323 74.619 55.501 37.347 20.323 6.0696 
 3.304 3.2764 3.2827 3.3669 3.4698 3.5936 3.7287 3.8782 4.0218 4.171 
 4.3203 4.4752 4.6188 4.781 4.9428 5.1037 5.2603 5.4028 5.5597 5.728 
 5.8884 6.0399 6.2004 6.3639 6.5244 6.6875 6.842 7.0178 7.1816 7.3407 
 7.5161 7.673 7.8425 7.9975 8.172 8.3348 8.5026 8.6602 8.822 8.9916 
 9.1525 9.3152 9.4709 9.6331 9.7962 9.9572 10.1 10.262 10.417 10.566 
 10.709 10.867 11.016 11.157 11.301 11.424 11.554 11.677 11.799 11.928 
 12.047 12.17 12.3 12.39 12.501 12.61 12.733 12.838 12.923 13.007 
 13.085 13.162 13.221 13.279 13.344 13.416 13.474 13.539 13.585 13.636 
 13.675 13.727 13.747 13.799 13.825 13.851 13.858 13.87 13.877 13.877 
 13.89 
1714.2 1716.9 1715.9 1714.8 1711.8 1708.6 1704.6 1699.6 1694 1687.5 
 1680.5 1673.1 1664.6 1655.1 1645.6 1635.1 1623.9 1612.1 1599.5 1586.7 
 1572.3 1558 1543.6 1528.1 1511.9 1495.4 1478 1460.2 1442.3 1423.4 
 1404.4 1385 1364.8 1344.6 1324 1302.6 1280.9 1258.9 1236.9 1214.3 
 1191.4 1168.4 1145.2 1121.5 1097.5 1073.6 1049.2 1024.3 999.8 974.62 
 949.57 924.54 899 873.39 847.64 821.89 795.92 770.24 744.13 717.67 
 691.7 665.52 639.55 613.23 587.26 561.22 534.83 509.22 483.32 457.64 
 432.03 407.06 382.06 357.05 332.53 308.08 283.93 260.2 236.99 213.99 
 191.31 169.37 147.83 126.77 106.29 86.355 67.245 48.825 31.356 15.1 
 3.7027 3.5112 3.5098 3.5163 3.5678 3.6526 3.7618 3.8936 4.0352 4.1982 
 4.3523 4.5097 4.6638 4.8259 4.9766 5.1494 5.3117 5.4676 5.6302 5.7791 
 5.949 6.1164 6.2658 6.4279 6.6048 6.7542 6.9279 7.0907 7.252 7.4147 
 7.5774 7.7461 7.9006 8.0719 8.2319 8.395 8.5563 8.7241 8.8808 9.0379 
 9.2043 9.3684 9.5237 9.6919 9.8469 9.9905 10.145 10.295 10.445 10.575 
 10.717 10.873 11.017 11.152 11.289 11.418 11.541 11.651 11.782 11.904 
 12.015 12.139 12.255 12.366 12.463 12.586 12.689 12.786 12.878 12.969 
 13.06 13.131 13.189 13.254 13.313 13.384 13.455 13.513 13.572 13.636 
 13.676 13.715 13.741 13.805 13.844 13.89 13.896 13.896 13.896 13.896 
 13.89 
1714.2 1720.1 1719.5 1717.7 1715.2 1712.3 1708.9 1703.7 1698.6 1692 
 1685.2 1677.7 1669.8 1660.3 1650.4 1639.7 1628.5 1616.7 1604.3 1591 
 1577 1562.5 1547.8 1532.2 1516.1 1499.4 1482.3 1464.5 1446 1427.5 
 1408.5 1388.7 1368.5 1348.3 1327.1 1306.3 1284.3 1262.2 1240.2 1217.5 
 1194.5 1171.1 1147.9 1124.1 1100.2 1076.4 1051.4 1026.7 1002.1 977.24 
 951.79 926.32 900.84 875.03 849.63 823.74 797.7 771.81 745.7 719.24 
 693.05 666.66 640.41 614.01 587.97 561.86 535.54 509.65 483.75 458 
 432.1 406.84 381.38 356.34 331.86 307.39 283.51 259.6 236.17 213 
 191.06 169.13 147.48 126.35 105.74 85.739 66.351 47.703 29.975 13.408 
 3.553 3.2318 3.2308 3.2629 3.3539 3.4688 3.5801 3.7214 3.8661 4.0157 
 4.165 4.3203 4.4739 4.6188 4.7725 4.923 5.0783 5.2396 5.389 5.5386 
 5.7016 5.8583 6.0187 6.1741 6.3362 6.4938 6.6547 6.8247 6.974 7.1468 
 7.2968 7.4781 7.6358 7.8091 7.9587 8.1415 8.2892 8.4572 8.6209 8.7818 
 8.9389 9.1066 9.2573 9.4255 9.5757 9.737 9.8859 10.055 10.178 10.332 
 10.483 10.639 10.768 10.91 11.054 11.198 11.307 11.43 11.56 11.682 
 11.813 11.918 12.026 12.15 12.254 12.37 12.475 12.572 12.663 12.747 
 12.838 12.91 12.974 13.046 13.104 13.175 13.24 13.306 13.364 13.416 
 13.461 13.513 13.565 13.611 13.662 13.702 13.741 13.773 13.799 13.806 
 13.89 
1714.2 1719.1 1718.6 1717.4 1714.7 1711.9 1708.2 1703.8 1697.9 1692.1 
 1685 1677.1 1668.9 1659.9 1649.5 1638.7 1627.6 1615.7 1602.6 1589.1 
 1575.2 1560.7 1545.3 1529.2 1512.9 1496.1 1478.5 1460.4 1442 1422.8 
 1403.3 1383.5 1363.3 1342.4 1321.1 1299.9 1278 1255.7 1233.4 1210.5 
 1187.5 1164.5 1140.8 1116.8 1092.5 1068.3 1043.7 1019 994.15 969.05 
 943.87 918.4 892.94 867.54 841.65 816.18 790.21 764.1 738.14 711.81 
 685.85 659.6 633.63 607.45 581.63 555.59 529.41 503.8 477.98 452.29 
 426.68 401.83 376.97 351.99 327.65 303.23 279.31 255.65 232.43 209.64 
 187.3 165.63 144.16 123.44 102.97 83.132 64.117 45.492 28.063 12.464 
 3.5005 2.9596 3.029 3.1139 3.2232 3.3471 3.4585 3.6077 3.7357 3.8856 
 4.0284 4.178 4.3212 4.4765 4.6202 4.7798 4.9312 5.0804 5.2362 5.3962 
 5.5529 5.6957 5.8578 6.0128 6.1638 6.332 6.4886 6.6482 6.8057 6.9744 
 7.1349 7.2971 7.4538 7.6164 7.7773 7.9524 8.1143 8.2788 8.4452 8.6079 
 8.7771 8.9329 9.1034 9.2781 9.4385 9.6025 9.7566 9.9257 10.075 10.236 
 10.387 10.556 10.705 10.853 11.003 11.146 11.274 11.411 11.54 11.677 
 11.794 11.924 12.033 12.157 12.268 12.385 12.495 12.611 12.703 12.8 
 12.884 12.968 13.033 13.105 13.163 13.24 13.313 13.39 13.449 13.507 
 13.565 13.605 13.676 13.753 13.812 13.844 13.87 13.871 13.871 13.871 
 13.89 
1714.2 1714.6 1714.2 1712.7 1710.5 1707.7 1703.8 1699.2 1693.8 1687.4 
 1680.5 1672.3 1663.4 1654.2 1643.7 1632.6 1620.8 1608.7 1595.5 1582.2 
 1567.1 1552 1536.7 1520.6 1503.8 1486.4 1468.7 1450.5 1431.7 1412.5 
 1392.9 1372.4 1351.8 1330.9 1309.2 1287.6 1266 1242.9 1220.2 1197.4 
 1173.9 1150.9 1127.3 1103.1 1079 1054.6 1030 1005.1 980.46 955.28 
 930.45 904.85 879.81 854.27 828.45 803.12 777.44 751.62 725.66 699.76 
 673.79 647.83 621.93 595.83 570.21 544.32 518.57 493.1 467.42 442.16 
 416.63 391.93 367.18 342.57 318.59 294.68 271.16 248.1 225.4 203.61 
 181.84 160.49 139.39 118.96 98.91 79.385 60.535 42.435 25.526 11.175 
 3.4888 2.8042 2.8156 2.9117 3.0224 3.1453 3.275 3.4051 3.5406 3.6769 
 3.8268 3.9692 4.1176 4.2552 4.4044 4.5592 4.7154 4.8643 5.0212 5.1701 
 5.3258 5.4863 5.6373 5.7913 5.9488 6.1097 6.2663 6.434 6.5895 6.7461 
 6.9221 7.0822 7.2521 7.4135 7.5822 7.7376 7.9071 8.0681 8.2435 8.4055 
 8.5814 8.7516 8.9069 9.0816 9.2448 9.4167 9.5942 9.757 9.9243 10.087 
 10.254 10.405 10.573 10.742 10.898 11.035 11.183 11.327 11.463 11.603 
 11.736 11.865 11.994 12.112 12.242 12.359 12.487 12.605 12.696 12.793 
 12.884 12.974 13.045 13.104 13.183 13.253 13.338 13.41 13.474 13.526 
 13.585 13.643 13.676 13.715 13.76 13.773 13.806 13.806 13.819 13.812 
 13.89 
1714.2 1708 1707.4 1706.2 1703.6 1700.4 1696.4 1691.6 1685.9 1679.6 
 1672.3 1664.1 1655.3 1645.9 1635.8 1624.6 1613.1 1600.3 1587.4 1573.5 
 1559.2 1544.5 1528.6 1512.4 1495.5 1478.3 1460.2 1441.9 1423.3 1404.6 
 1384.4 1364.4 1343.6 1322.7 1301.4 1279.2 1257.6 1235.2 1212.1 1189.6 
 1166.3 1143 1119.4 1095.5 1071.3 1046.9 1022.6 997.72 973.26 948.15 
 923.11 898 872.9 847.78 822.17 796.91 771.17 745.56 719.66 693.84 
 668.3 642.19 616.44 590.55 564.72 539.53 513.79 488.6 463.28 438.09 
 412.77 388.35 363.96 339.44 315.68 291.92 268.83 245.88 223.14 201.58 
 180.03 158.97 138.11 117.59 97.927 78.354 59.561 41.608 24.875 10.753 
 2.7618 1.8576 1.8555 1.8814 1.9391 2.0226 2.1019 2.1989 2.2955 2.3998 
 2.5095 2.6064 2.7299 2.8337 2.9571 3.0749 3.1846 3.3068 3.4315 3.5544 
 3.6781 3.8147 3.938 4.0739 4.2026 4.3377 4.4819 4.6186 4.7605 4.8965 
 5.0403 5.1884 5.3388 5.4808 5.6348 5.7781 5.9281 6.0907 6.2456 6.4141 
 6.5588 6.7335 6.8897 7.0635 7.2318 7.401 7.5771 7.7558 7.9321 8.1004 
 8.27 8.4438 8.6089 8.7891 8.9524 9.1275 9.2825 9.4493 9.6189 9.7761 
 9.9493 10.113 10.276 10.437 10.605 10.762 10.931 11.079 11.241 11.383 
 11.54 11.695 11.858 12.014 12.164 12.307 12.46 12.605 12.735 12.876 
 13.001 13.123 13.253 13.364 13.473 13.565 13.649 13.72 13.799 13.857 
 13.89 
1714.2 1711.3 1711 1709.4 1707.1 1703.9 1700 1695.6 1689.7 1683.9 
 1676.5 1668.4 1659.3 1649.8 1639.5 1628.5 1616.6 1604.5 1591.4 1577.5 
 1563.6 1548.7 1533.2 1516.9 1500.2 1483.4 1465.1 1447.4 1428.4 1409.2 
 1389.2 1369.6 1348.9 1327.9 1306.7 1285 1262.9 1240.7 1218.2 1195.3 
 1172.1 1148.8 1125.2 1101.3 1077.1 1052.8 1028.6 1003.7 978.84 954.22 
 928.97 903.72 878.75 853.42 828.03 802.28 776.73 751.27 725.66 699.76 
 673.72 647.83 622.15 596.25 570.5 544.9 519.29 493.82 468.49 443.32 
 418.34 393.88 369.42 344.86 320.94 297.05 273.65 250.54 227.74 205.5 
 183.37 162.07 141 120.28 100.26 80.715 61.768 43.457 26.449 11.584 
 2.8952 1.875 1.8949 1.9339 2.005 2.0831 2.1737 2.252 2.3625 2.4664 
 2.5762 2.6864 2.7915 2.9017 3.0242 3.1354 3.2637 3.3747 3.4983 3.6149 
 3.7443 3.8734 4.0032 4.1391 4.2696 4.3995 4.5479 4.6857 4.8208 4.9524 
 5.1068 5.2488 5.3985 5.5485 5.6923 5.8532 6.0154 6.1703 6.333 6.4967 
 6.6699 6.8277 7.0015 7.1783 7.3644 7.5544 7.7268 7.9115 8.0917 8.2788 
 8.4481 8.6366 8.806 8.9922 9.1763 9.3505 9.5243 9.694 9.876 10.037 
 10.205 10.374 10.543 10.701 10.874 11.025 11.192 11.354 11.504 11.653 
 11.808 11.964 12.107 12.263 12.405 12.548 12.678 12.808 12.924 13.035 
 13.145 13.241 13.345 13.423 13.495 13.579 13.637 13.708 13.773 13.819 
 13.89 
1714.2 1711.5 1711.2 1709.5 1706.8 1703.6 1699.5 1694.9 1689.3 1683.2 
 1676.2 1668.5 1659.9 1650.5 1640.3 1629.8 1618.1 1605.8 1592.9 1579.2 
 1565.3 1550.5 1535.2 1519.5 1503.2 1486.1 1468 1450.7 1431.9 1413.3 
 1393.7 1373.8 1353.5 1332.9 1311.6 1290.3 1268.4 1246.5 1223.9 1201.4 
 1178.2 1155.2 1131.5 1108.2 1083.8 1059.7 1035.3 1010.6 985.81 960.84 
 936.08 910.69 885.44 860.25 834.66 809.26 783.58 757.89 732 706.32 
 680.5 654.6 628.92 603.03 577.34 551.8 525.98 500.37 474.69 449.5 
 423.83 398.92 374.17 349.48 325.02 300.98 277.48 253.97 230.77 208.26 
 187.09 165.46 144.22 123.42 103.07 83.383 64.098 45.556 27.992 12.091 
 2.7677 2.0039 1.9789 1.9787 2.0304 2.1141 2.1916 2.289 2.3799 2.4894 
 2.6061 2.7177 2.8262 2.9512 3.0665 3.1842 3.3078 3.4425 3.5612 3.6903 
 3.8193 3.9555 4.0861 4.2209 4.3511 4.4933 4.6315 4.7743 4.9227 5.0663 
 5.2271 5.409 5.5843 5.76 5.9146 6.0319 6.1558 6.3306 6.492 6.6616 
 6.8427 7.0125 7.1941 7.3753 7.5575 7.7372 7.9253 8.1071 8.2898 8.471 
 8.6532 8.8344 9.0106 9.1903 9.3533 9.5224 9.703 9.8586 10.035 10.202 
 10.359 10.527 10.671 10.833 10.988 11.131 11.281 11.43 11.565 11.709 
 11.851 11.987 12.137 12.266 12.416 12.546 12.67 12.785 12.896 13.013 
 13.11 13.207 13.311 13.389 13.461 13.539 13.617 13.688 13.747 13.805 
 13.89 
1714.2 1712.3 1710.6 1709 1706.5 1703.6 1699 1694.2 1688.6 1682.2 
 1675.2 1667.7 1659.2 1649.8 1640 1629.8 1618.2 1606.2 1593.6 1580.6 
 1566.6 1551.9 1536.9 1521.9 1505.5 1488.7 1471.6 1454.3 1435.9 1417.1 
 1397.8 1378.6 1358.3 1337.6 1317.2 1295.6 1274.5 1252.4 1230.2 1207.6 
 1185 1161.9 1138.5 1115.3 1091.4 1067 1043 1018.5 993.76 969.21 
 944.37 919.13 894.09 868.76 843.43 817.96 792.29 766.81 740.7 715.02 
 689.06 663.17 637.48 611.58 585.48 560.08 534.12 508.3 482.83 457.43 
 432.12 407.08 382.44 357.79 333.43 309.3 285.39 261.7 238.44 215.74 
 193.16 171.31 149.84 128.69 108 88.118 68.671 49.947 32.082 15.292 
 3.0524 2.1733 2.1669 2.1674 2.2323 2.2902 2.3616 2.4599 2.5696 2.6808 
 2.7914 2.9203 3.0313 3.1465 3.2777 3.4014 3.5304 3.6531 3.7901 3.9269 
 4.0502 4.1993 4.3341 4.4837 4.6261 4.7628 4.9125 5.0622 5.2188 5.3733 
 5.5293 5.6779 5.8406 6.0037 6.165 6.3283 6.5016 6.6717 6.8381 7.0068 
 7.1839 7.3508 7.5473 7.7212 7.9048 8.08 8.2593 8.4428 8.6111 8.7868 
 8.9601 9.1288 9.2993 9.4672 9.6436 9.8032 9.9719 10.128 10.278 10.446 
 10.595 10.745 10.901 11.051 11.198 11.348 11.491 11.633 11.782 11.905 
 12.029 12.172 12.301 12.432 12.561 12.672 12.796 12.905 13.015 13.107 
 13.21 13.3 13.391 13.475 13.546 13.631 13.696 13.767 13.825 13.871 
 13.89 
1714.2 1716.9 1715.9 1713.7 1710.5 1707.2 1702.7 1697.5 1691.9 1685.3 
 1677.7 1670 1661 1652 1641.7 1631.3 1619.5 1608 1595 1581.5 
 1568 1552.9 1538 1522.3 1506.3 1489.6 1472.2 1454.7 1436.5 1418.3 
 1398.5 1379 1359.1 1338.4 1317.6 1296.2 1275 1252.8 1230.9 1208.4 
 1185.6 1162.4 1138.8 1115.7 1091.8 1067.6 1043.5 1019.3 994.02 969.12 
 944.38 919.26 893.79 868.61 842.86 817.46 791.49 765.67 739.99 713.81 
 687.91 661.66 635.91 609.73 583.91 558.08 532.19 506.65 480.9 455.36 
 429.75 404.43 379.61 354.91 330.16 306 282.28 258.64 235.52 212.88 
 191.17 169.46 148.16 127.23 106.9 87.109 67.903 49.577 31.946 15.643 
 3.2292 2.6663 2.4842 2.4896 2.495 2.5004 2.5058 2.5112 2.6216 2.7439 
 2.8679 2.9983 3.126 3.2633 3.3878 3.5241 3.6667 3.7962 3.9374 4.0741 
 4.2245 4.3657 4.523 4.6642 4.8147 4.9627 5.1189 5.2746 5.4178 5.5731 
 5.7362 5.8911 6.0589 6.2169 6.3773 6.5456 6.7148 6.89 7.0518 7.2344 
 7.4031 7.5788 7.7516 7.9278 8.1105 8.2966 8.4659 8.642 8.8048 8.9864 
 9.1491 9.3104 9.4796 9.6483 9.8109 9.9667 10.128 10.289 10.439 10.608 
 10.757 10.913 11.048 11.197 11.341 11.489 11.62 11.77 11.899 12.041 
 12.158 12.302 12.431 12.56 12.683 12.794 12.891 13.008 13.1 13.196 
 13.293 13.352 13.443 13.514 13.592 13.656 13.708 13.773 13.825 13.871 
 13.89 
