IESNA:LM-63-2002
[TEST] 1
[TESTLAB] 
[TESTDATE] 2025-02-21
[ISSUEDATE] 2025-02-21 14:41:38
[LAMPPOSITION] 0,0
[OTHER] EVERFINE GO-2000A_V1 SYSTEM
[MANUFAC] 
[LUMINAIRE] 30W-3000K
[LAMP] DB77E-4-50L-UD-P-A5W5C5
TILT=NONE
1 3852.1 1 181 17 1 2 0.060 1.200 0.000
1.000 1 29.6699
0.0    1.0    2.0    3.0    4.0    5.0    6.0    7.0    8.0    9.0    
 10.0   11.0   12.0   13.0   14.0   15.0   16.0   17.0   18.0   19.0   
 20.0   21.0   22.0   23.0   24.0   25.0   26.0   27.0   28.0   29.0   
 30.0   31.0   32.0   33.0   34.0   35.0   36.0   37.0   38.0   39.0   
 40.0   41.0   42.0   43.0   44.0   45.0   46.0   47.0   48.0   49.0   
 50.0   51.0   52.0   53.0   54.0   55.0   56.0   57.0   58.0   59.0   
 60.0   61.0   62.0   63.0   64.0   65.0   66.0   67.0   68.0   69.0   
 70.0   71.0   72.0   73.0   74.0   75.0   76.0   77.0   78.0   79.0   
 80.0   81.0   82.0   83.0   84.0   85.0   86.0   87.0   88.0   89.0   
 90.0   91.0   92.0   93.0   94.0   95.0   96.0   97.0   98.0   99.0   
 100.0  101.0  102.0  103.0  104.0  105.0  106.0  107.0  108.0  109.0  
 110.0  111.0  112.0  113.0  114.0  115.0  116.0  117.0  118.0  119.0  
 120.0  121.0  122.0  123.0  124.0  125.0  126.0  127.0  128.0  129.0  
 130.0  131.0  132.0  133.0  134.0  135.0  136.0  137.0  138.0  139.0  
 140.0  141.0  142.0  143.0  144.0  145.0  146.0  147.0  148.0  149.0  
 150.0  151.0  152.0  153.0  154.0  155.0  156.0  157.0  158.0  159.0  
 160.0  161.0  162.0  163.0  164.0  165.0  166.0  167.0  168.0  169.0  
 170.0  171.0  172.0  173.0  174.0  175.0  176.0  177.0  178.0  179.0  
 180.0  
0.0    22.5   45.0   67.5   90.0   112.5  135.0  157.5  180.0  202.5  
 225.0  247.5  270.0  292.5  315.0  337.5  360.0  
1440.4 1442.1 1441.1 1439.4 1437.2 1434.5 1430.8 1427 1421.9 1416.4 
 1410.3 1403.3 1396 1388 1379.9 1371 1361.5 1351.5 1341 1330.1 
 1318.1 1306.3 1293.5 1280.2 1266.6 1252.4 1237.9 1223.2 1207.4 1191.5 
 1175.2 1158.8 1142.2 1124.7 1107.1 1089.1 1071 1052.6 1034 1014.8 
 995.66 976.26 956.57 937.08 916.9 896.5 875.87 855.54 834.64 813.89 
 792.89 771.84 750.31 729.07 707.12 685.7 664.29 642.67 620.66 598.93 
 577.11 555.32 533.39 511.57 489.72 467.94 446.28 424.62 403.06 381.63 
 360.38 339.24 318.29 297.17 276.87 256.51 236.53 216.66 197.96 179.27 
 160.54 142.24 124.44 106.81 89.734 73.173 57.06 41.562 26.975 13.163 
 2.8114 2.2313 2.0828 2.0111 1.9853 1.9917 2.0175 2.0823 2.1733 2.2768 
 2.3806 2.4854 2.5942 2.7045 2.8157 2.9373 3.0496 3.1652 3.2881 3.4195 
 3.5357 3.6525 3.769 3.8994 4.0289 4.1515 4.2755 4.4056 4.5347 4.6774 
 4.8069 4.9431 5.0794 5.2157 5.3636 5.5019 5.6306 5.7737 5.9153 6.0657 
 6.2146 6.363 6.5005 6.6506 6.8059 6.9539 7.1036 7.2391 7.3943 7.5372 
 7.6735 7.8166 7.9545 8.1017 8.2259 8.3694 8.5053 8.64 8.7641 8.9011 
 9.0295 9.1545 9.2826 9.3933 9.5244 9.647 9.7641 9.8741 9.9968 10.119 
 10.217 10.335 10.444 10.541 10.64 10.737 10.833 10.919 10.997 11.074 
 11.158 11.223 11.295 11.353 11.412 11.477 11.509 11.554 11.606 11.639 
 11.658 
1440.4 1444.4 1443.3 1441.2 1438.8 1435.8 1432.2 1428 1422.7 1416.7 
 1410.8 1403.7 1396.8 1388.8 1380.7 1371.3 1361.5 1351 1339.7 1328.5 
 1316.3 1303.5 1291 1277.3 1263.7 1249 1234.2 1219.1 1203.4 1187.8 
 1171.2 1154.4 1137.3 1119.9 1102.1 1084.1 1065.7 1047.3 1028.1 1008.6 
 989.34 969.77 950.35 930.35 910.22 889.37 869.44 848.48 827.58 806.72 
 785.91 764.57 743.09 721.54 700.16 678.73 656.68 634.95 613.05 591.25 
 569.5 547.31 525.66 503.8 481.87 460.17 438.34 416.83 395.56 374.29 
 352.83 331.77 310.83 289.94 269.36 249.19 229.05 209.25 189.78 170.8 
 151.92 133.62 115.68 98.13 81.229 64.602 48.662 33.323 18.996 6.2729 
 1.9131 1.8685 1.8754 1.9017 1.9603 2.0314 2.0963 2.1813 2.2786 2.3689 
 2.4853 2.5958 2.6859 2.7965 2.9009 3.0106 3.1158 3.2313 3.3352 3.4714 
 3.5752 3.6872 3.8034 3.925 4.0487 4.1726 4.2953 4.4312 4.5613 4.6921 
 4.8159 4.9515 5.0885 5.2247 5.3603 5.4969 5.6332 5.7676 5.9172 6.06 
 6.2037 6.3581 6.5026 6.6582 6.8059 6.9576 7.106 7.254 7.396 7.5452 
 7.6832 7.8325 7.9883 8.1227 8.2542 8.4033 8.5381 8.6758 8.8116 8.9407 
 9.0698 9.2061 9.3246 9.4537 9.5827 9.7009 9.8225 9.9471 10.064 10.16 
 10.284 10.388 10.498 10.601 10.686 10.784 10.887 10.978 11.049 11.12 
 11.204 11.276 11.341 11.393 11.444 11.483 11.536 11.581 11.606 11.632 
 11.658 
1440.4 1443.2 1441.7 1439.9 1437.2 1433.3 1429 1424.5 1419.1 1413.1 
 1406.7 1398.9 1391.1 1382.7 1373.4 1363.6 1353.1 1342.7 1331.1 1318.8 
 1306.5 1293.4 1280.2 1266.6 1251.7 1236.6 1221.6 1205.5 1189.2 1173 
 1156.4 1139.4 1121.9 1103.9 1085.8 1067 1048.6 1029.6 1010.1 990.64 
 970.75 950.75 930.88 910.65 890.22 869.77 849.18 828.21 807.36 786.33 
 765.23 743.93 722.06 700.65 679.01 657.77 636.25 614.66 592.58 570.99 
 549.36 527.51 505.84 484.11 462.19 440.61 418.98 397.52 375.88 354.73 
 333.33 312.5 292.05 271.25 251.08 231.1 211.51 192.75 174.04 155.6 
 137.27 119.29 101.97 85.003 68.43 52.548 37.119 22.564 9.7792 2.266 
 1.7494 1.7452 1.7452 1.7904 1.8674 1.933 2.03 2.1214 2.2053 2.302 
 2.3996 2.5104 2.5941 2.7042 2.8219 2.9128 3.036 3.1262 3.2488 3.354 
 3.464 3.5798 3.7041 3.8212 3.9364 4.061 4.1846 4.3079 4.4244 4.5531 
 4.6836 4.8141 4.9357 5.0668 5.2076 5.3386 5.4752 5.6033 5.7586 5.8902 
 6.039 6.189 6.3322 6.4798 6.6359 6.7852 6.9219 7.0828 7.2257 7.3621 
 7.512 7.6621 7.7972 7.9528 8.09 8.2259 8.3618 8.5049 8.6416 8.7775 
 8.8998 9.0824 9.269 9.4706 9.6599 9.847 9.9961 10.114 10.223 10.322 
 10.419 10.509 10.587 10.666 10.743 10.841 10.918 10.977 11.035 11.093 
 11.165 11.223 11.282 11.327 11.386 11.418 11.463 11.502 11.548 11.58 
 11.658 
1440.4 1439.2 1437.8 1435.6 1432.5 1429.4 1424.6 1419.3 1413.6 1407.2 
 1400.2 1392.7 1384.3 1375.8 1366.2 1356.3 1345.6 1334.1 1322.1 1309.6 
 1296.9 1283.9 1269.8 1255.4 1240.5 1225.3 1210 1194 1177.5 1160.7 
 1143.1 1125.8 1108 1089.9 1071.6 1052.6 1033.9 1014.6 994.88 975.56 
 955.44 935.75 915.38 895.09 874.6 854.2 833.66 812.52 791.55 770.64 
 749.33 727.96 706.54 685.13 663.77 642.53 620.62 599.03 577.57 556.01 
 534.38 512.33 490.82 469.4 447.68 426.44 405.28 384.38 363.47 342.49 
 321.69 300.91 280.78 260.38 240.54 221.01 201.76 182.83 164.03 145.88 
 127.92 110.49 93.44 76.829 60.757 45.177 30.417 16.749 6.1996 1.8588 
 1.6288 1.6608 1.7 1.7776 1.8361 1.928 2.0061 2.103 2.1811 2.2782 
 2.3747 2.4593 2.5513 2.6742 2.7649 2.8679 2.9793 3.0824 3.1993 3.2959 
 3.4069 3.5301 3.6411 3.7572 3.8679 3.9844 4.1006 4.2255 4.3411 4.4644 
 4.5883 4.7111 4.853 4.9702 5.1015 5.2369 5.3653 5.5092 5.6397 5.7741 
 5.912 6.0532 6.1968 6.346 6.4964 6.6384 6.7809 6.9362 7.0866 7.235 
 7.3781 7.5205 7.6641 7.8113 7.9423 8.0783 8.2273 8.3561 8.4927 8.6304 
 8.76 8.909 9.0317 9.1678 9.2779 9.408 9.5383 9.6484 9.7707 9.8957 
 10.017 10.134 10.251 10.361 10.458 10.576 10.68 10.77 10.867 10.965 
 11.049 11.126 11.211 11.282 11.347 11.412 11.464 11.516 11.568 11.613 
 11.658 
1440.4 1434.5 1433.2 1430.7 1427.6 1424.1 1419.4 1414 1407.9 1401.4 
 1394.1 1386.6 1378.7 1369.4 1359.7 1349.7 1338.7 1327.5 1315.8 1302.9 
 1289.5 1275.9 1261.6 1247.3 1232.5 1217.3 1201.5 1185.8 1168.7 1151.9 
 1134.4 1116.8 1099.1 1081.1 1062.8 1043.9 1024.9 1005.6 986.12 966.55 
 946.67 926.51 906.42 886.09 865.74 845.11 824.32 803.59 782.79 761.6 
 740.4 719.15 697.98 676.7 655.07 634.02 612.45 591.1 569.77 548.19 
 526.53 505.13 483.59 462.04 440.82 419.62 398.9 378.19 357.05 336.3 
 315.59 295.42 275.29 255.22 235.56 216.2 197.17 178.48 160.04 142.13 
 124.36 107.2 90.249 73.94 57.96 42.665 28.229 15.161 5.7067 2.4065 
 2.3228 2.4069 2.4908 2.5824 2.6792 2.7895 2.906 3.0179 3.1334 3.2574 
 3.3814 3.5042 3.613 3.7441 3.8739 4.0036 4.1266 4.2618 4.3934 4.5279 
 4.6591 4.7882 4.918 5.0618 5.1959 5.3196 5.4688 5.5982 5.7223 5.8661 
 6.0013 6.144 6.2666 6.4097 6.5453 6.6823 6.8117 6.9431 7.0903 7.227 
 7.3701 7.5003 7.6419 7.7782 7.9274 8.0515 8.1802 8.3244 8.4531 8.5768 
 8.7252 8.8493 8.9664 9.0952 9.2133 9.3308 9.4543 9.5702 9.686 9.8032 
 9.9141 10.023 10.127 10.231 10.335 10.439 10.523 10.595 10.686 10.775 
 10.861 10.925 10.983 11.049 11.126 11.204 11.269 11.34 11.406 11.47 
 11.535 11.587 11.619 11.671 11.717 11.71 11.71 11.71 11.71 11.71 
 11.658 
1440.4 1437 1435.7 1433.1 1430.3 1426.5 1421.8 1416.8 1411.2 1404.9 
 1397.8 1390 1381.5 1372.9 1363.2 1352.9 1342.2 1331.2 1319.1 1306.8 
 1294 1280.4 1267.3 1252.7 1237.9 1222.5 1206.5 1190.7 1174.1 1157.7 
 1140.2 1122.9 1104.9 1086.9 1068.6 1050.1 1031 1011.9 992.5 972.66 
 952.68 932.75 912.66 892.43 872.17 851.49 830.63 809.67 789 767.83 
 746.6 725.3 703.97 682.47 661.05 639.73 618.12 596.77 575.01 553.42 
 531.69 510.27 488.74 466.77 445.32 423.82 402.41 381.28 360.29 339.3 
 318.55 298.21 277.96 257.8 238.17 218.45 199.95 181.45 163.01 144.78 
 126.86 109.49 92.443 75.991 59.845 44.312 29.632 16.115 6.0658 2.4724 
 2.3815 2.4194 2.4907 2.5884 2.7035 2.8025 2.9186 3.0354 3.1641 3.2823 
 3.4053 3.5218 3.6579 3.7877 3.9104 4.0279 4.1576 4.2991 4.4366 4.5539 
 4.6958 4.8314 4.968 5.0975 5.2405 5.3772 5.506 5.6372 5.7787 5.9147 
 6.0569 6.2001 6.3304 6.4609 6.6036 6.7267 6.8677 6.9995 7.1422 7.2782 
 7.4137 7.5507 7.6991 7.8434 7.9779 8.1149 8.244 8.3741 8.5107 8.6388 
 8.7753 8.8995 9.0295 9.1597 9.2756 9.3937 9.5034 9.6137 9.7308 9.84 
 9.9321 10.036 10.134 10.23 10.334 10.418 10.49 10.561 10.652 10.724 
 10.782 10.847 10.898 10.963 11.016 11.093 11.165 11.223 11.262 11.32 
 11.359 11.398 11.431 11.469 11.502 11.541 11.574 11.58 11.58 11.593 
 11.658 
1440.4 1437.4 1436.1 1434 1431.4 1428.4 1424 1419.1 1413.6 1407.7 
 1401.2 1393.7 1385.5 1377.1 1368.6 1358.6 1347.9 1337.2 1325.4 1313.7 
 1301.4 1288.2 1274.9 1261 1246.4 1231.7 1216.7 1201.1 1185.2 1168.7 
 1152.1 1135 1117.8 1099.7 1081.9 1063.2 1044.6 1025.7 1006.4 987.29 
 967.41 947.74 927.46 907.7 887.19 866.88 846.05 824.95 804.13 782.99 
 762.07 741.14 719.86 698.16 676.79 655.22 633.6 612.38 590.73 568.98 
 547.27 525.58 504 482.24 460.83 439.45 417.89 396.88 375.88 354.61 
 333.47 313.05 292.27 271.95 251.6 231.6 212.08 192.76 173.71 155.19 
 136.93 119.16 101.73 84.732 68.247 52.188 36.956 22.366 9.6861 2.8382 
 2.5308 2.5892 2.66 2.7582 2.8617 2.9652 3.0695 3.1935 3.323 3.4513 
 3.562 3.6986 3.8295 3.9636 4.0887 4.2167 4.3541 4.4892 4.6205 4.7571 
 4.8919 5.0214 5.1595 5.295 5.4249 5.5725 5.7096 5.839 5.9749 6.1256 
 6.2543 6.3845 6.535 6.6587 6.8051 6.9414 7.0841 7.2226 7.3506 7.4937 
 7.6304 7.7676 7.9163 8.0598 8.1958 8.3372 8.4595 8.5911 8.7269 8.8502 
 8.9732 9.1027 9.2327 9.3564 9.4857 9.5954 9.7069 9.8161 9.9261 10.036 
 10.14 10.232 10.335 10.432 10.531 10.621 10.705 10.77 10.861 10.926 
 11.003 11.049 11.114 11.159 11.224 11.283 11.354 11.406 11.458 11.503 
 11.535 11.561 11.593 11.619 11.645 11.652 11.652 11.652 11.652 11.652 
 11.658 
1440.4 1437.8 1436.4 1435.4 1432.4 1429.3 1425.9 1421.2 1416 1410.5 
 1403.8 1396.9 1389.7 1381.5 1372.6 1363 1353.3 1343.1 1331.6 1320.3 
 1308.3 1295.9 1282.9 1269.3 1255.5 1241 1226.2 1210.9 1195.1 1179.6 
 1163 1146.2 1129.1 1111.7 1093.8 1076.2 1057.7 1038.9 1020.2 1000.9 
 981.42 962.05 942.35 922.31 901.78 881.83 861.24 840.72 820.03 799.13 
 777.9 756.86 735.55 714.05 692.7 671.32 649.77 628.04 606.45 584.63 
 562.96 541.33 519.43 497.72 476.2 454.34 432.58 411.15 389.69 368.36 
 347.18 326.27 305.38 284.69 264.64 244.34 224.37 205.35 186.35 167.42 
 148.88 130.74 112.75 95.366 78.548 61.997 46.167 30.944 16.7 4.9974 
 2.7417 2.7118 2.7182 2.7763 2.8609 2.9712 3.0803 3.1976 3.3277 3.4564 
 3.5804 3.7034 3.8335 3.9697 4.0981 4.2414 4.3588 4.5022 4.6377 4.7679 
 4.897 5.0457 5.175 5.3126 5.4553 5.5781 5.7081 5.8512 5.9879 6.1283 
 6.2661 6.4013 6.5315 6.6674 6.8044 6.9399 7.0834 7.214 7.3567 7.4848 
 7.6285 7.7655 7.9075 8.0446 8.1801 8.3096 8.4336 8.5623 8.6867 8.8161 
 8.9397 9.0752 9.1925 9.3151 9.4387 9.5362 9.6648 9.7753 9.8801 9.9895 
 10.1 10.198 10.288 10.393 10.49 10.575 10.672 10.736 10.814 10.892 
 10.957 11.021 11.074 11.133 11.191 11.255 11.301 11.366 11.424 11.463 
 11.496 11.528 11.548 11.58 11.612 11.626 11.645 11.652 11.658 11.658 
 11.658 
1440.4 1442.1 1441.1 1439.8 1437.7 1434.5 1430.8 1426.9 1422.2 1416.8 
 1410.2 1404 1396.4 1388.8 1380.3 1371.4 1361.9 1351.8 1341.1 1330.2 
 1318.2 1305.9 1293.5 1280.4 1266.8 1252.7 1238.5 1223.4 1207.6 1191.7 
 1175.8 1159.4 1142.6 1125.5 1107.6 1090 1072 1053.7 1034.8 1015.7 
 995.97 976.78 956.95 937.18 916.81 896.71 876.26 855.56 834.8 813.84 
 792.95 771.84 750.56 729.04 707.22 685.8 664.11 642.37 620.68 598.9 
 577.12 555.08 533.17 511.25 489.48 467.78 445.94 424.15 402.96 381.71 
 360.46 339.34 318.33 297.25 276.8 256.26 236.44 216.61 197.02 177.89 
 159.19 140.76 122.79 105.35 88.348 71.705 55.804 40.388 25.843 12.318 
 3.0175 2.9067 2.9065 2.9198 2.959 3.0298 3.121 3.2242 3.3536 3.4841 
 3.6132 3.7509 3.88 4.0235 4.159 4.2819 4.4239 4.5621 4.6984 4.84 
 4.9773 5.1069 5.2499 5.3843 5.5152 5.6515 5.7882 5.9241 6.0665 6.2027 
 6.3314 6.468 6.6115 6.7352 6.8711 7.0063 7.1436 7.2735 7.4155 7.5404 
 7.6872 7.8258 7.9602 8.0911 8.2262 8.3502 8.479 8.5972 8.7252 8.8437 
 8.9599 9.0835 9.2054 9.3106 9.4335 9.5373 9.6474 9.7648 9.8742 9.9718 
 10.07 10.179 10.278 10.381 10.465 10.556 10.64 10.717 10.789 10.867 
 10.925 10.99 11.042 11.094 11.165 11.237 11.302 11.36 11.405 11.451 
 11.496 11.535 11.561 11.606 11.645 11.671 11.678 11.678 11.678 11.678 
 11.658 
1440.4 1445 1444.7 1443.2 1440.9 1437.9 1434.7 1430.4 1425.8 1420.3 
 1414.4 1407.8 1400.6 1392.7 1384.6 1375.6 1365.6 1355.6 1345.1 1334.2 
 1322.2 1310.2 1297 1284.2 1270.5 1256.3 1241.4 1226.5 1211.1 1195.2 
 1179 1162.3 1145.7 1128.2 1110.6 1092.5 1074.7 1056 1037.4 1018.4 
 998.75 979.33 959.75 939.82 919.5 899.3 878.61 858.02 837.28 816.18 
 795.28 773.5 752.17 730.84 709.2 687.55 665.55 644.17 622.15 600.19 
 578.6 556.36 534.42 512.18 490.33 468.41 446.48 424.8 402.87 381.55 
 359.98 338.76 317.59 296.69 276.35 255.79 235.86 215.94 197.04 178.14 
 159.17 140.92 122.64 105.15 87.989 71.212 55.221 39.606 24.914 11.183 
 2.8868 2.6683 2.6664 2.692 2.7568 2.8592 2.9512 3.0679 3.1911 3.3212 
 3.4378 3.5735 3.7027 3.8321 3.9558 4.0927 4.2151 4.339 4.4759 4.6118 
 4.7402 4.8847 5.0071 5.1496 5.2792 5.415 5.5395 5.6817 5.8177 5.9472 
 6.0849 6.228 6.3635 6.4991 6.6414 6.7659 6.9018 7.0312 7.1815 7.3035 
 7.4456 7.5767 7.7198 7.8492 7.9844 8.1156 8.2373 8.3622 8.4855 8.6139 
 8.7376 8.8673 8.9968 9.115 9.2183 9.3344 9.4392 9.5492 9.6583 9.7689 
 9.8731 9.9702 10.073 10.171 10.263 10.354 10.431 10.503 10.586 10.665 
 10.73 10.776 10.834 10.899 10.958 11.035 11.08 11.158 11.21 11.256 
 11.295 11.34 11.373 11.417 11.463 11.502 11.515 11.561 11.58 11.593 
 11.658 
1440.4 1444.3 1443.3 1442.2 1440.3 1437.8 1434.2 1430 1425.5 1420.3 
 1413.9 1407.4 1399.9 1392.2 1383.4 1374.3 1364.6 1354.3 1343.4 1332.4 
 1320.5 1307.9 1294.6 1281.6 1267.7 1253 1238.2 1223 1207.2 1191.7 
 1175.2 1158.6 1141.2 1123.6 1105.6 1087.8 1069.6 1050.8 1031.8 1012.5 
 993.08 973.41 953.82 933.42 913 892.71 872.48 851.35 830.82 809.74 
 788.54 767.31 745.99 724.38 702.57 681.01 659.19 637.48 615.77 593.88 
 572.36 550.44 528.78 506.74 485.17 463.46 441.51 420.08 399.02 377.96 
 356.15 335.08 314.22 293.32 273.05 252.6 232.6 212.88 193.5 174.54 
 156.04 137.94 120.08 102.71 85.719 69.2 53.265 37.905 23.27 10.267 
 2.8938 2.4461 2.4978 2.5761 2.6665 2.7642 2.8803 2.986 3.0958 3.2181 
 3.3424 3.4647 3.5895 3.7239 3.8537 3.978 4.1014 4.2308 4.3595 4.4958 
 4.6146 4.7629 4.8928 5.0286 5.1595 5.2875 5.4241 5.5607 5.6845 5.8206 
 5.9494 6.0872 6.2291 6.3517 6.4937 6.6171 6.7746 6.909 7.0475 7.183 
 7.3139 7.4683 7.6106 7.7476 7.8779 8.0201 8.15 8.2847 8.4142 8.5573 
 8.6946 8.8176 8.9476 9.0645 9.1929 9.3103 9.4265 9.5433 9.6601 9.7776 
 9.869 9.9781 10.082 10.172 10.263 10.381 10.465 10.543 10.621 10.705 
 10.776 10.841 10.893 10.951 11.023 11.081 11.147 11.211 11.27 11.327 
 11.366 11.399 11.452 11.528 11.574 11.613 11.613 11.613 11.613 11.613 
 11.658 
1440.4 1440.4 1439.7 1438.8 1437 1434.5 1431 1427.1 1422.2 1416.5 
 1410.4 1403.9 1396.4 1388.2 1379.7 1370.8 1360.7 1349.9 1339 1327.3 
 1315.1 1302.2 1288.9 1275.2 1261.5 1246.5 1231.1 1215.8 1199.7 1183.3 
 1166.5 1149.7 1132.3 1114.8 1096.6 1078.2 1059.6 1040.9 1021.8 1002.4 
 982.42 963.07 942.96 922.91 902.36 882.09 861.68 840.67 819.92 798.93 
 777.68 756.29 735.19 713.49 692.05 670.65 649.18 627.46 606.09 584.44 
 562.59 540.89 519.23 497.48 475.86 454.14 432.4 410.93 389.61 368.4 
 347.38 326.78 305.99 285.59 265.49 245.38 225.83 207.15 188.47 169.71 
 151.63 133.71 116.02 99.059 82.284 66.048 50.273 35.098 21.078 9.1384 
 2.9212 2.3251 2.3161 2.3991 2.4962 2.5946 2.6987 2.8149 2.9313 3.0488 
 3.1588 3.2878 3.398 3.5275 3.6641 3.7872 3.9115 4.0402 4.1707 4.3126 
 4.4242 4.5596 4.7015 4.82 4.9619 5.0911 5.2288 5.37 5.4995 5.6293 
 5.7594 5.8971 6.033 6.1739 6.3113 6.448 6.5903 6.7202 6.8617 7.006 
 7.1476 7.2851 7.4263 7.5754 7.7126 7.8557 7.9909 8.1408 8.2757 8.4073 
 8.5501 8.6989 8.8284 8.9635 9.0945 9.2185 9.3408 9.4648 9.5938 9.7117 
 9.8153 9.9381 10.049 10.152 10.269 10.366 10.464 10.542 10.626 10.704 
 10.782 10.84 10.905 10.97 11.041 11.112 11.184 11.249 11.308 11.372 
 11.412 11.463 11.476 11.515 11.548 11.574 11.593 11.613 11.613 11.613 
 11.658 
1440.4 1435.6 1435.5 1433.7 1431.7 1428.8 1425.3 1421.2 1416.5 1410.9 
 1404.5 1398.1 1390.4 1382.3 1373.8 1365.1 1354.7 1344 1333 1321.5 
 1309.6 1296.9 1283.1 1269.2 1255.1 1240.4 1225.4 1209.7 1193.7 1177.6 
 1160.4 1143.5 1126 1108.6 1090.6 1072 1053.7 1034.8 1015.3 996.08 
 976.54 956.58 936.64 916.7 896.72 875.95 855.7 834.97 813.83 793.35 
 772.24 750.95 729.5 708.38 686.81 665.44 644.27 622.67 601.06 579.53 
 557.79 535.99 514.33 492.69 471.07 450.06 428.29 407.05 385.85 365.09 
 344.03 323.41 302.94 282.74 262.56 242.89 223.38 204.83 186.27 167.83 
 149.58 132 114.42 97.333 80.711 64.582 48.925 33.898 20.052 8.4108 
 2.1834 1.5406 1.5376 1.544 1.5956 1.6676 1.7319 1.8169 1.8937 1.9856 
 2.0698 2.1601 2.2515 2.3478 2.4454 2.5486 2.6468 2.7444 2.8551 2.9706 
 3.0562 3.1659 3.2882 3.3863 3.4901 3.6123 3.724 3.8524 3.9638 4.0874 
 4.2165 4.3336 4.4566 4.5809 4.7029 4.8326 4.9563 5.0982 5.2227 5.3711 
 5.4952 5.6239 5.767 5.8976 6.0408 6.194 6.3437 6.4816 6.6308 6.7736 
 6.9289 7.058 7.208 7.35 7.4874 7.6355 7.7721 7.9141 8.0569 8.2004 
 8.3356 8.4791 8.6226 8.7642 8.8948 9.0235 9.154 9.2909 9.4135 9.5563 
 9.685 9.8223 9.945 10.069 10.198 10.329 10.457 10.575 10.691 10.802 
 10.905 11.022 11.126 11.222 11.295 11.379 11.444 11.516 11.58 11.632 
 11.658 
1440.4 1438.9 1438.6 1437.3 1435 1432.3 1429.2 1425.6 1421 1415.4 
 1409.3 1402.4 1395.1 1387.2 1378.6 1369.4 1359 1348.6 1337.5 1326.2 
 1314.3 1301.6 1288.3 1274.3 1260.5 1246 1231 1215.6 1199.5 1183.5 
 1166.7 1149.9 1132.5 1114.9 1096.8 1078.6 1060.1 1041.2 1022.2 1002.7 
 983.41 963.58 943.57 923.44 903.3 882.65 862.66 841.84 820.79 799.84 
 778.74 757.46 736.17 714.8 693.1 671.94 650.33 628.93 607.28 585.6 
 564.11 542.25 520.88 499.01 477.61 455.82 434.43 412.99 392.15 371.3 
 350.32 329.46 308.81 288.36 268.17 248.32 228.57 209.3 190.13 171.71 
 153.14 135.32 117.72 100.4 83.722 67.268 51.394 36.14 21.894 9.5744 
 2.3463 1.5442 1.57 1.6025 1.6615 1.7332 1.7974 1.876 1.9604 2.0507 
 2.1349 2.2266 2.3231 2.4134 2.5175 2.6098 2.7119 2.8161 2.9196 3.0242 
 3.1208 3.2376 3.3417 3.4528 3.5565 3.6727 3.7957 3.9122 4.0296 4.1467 
 4.2565 4.3863 4.5164 4.6455 4.776 4.9118 5.0348 5.1718 5.3074 5.4445 
 5.5868 5.7236 5.8716 6.0147 6.1594 6.3258 6.4769 6.6373 6.7879 6.9439 
 7.092 7.2469 7.3978 7.5458 7.7026 7.8378 7.9931 8.1375 8.2868 8.434 
 8.5657 8.7069 8.8428 8.9935 9.123 9.2662 9.3891 9.5306 9.6611 9.7841 
 9.92 10.044 10.173 10.292 10.413 10.53 10.635 10.738 10.848 10.933 
 11.03 11.127 11.211 11.276 11.34 11.393 11.451 11.503 11.548 11.587 
 11.658 
1440.4 1438.3 1437.9 1436.4 1434.7 1432.1 1428.7 1424.4 1420 1414.8 
 1409.2 1402.4 1395.3 1387.7 1379.1 1369.8 1360.1 1349.6 1338.7 1327.5 
 1315.7 1303.3 1290 1276.7 1263 1248.3 1233.8 1218.8 1203.4 1187.7 
 1170.5 1154.1 1136.9 1119.5 1101.8 1083.4 1065.3 1046.6 1027.8 1008.3 
 989.01 969.11 949.19 929.65 909.12 888.7 868.69 847.53 826.89 805.71 
 785.22 763.75 742.56 721.27 699.89 678.38 656.81 635.13 613.67 591.92 
 570.28 548.63 526.89 505.23 483.59 462.1 440.53 418.89 397.53 376.26 
 354.98 333.81 313.09 292.33 272.04 252.02 231.94 212.36 193.78 175.22 
 156.67 138.44 120.65 103.23 86.066 69.688 53.685 38.036 23.346 10.09 
 2.2695 1.6507 1.6414 1.6414 1.667 1.7382 1.8037 1.8938 1.9787 2.0568 
 2.1592 2.2445 2.3415 2.4456 2.5486 2.6518 2.7424 2.8612 2.9642 3.0674 
 3.1789 3.295 3.392 3.5221 3.6319 3.7422 3.8732 3.9829 4.1065 4.2288 
 4.3653 4.5218 4.6844 4.8199 4.9486 5.0399 5.1577 5.305 5.4353 5.5788 
 5.7219 5.8643 6.0208 6.1701 6.3319 6.4811 6.6356 6.7905 6.935 7.0911 
 7.2387 7.3948 7.5506 7.693 7.8434 7.9858 8.1346 8.2635 8.4206 8.5508 
 8.6856 8.8168 8.9452 9.0829 9.2052 9.3284 9.4514 9.5757 9.7055 9.809 
 9.9449 10.055 10.166 10.294 10.399 10.51 10.62 10.717 10.822 10.905 
 11.003 11.074 11.152 11.23 11.288 11.353 11.418 11.47 11.534 11.574 
 11.658 
1440.4 1438.6 1438 1436.1 1434.1 1431.5 1428.4 1424.7 1420.5 1414.5 
 1408.4 1401.9 1394.9 1387 1379 1369.9 1360.8 1350.9 1340.1 1329 
 1317.1 1305 1292 1279 1265.5 1251.7 1237 1221.9 1206.6 1190.8 
 1175.2 1158.2 1141.6 1124.5 1107.3 1089.1 1070.9 1052.4 1033.8 1014.9 
 995.6 976.28 956.48 936.58 916.46 896.2 875.87 855.14 834.28 813.47 
 792.73 771.53 750.38 729.09 707.62 686.07 664.56 643.02 621.42 599.67 
 577.97 555.8 534.66 512.8 491.16 469.4 447.85 426.29 405 383.9 
 362.81 341.58 320.92 299.99 279.39 259.19 239.21 219.4 199.89 180.86 
 161.88 143.58 125.51 107.88 90.757 73.98 57.615 41.949 26.899 12.85 
 2.58 1.8035 1.7971 1.8039 1.843 1.9015 1.9725 2.0373 2.1422 2.2399 
 2.3298 2.4283 2.5313 2.6289 2.7317 2.8487 2.9468 3.0626 3.1729 3.2768 
 3.3881 3.5114 3.6287 3.7563 3.8673 3.992 4.1139 4.2373 4.3743 4.5102 
 4.6403 4.7702 4.905 5.0432 5.185 5.3142 5.4641 5.5937 5.7429 5.8856 
 6.028 6.1778 6.339 6.4771 6.6311 6.7804 6.9292 7.0674 7.235 7.383 
 7.5201 7.6693 7.806 7.948 8.0847 8.2331 8.3708 8.501 8.6355 8.7785 
 8.903 9.0374 9.1677 9.2732 9.4086 9.5312 9.6548 9.7717 9.8936 10.005 
 10.114 10.225 10.342 10.452 10.55 10.653 10.751 10.841 10.927 11.017 
 11.088 11.166 11.256 11.321 11.373 11.438 11.503 11.555 11.613 11.645 
 11.658 
1440.4 1442.1 1441.1 1439.4 1437.2 1434.5 1430.8 1427 1421.9 1416.4 
 1410.3 1403.3 1396 1388 1379.9 1371 1361.5 1351.5 1341 1330.1 
 1318.1 1306.3 1293.5 1280.2 1266.6 1252.4 1237.9 1223.2 1207.4 1191.5 
 1175.2 1158.8 1142.2 1124.7 1107.1 1089.1 1071 1052.6 1034 1014.8 
 995.66 976.26 956.57 937.08 916.9 896.5 875.87 855.54 834.64 813.89 
 792.89 771.84 750.31 729.07 707.12 685.7 664.29 642.67 620.66 598.93 
 577.11 555.32 533.39 511.57 489.72 467.94 446.28 424.62 403.06 381.63 
 360.38 339.24 318.29 297.17 276.87 256.51 236.53 216.66 197.96 179.27 
 160.54 142.24 124.44 106.81 89.734 73.173 57.06 41.562 26.975 13.163 
 2.8114 2.2313 2.0828 2.0111 1.9853 1.9917 2.0175 2.0823 2.1733 2.2768 
 2.3806 2.4854 2.5942 2.7045 2.8157 2.9373 3.0496 3.1652 3.2881 3.4195 
 3.5357 3.6525 3.769 3.8994 4.0289 4.1515 4.2755 4.4056 4.5347 4.6774 
 4.8069 4.9431 5.0794 5.2157 5.3636 5.5019 5.6306 5.7737 5.9153 6.0657 
 6.2146 6.363 6.5005 6.6506 6.8059 6.9539 7.1036 7.2391 7.3943 7.5372 
 7.6735 7.8166 7.9545 8.1017 8.2259 8.3694 8.5053 8.64 8.7641 8.9011 
 9.0295 9.1545 9.2826 9.3933 9.5244 9.647 9.7641 9.8741 9.9968 10.119 
 10.217 10.335 10.444 10.541 10.64 10.737 10.833 10.919 10.997 11.074 
 11.158 11.223 11.295 11.353 11.412 11.477 11.509 11.554 11.606 11.639 
 11.658 
