IESNA:LM-63-2002
[TEST] 1
[TESTLAB] 
[TESTDATE] 2025-02-20
[ISSUEDATE] 2025-02-21 09:26:24
[LAMPPOSITION] 0,0
[OTHER] EVERFINE GO-2000A_V1 SYSTEM
[MANUFAC] 
[LUMINAIRE] 40W-5000K
[LAMP] DB77E-4-50L-UD-P-A5W5C5
TILT=NONE
1 5247.4 1 181 17 1 2 0.060 1.200 0.000
1.000 1 38.8839
0.0    1.0    2.0    3.0    4.0    5.0    6.0    7.0    8.0    9.0    
 10.0   11.0   12.0   13.0   14.0   15.0   16.0   17.0   18.0   19.0   
 20.0   21.0   22.0   23.0   24.0   25.0   26.0   27.0   28.0   29.0   
 30.0   31.0   32.0   33.0   34.0   35.0   36.0   37.0   38.0   39.0   
 40.0   41.0   42.0   43.0   44.0   45.0   46.0   47.0   48.0   49.0   
 50.0   51.0   52.0   53.0   54.0   55.0   56.0   57.0   58.0   59.0   
 60.0   61.0   62.0   63.0   64.0   65.0   66.0   67.0   68.0   69.0   
 70.0   71.0   72.0   73.0   74.0   75.0   76.0   77.0   78.0   79.0   
 80.0   81.0   82.0   83.0   84.0   85.0   86.0   87.0   88.0   89.0   
 90.0   91.0   92.0   93.0   94.0   95.0   96.0   97.0   98.0   99.0   
 100.0  101.0  102.0  103.0  104.0  105.0  106.0  107.0  108.0  109.0  
 110.0  111.0  112.0  113.0  114.0  115.0  116.0  117.0  118.0  119.0  
 120.0  121.0  122.0  123.0  124.0  125.0  126.0  127.0  128.0  129.0  
 130.0  131.0  132.0  133.0  134.0  135.0  136.0  137.0  138.0  139.0  
 140.0  141.0  142.0  143.0  144.0  145.0  146.0  147.0  148.0  149.0  
 150.0  151.0  152.0  153.0  154.0  155.0  156.0  157.0  158.0  159.0  
 160.0  161.0  162.0  163.0  164.0  165.0  166.0  167.0  168.0  169.0  
 170.0  171.0  172.0  173.0  174.0  175.0  176.0  177.0  178.0  179.0  
 180.0  
0.0    22.5   45.0   67.5   90.0   112.5  135.0  157.5  180.0  202.5  
 225.0  247.5  270.0  292.5  315.0  337.5  360.0  
1956.3 1958.8 1957.1 1954.6 1951.2 1947.5 1942.3 1936.5 1930.1 1922.6 
 1914.6 1905 1895.7 1884.7 1873.1 1860.8 1847.5 1834.1 1819.7 1804.7 
 1788.8 1771.7 1754.5 1736.7 1718.6 1699.3 1679.6 1659.7 1638.6 1617.6 
 1595.4 1573 1550 1526.6 1503 1478.6 1454.4 1429.1 1404.2 1378.7 
 1352.2 1326 1299 1272.6 1245.2 1217.5 1189.9 1162.3 1133.9 1105.8 
 1077.3 1048.4 1019.6 991.07 961.9 932.21 902.88 873.45 843.74 814.29 
 784.88 754.96 725.39 695.64 665.98 636.57 607.09 577.84 548.3 519.28 
 490.09 461.49 433.08 404.71 376.73 349.12 321.73 294.35 268.59 242.77 
 217.3 193.08 168.88 145 121.79 99.283 77.529 56.473 36.408 17.793 
 3.6767 3.041 2.8415 2.7313 2.7248 2.7312 2.7701 2.8677 2.9975 3.135 
 3.2762 3.4202 3.5686 3.7243 3.8659 4.0104 4.1828 4.3335 4.4953 4.664 
 4.8211 4.9842 5.1451 5.3194 5.4894 5.6448 5.8265 6.0082 6.1839 6.3597 
 6.5458 6.7156 6.9037 7.085 7.2737 7.4623 7.6496 7.8566 8.0492 8.2455 
 8.4466 8.6543 8.8442 9.0523 9.2523 9.4454 9.6336 9.8423 10.037 10.232 
 10.427 10.622 10.81 10.998 11.185 11.361 11.556 11.731 11.911 12.086 
 12.268 12.443 12.619 12.8 12.969 13.131 13.287 13.441 13.598 13.741 
 13.889 14.047 14.188 14.331 14.474 14.611 14.721 14.838 14.955 15.064 
 15.181 15.259 15.356 15.441 15.518 15.583 15.655 15.72 15.784 15.83 
 15.849 
1956.3 1961 1959.2 1956.8 1953.2 1949.3 1944 1938 1931.3 1923.3 
 1914.7 1905 1894.5 1883.6 1871.9 1859.4 1846.2 1832.3 1817.4 1802.2 
 1785.7 1768.7 1751.1 1733 1713.9 1694.8 1674.7 1654.1 1633.1 1611.4 
 1588.9 1566.2 1543.7 1519.3 1495.6 1471.4 1446.4 1421.2 1395.8 1370.1 
 1343.7 1316.8 1290 1263.3 1235.9 1208.3 1180.9 1152.6 1124.1 1095.9 
 1067.2 1038.2 1009.1 980.42 950.82 921.86 892.1 862.81 833.2 803.46 
 773.67 743.94 714.42 684.64 654.56 625.04 595.49 566.28 536.58 507.73 
 478.49 449.77 421.5 393.74 365.97 338.29 311.08 284.13 257.62 231.8 
 206.13 181.19 156.84 133.02 109.99 87.428 65.713 45.017 25.414 8.296 
 2.6336 2.5756 2.5821 2.6151 2.6865 2.7773 2.8745 2.9845 3.116 3.2636 
 3.3938 3.5361 3.6675 3.8148 3.958 4.1084 4.2513 4.4122 4.5679 4.7051 
 4.866 5.0218 5.1914 5.3528 5.5219 5.6782 5.852 6.0162 6.1982 6.366 
 6.5361 6.7366 6.9227 7.0999 7.2807 7.4764 7.6641 7.8571 8.0416 8.24 
 8.4353 8.6388 8.8447 9.0447 9.24 9.4428 9.6423 9.8424 10.052 10.239 
 10.447 10.648 10.842 11.025 11.22 11.419 11.596 11.77 11.957 12.152 
 12.329 12.504 12.678 12.854 13.034 13.21 13.367 13.527 13.69 13.833 
 13.981 14.131 14.268 14.417 14.54 14.682 14.793 14.91 15.013 15.118 
 15.228 15.311 15.403 15.48 15.558 15.622 15.668 15.72 15.778 15.817 
 15.849 
1956.3 1958.2 1956.6 1953.6 1949.6 1944.3 1938.8 1932 1924.8 1916.1 
 1907.4 1897.3 1886.4 1874.7 1862.4 1849.3 1835.2 1820.2 1804.9 1788.4 
 1771.9 1754.1 1735.7 1717.1 1697.5 1677.3 1656.4 1635.4 1613.5 1591.1 
 1568.3 1545.5 1521.3 1497.2 1472.9 1447.8 1422.6 1396.9 1370.9 1344.8 
 1318.2 1291.4 1263.9 1236.9 1208.6 1180.7 1153.2 1125 1096.5 1067.7 
 1038.9 1009.8 980.75 951.79 922.7 893.23 864.2 834.84 805.01 775.2 
 745.98 716.33 686.71 657.31 627.74 598.6 569.09 539.81 510.52 481.78 
 452.88 424.43 396.23 368.14 340.58 313.27 287.01 260.47 234.64 209.66 
 185.25 161.24 137.62 114.56 92.131 70.468 49.611 29.767 12.575 3.0585 
 2.4162 2.4005 2.4133 2.4976 2.5869 2.6854 2.8147 2.9323 3.0491 3.1781 
 3.3204 3.4507 3.5994 3.7418 3.8774 4.0201 4.1625 4.3192 4.4633 4.6186 
 4.7739 4.9236 5.0785 5.248 5.4025 5.5514 5.7258 5.8965 6.057 6.2214 
 6.3952 6.5699 6.7456 6.9332 7.1139 7.2976 7.4847 7.6799 7.8799 8.0757 
 8.2634 8.4639 8.6667 8.862 9.0696 9.2686 9.4703 9.672 9.8673 10.068 
 10.263 10.463 10.651 10.859 11.035 11.221 11.411 11.591 11.767 11.942 
 12.123 12.37 12.663 12.945 13.214 13.472 13.68 13.842 13.987 14.11 
 14.232 14.343 14.465 14.565 14.668 14.777 14.888 14.986 15.071 15.161 
 15.238 15.329 15.414 15.472 15.531 15.59 15.642 15.693 15.758 15.803 
 15.849 
1956.3 1952.6 1950.6 1947 1942.8 1938 1932.4 1925.6 1917.7 1909.1 
 1899.9 1889.1 1878.3 1865.3 1852.7 1839 1824.6 1809.8 1794 1776.5 
 1759.4 1741.5 1723.1 1703 1683.2 1662.7 1641.6 1620.2 1597.3 1574.7 
 1551.6 1528 1503.5 1478.9 1454.4 1429.1 1403.5 1377.4 1351 1324.7 
 1297.7 1270.5 1243 1215.8 1187.9 1160 1131.8 1103.5 1075.1 1046.7 
 1017.9 988.7 959.73 931.05 901.83 872.87 843.26 814.31 784.95 755.49 
 725.97 696.43 667.26 637.71 608.47 579.73 550.05 521.26 492.7 464.18 
 436 408.33 380.79 353.26 326.26 299.85 273.44 247.51 222.17 197.48 
 172.99 149.28 126.14 103.51 81.801 60.418 40.346 21.822 8.0769 2.51 
 2.245 2.2905 2.3561 2.4531 2.5435 2.6489 2.7587 2.8758 3.017 3.1341 
 3.2585 3.3889 3.5313 3.6526 3.7962 3.9529 4.0828 4.2241 4.3733 4.5221 
 4.6734 4.8211 4.9782 5.139 5.2833 5.4513 5.5994 5.7617 5.9317 6.0991 
 6.2683 6.4361 6.6072 6.78 6.9552 7.1319 7.3136 7.4938 7.6777 7.8697 
 8.059 8.2536 8.4408 8.6419 8.8383 9.0383 9.233 9.4299 9.6283 9.83 
 10.031 10.231 10.42 10.609 10.805 10.997 11.187 11.368 11.549 11.732 
 11.914 12.095 12.275 12.458 12.638 12.801 12.983 13.144 13.301 13.462 
 13.618 13.786 13.938 14.098 14.229 14.385 14.521 14.651 14.78 14.904 
 15.02 15.136 15.247 15.344 15.441 15.532 15.603 15.668 15.739 15.797 
 15.849 
1956.3 1950.4 1948 1944.7 1940.8 1935.6 1929.1 1921.9 1914.2 1905.1 
 1895.4 1884.4 1873.2 1860.3 1847.7 1833.5 1818.7 1803.3 1786.8 1770.3 
 1752.4 1734.1 1715.2 1695.8 1675.8 1654.6 1632.9 1611.3 1589 1565.9 
 1543 1518.8 1494.6 1470.1 1444.8 1419.1 1393.7 1367.8 1341.7 1315.1 
 1287.9 1261.2 1233.5 1205.8 1177.7 1149.9 1121.9 1093.1 1064.9 1036.6 
 1007.8 978.74 949.83 920.95 891.72 863 833.61 804.33 775.02 745.67 
 716.15 686.78 657.37 627.97 599.06 570.18 541.47 512.77 484.19 455.99 
 427.68 400.4 373.12 345.82 319.46 292.74 266.85 241.27 216.32 191.63 
 167.47 144.11 121.1 98.738 77.094 56.33 36.62 19.092 6.8713 3.2503 
 3.2438 3.3483 3.4655 3.5949 3.7256 3.8673 4.0351 4.1856 4.3419 4.5106 
 4.6734 4.8471 5.0162 5.1712 5.3533 5.5229 5.6903 5.8665 6.0402 6.2219 
 6.4031 6.5735 6.7684 6.9348 7.1294 7.3068 7.5022 7.675 7.8692 8.0638 
 8.2476 8.4347 8.6174 8.7982 8.9858 9.1686 9.3563 9.5499 9.7456 9.9322 
 10.108 10.291 10.484 10.666 10.847 11.036 11.219 11.406 11.582 11.769 
 11.945 12.133 12.302 12.476 12.644 12.802 12.964 13.12 13.267 13.429 
 13.579 13.722 13.851 13.996 14.125 14.266 14.391 14.52 14.625 14.74 
 14.856 14.954 15.046 15.13 15.213 15.318 15.415 15.506 15.584 15.642 
 15.713 15.784 15.823 15.895 15.966 15.979 15.979 15.979 15.966 15.966 
 15.849 
1956.3 1953.7 1951.2 1948 1944 1938.6 1932.5 1925.7 1918 1909.5 
 1900.2 1889.4 1878.2 1866 1853.3 1839.5 1825.2 1810.1 1793.8 1777.3 
 1760.1 1742 1723 1703.9 1683.8 1663 1641.6 1619.9 1597.5 1574.9 
 1551.3 1528.1 1503.8 1479.2 1454.3 1428.9 1403.7 1377.5 1351.3 1324.6 
 1297.5 1270.6 1243 1215.4 1187.6 1160 1131.7 1103.2 1075 1046.1 
 1017.1 988.25 958.98 929.98 900.78 871.85 842.17 813.04 783.59 754.26 
 724.66 695.19 665.78 635.84 606.95 577.63 548.39 519.92 491.18 462.82 
 434.04 406.3 378.54 351.09 324.18 297.36 271.24 245.35 219.88 195.85 
 171.82 148.2 124.85 102.32 80.203 59.062 39.004 20.827 7.5958 3.3647 
 3.3089 3.3799 3.503 3.6263 3.7807 3.9101 4.0791 4.235 4.392 4.5662 
 4.7285 4.8899 5.0659 5.2406 5.4034 5.5703 5.7532 5.9266 6.1042 6.2853 
 6.466 6.6472 6.823 7.0169 7.1983 7.376 7.568 7.7573 7.9336 8.1325 
 8.3095 8.5041 8.6853 8.8714 9.0606 9.2503 9.4424 9.6262 9.8139 10.014 
 10.19 10.373 10.554 10.754 10.938 11.135 11.301 11.486 11.671 11.838 
 12.032 12.222 12.389 12.558 12.727 12.871 13.025 13.175 13.324 13.467 
 13.609 13.739 13.869 13.994 14.13 14.252 14.369 14.467 14.558 14.661 
 14.752 14.85 14.933 14.999 15.076 15.154 15.251 15.324 15.381 15.446 
 15.505 15.538 15.583 15.628 15.699 15.726 15.758 15.784 15.784 15.784 
 15.849 
1956.3 1953.1 1951 1948.4 1944.8 1940.4 1934.5 1928.2 1921.3 1913.3 
 1904.6 1894.6 1884.3 1873.1 1860.4 1847.7 1833.8 1818.8 1803.9 1787.6 
 1771.5 1753.7 1735.3 1716.7 1697 1677.1 1656.6 1635.6 1613.8 1591.8 
 1568.9 1545.5 1521.9 1498.1 1473.9 1449.2 1423.2 1397.8 1372.1 1346 
 1319.1 1292.3 1265.3 1237.5 1209.5 1182.3 1154.4 1125.6 1097.8 1069.1 
 1039.9 1011.3 982.23 953.13 923.75 894.71 865.42 835.88 806.27 776.57 
 747.33 717.82 688.14 658.41 629.54 600.11 570.53 541.48 512.22 483.61 
 454.73 426.34 398.48 370.62 343.33 315.9 289.27 262.82 236.69 211.39 
 186.55 162.18 138.22 115.31 92.573 70.687 49.753 29.799 12.633 3.8463 
 3.4968 3.575 3.6906 3.8091 3.9507 4.0931 4.2496 4.4184 4.5875 4.754 
 4.9296 5.0979 5.274 5.4432 5.617 5.7986 5.9748 6.1495 6.3387 6.512 
 6.7021 6.8694 7.0569 7.258 7.4279 7.6081 7.8058 7.9924 8.1806 8.3618 
 8.5635 8.7501 8.9269 9.1091 9.3022 9.4894 9.6721 9.8721 10.068 10.257 
 10.452 10.639 10.828 11.015 11.197 11.374 11.56 11.742 11.918 12.099 
 12.286 12.462 12.632 12.799 12.956 13.106 13.261 13.416 13.558 13.688 
 13.837 13.955 14.097 14.22 14.356 14.474 14.603 14.707 14.817 14.915 
 14.993 15.089 15.175 15.246 15.317 15.395 15.48 15.538 15.602 15.648 
 15.7 15.732 15.765 15.817 15.836 15.862 15.862 15.862 15.862 15.862 
 15.849 
1956.3 1954 1951.4 1949.2 1946 1942.1 1936.8 1931 1923.9 1916.8 
 1908.2 1899 1888.9 1878.2 1866.3 1853.8 1840.6 1826.3 1811.8 1796.7 
 1780.3 1763.4 1746.1 1728.3 1709.8 1689.7 1669.6 1649.5 1628.6 1606.8 
 1584.9 1562.5 1539.1 1515.2 1491.2 1467.2 1442.2 1416.9 1391.4 1365.5 
 1339.3 1312.8 1286 1259.3 1231.3 1203.8 1175.9 1147.6 1119.8 1091.2 
 1062.4 1033.4 1004.4 975.09 946.16 916.98 887.43 858.12 828.72 798.9 
 769.18 739.66 709.98 680 650.48 620.9 591.24 562.07 532.86 503.94 
 474.73 446.31 417.69 389.46 361.77 334.24 307.05 280.15 253.9 227.72 
 203.1 178.51 153.99 130.34 107.06 84.577 62.908 42.067 22.635 6.6651 
 3.7923 3.7435 3.7689 3.8597 3.9825 4.1247 4.2618 4.4299 4.6056 4.7734 
 4.9495 5.1233 5.3188 5.4817 5.6499 5.83 6.0068 6.1825 6.3701 6.5513 
 6.7275 6.9127 7.0954 7.2761 7.4706 7.6475 7.8297 8.0302 8.2111 8.4077 
 8.5815 8.7685 8.9528 9.147 9.3406 9.5214 9.71 9.8918 10.086 10.27 
 10.462 10.64 10.825 11.003 11.19 11.365 11.545 11.728 11.89 12.084 
 12.26 12.424 12.602 12.765 12.923 13.064 13.222 13.362 13.52 13.65 
 13.785 13.927 14.045 14.173 14.312 14.435 14.544 14.655 14.771 14.869 
 14.954 15.045 15.116 15.181 15.252 15.33 15.426 15.466 15.53 15.583 
 15.634 15.667 15.687 15.739 15.771 15.797 15.823 15.836 15.836 15.836 
 15.849 
1956.3 1959.5 1957.8 1955.8 1952.5 1949 1944.1 1938.9 1932.5 1925.6 
 1917.6 1908.8 1899.3 1888.4 1877.5 1865.9 1852.8 1839.5 1824.8 1810.4 
 1794.3 1777.8 1761.1 1743.4 1725.1 1706.1 1686.6 1666.6 1646.1 1624.7 
 1602.5 1580.2 1557.7 1534.6 1510.7 1486.8 1462.4 1436.8 1411.5 1386.2 
 1359.6 1333.5 1306.5 1279.8 1252.2 1225 1197.4 1168.8 1141.1 1112.3 
 1083.9 1055.1 1025.9 996.36 967.31 937.77 908.15 878.82 849.19 819.38 
 789.61 759.66 729.67 699.63 669.99 640.44 610.47 580.92 551.45 522.04 
 493.02 464.28 435.16 407.19 379.32 351.44 323.95 296.9 270.28 243.93 
 218.28 193.31 168.57 144.7 121.45 98.708 76.744 55.678 35.649 17.197 
 4.2029 4.0104 4.0093 4.0158 4.0804 4.1776 4.3015 4.4435 4.614 4.7952 
 4.9685 5.1502 5.3249 5.5026 5.6898 5.8714 6.0472 6.2353 6.4081 6.6037 
 6.7805 6.9676 7.1623 7.331 7.5305 7.7134 7.9005 8.0843 8.2849 8.4666 
 8.6473 8.8355 9.0172 9.1994 9.392 9.5743 9.7688 9.9566 10.134 10.315 
 10.504 10.686 10.867 11.047 11.23 11.399 11.573 11.743 11.911 12.091 
 12.248 12.423 12.573 12.754 12.897 13.034 13.169 13.312 13.46 13.603 
 13.748 13.87 14 14.136 14.266 14.39 14.499 14.61 14.714 14.825 
 14.901 14.986 15.084 15.148 15.22 15.304 15.389 15.46 15.518 15.57 
 15.609 15.654 15.693 15.751 15.81 15.849 15.869 15.869 15.869 15.869 
 15.849 
1956.3 1961.7 1961.1 1958.9 1956.4 1953.2 1948.3 1942.9 1937.7 1930 
 1922 1913.6 1903.9 1893.7 1882.2 1870.7 1857.6 1844.1 1829.9 1815 
 1799.6 1783.2 1765.5 1748.3 1729.8 1710.9 1691 1670.9 1649.8 1629 
 1606.7 1584.7 1561.5 1537.9 1514 1490 1465.1 1440.2 1415.1 1388.9 
 1363.1 1336.5 1309.9 1282.7 1255.4 1228 1199.7 1171.7 1143.5 1115.2 
 1086.5 1057.3 1028.5 998.85 969.32 940.1 910.36 880.46 850.95 820.96 
 791.09 761.31 731.39 701.12 671.42 641.26 611.34 581.78 552.48 522.93 
 493.67 464.71 435.82 407.14 379.39 351.28 323.89 296.71 269.87 243.55 
 217.59 193.13 168.69 144.59 121.1 98.188 76.132 54.784 34.45 15.703 
 4.1027 3.6856 3.6914 3.7302 3.8334 3.962 4.0985 4.2553 4.4221 4.5996 
 4.7683 4.9366 5.1035 5.2726 5.4611 5.6245 5.7992 5.9674 6.156 6.3313 
 6.5046 6.6931 6.8823 7.0498 7.2317 7.4085 7.5966 7.7828 7.9715 8.1517 
 8.3418 8.5413 8.7252 8.905 9.1 9.2872 9.4631 9.6575 9.8409 10.015 
 10.203 10.384 10.568 10.749 10.936 11.111 11.282 11.454 11.63 11.812 
 11.98 12.15 12.33 12.494 12.636 12.785 12.935 13.083 13.215 13.355 
 13.486 13.63 13.754 13.882 14.019 14.135 14.252 14.364 14.473 14.564 
 14.661 14.752 14.829 14.901 14.973 15.069 15.148 15.219 15.278 15.336 
 15.388 15.433 15.485 15.537 15.602 15.635 15.686 15.719 15.745 15.752 
 15.849 
1956.3 1960 1959.3 1957.4 1954.7 1951.6 1947.6 1942.6 1936.8 1929.5 
 1921.7 1912.5 1902.9 1892.3 1880.7 1868.6 1856.1 1842.2 1827.2 1812.2 
 1796.3 1779.4 1762.4 1744.3 1725.7 1706.2 1686.9 1666.4 1645.2 1623.4 
 1600.9 1578.5 1555.3 1531.5 1507.8 1482.9 1458.2 1433.3 1407.9 1381.6 
 1355.4 1328.5 1301.2 1274 1246.6 1218.8 1191 1162.7 1134.7 1106 
 1077.4 1048.7 1019.6 990.25 960.85 931.5 901.82 872.71 843.11 813.21 
 783.66 753.72 723.69 694.05 664.45 634.85 605.03 575.8 546.39 516.91 
 487.86 459.03 430.5 402.74 374.99 346.78 319.6 292.74 266.15 240.25 
 214.69 189.77 165.46 141.69 118.6 95.917 74.051 52.972 32.827 14.969 
 4.1544 3.393 3.4649 3.5492 3.68 3.81 3.9577 4.1032 4.2701 4.4319 
 4.6018 4.7573 4.932 5.1013 5.2763 5.439 5.5995 5.7891 5.9633 6.1331 
 6.3152 6.4896 6.6767 6.8529 7.0287 7.2143 7.396 7.5777 7.7555 7.9432 
 8.1318 8.3126 8.4992 8.6838 8.8636 9.0465 9.2475 9.435 9.6099 9.7965 
 10 10.188 10.377 10.563 10.747 10.933 11.113 11.303 11.49 11.678 
 11.86 12.041 12.225 12.392 12.555 12.711 12.867 13.023 13.177 13.327 
 13.464 13.618 13.742 13.877 14.013 14.138 14.261 14.378 14.495 14.611 
 14.708 14.793 14.877 14.961 15.038 15.124 15.214 15.279 15.35 15.421 
 15.474 15.532 15.591 15.694 15.745 15.798 15.836 15.843 15.843 15.843 
 15.849 
1956.3 1954.6 1954.2 1952.8 1950.4 1946.9 1942.4 1937.7 1931.1 1923.8 
 1915.4 1906.8 1896.6 1885.8 1874.2 1861.3 1848.4 1834.3 1819.6 1804.1 
 1787.6 1770.7 1752.9 1734.3 1715.4 1695.9 1675.6 1654.5 1633.1 1611.4 
 1588.9 1565.5 1541.8 1518.2 1493.8 1469.2 1444.3 1418.2 1392.9 1366.6 
 1339.9 1313.4 1286.3 1258.9 1231.4 1203.7 1175.7 1147.7 1119.4 1091 
 1062.1 1033.3 1004.5 975.47 945.99 916.91 887.49 858.11 828.75 799.49 
 770.18 740.32 710.54 680.6 651.19 621.81 592.4 563.38 534.4 505.81 
 476.72 448.44 420.08 392.02 364.63 337.37 310.69 284.08 258.11 232.71 
 207.39 184.18 160.04 136.79 113.97 91.709 70.136 49.443 30.008 13.434 
 4.1551 3.2157 3.2369 3.3462 3.469 3.6001 3.7428 3.884 4.0537 4.2099 
 4.3713 4.5335 4.7031 4.8644 5.0386 5.2069 5.3904 5.5467 5.7264 5.8906 
 6.0708 6.2456 6.4346 6.6164 6.7856 6.9658 7.1475 7.3302 7.5178 7.6991 
 7.8947 8.0765 8.27 8.4533 8.641 8.8276 9.0153 9.2115 9.3863 9.5949 
 9.788 9.9578 10.169 10.354 10.547 10.735 10.929 11.124 11.307 11.506 
 11.695 11.884 12.079 12.246 12.436 12.604 12.772 12.929 13.09 13.253 
 13.402 13.558 13.7 13.838 13.994 14.129 14.259 14.382 14.499 14.602 
 14.7 14.803 14.908 14.979 15.075 15.154 15.245 15.323 15.394 15.466 
 15.524 15.582 15.609 15.661 15.699 15.739 15.765 15.771 15.784 15.784 
 15.849 
1956.3 1952.2 1951.5 1949.8 1947.5 1943.5 1939.3 1933.6 1927.5 1919.8 
 1911.8 1902.4 1892.4 1881.9 1870 1857.4 1844.5 1830.4 1815.3 1799.6 
 1783.1 1765.8 1748.5 1729.7 1710.9 1691.2 1670.7 1649.9 1628.5 1606.7 
 1583.7 1561 1537.1 1513.2 1488.7 1464.3 1438.8 1413.3 1387.3 1361.4 
 1334.6 1307.9 1280.8 1253.6 1226.1 1198.2 1170.4 1142.3 1114 1085.7 
 1057.1 1028.3 999.22 970.53 941.32 912.39 883.23 854.22 824.68 795.15 
 765.39 735.9 706.42 677.07 647.56 618.51 589.3 560.29 531.32 502.67 
 473.93 445.72 417.76 389.95 362.55 335.58 308.83 282.72 256.82 231.56 
 207.31 183.09 159.28 135.75 113.18 90.983 69.393 48.861 29.5 13.145 
 3.4392 2.1539 2.1345 2.1536 2.2179 2.3216 2.4198 2.5236 2.6394 2.7559 
 2.8743 2.9908 3.1256 3.2565 3.3856 3.5229 3.6584 3.8016 3.9378 4.0794 
 4.2234 4.3661 4.5146 4.6646 4.8199 4.9692 5.131 5.2927 5.4477 5.5986 
 5.7738 5.943 6.1117 6.286 6.4474 6.6299 6.7973 6.9793 7.1664 7.3492 
 7.5319 7.7175 7.8953 8.0884 8.2916 8.4778 8.6799 8.8736 9.0682 9.2816 
 9.4716 9.6717 9.854 10.049 10.244 10.437 10.62 10.821 10.996 11.188 
 11.391 11.567 11.768 11.961 12.155 12.337 12.519 12.695 12.864 13.047 
 13.234 13.404 13.578 13.76 13.929 14.108 14.267 14.433 14.584 14.753 
 14.895 15.05 15.188 15.31 15.421 15.53 15.628 15.7 15.784 15.862 
 15.849 
1956.3 1956.1 1955.7 1954.2 1951.5 1948.1 1943.4 1937.7 1931.8 1924 
 1916.2 1907 1897.3 1886.1 1874.4 1861.8 1848.5 1834.7 1819.7 1804.1 
 1788 1771 1753.1 1734.8 1715.7 1696.4 1676 1655.7 1634.2 1612.3 
 1589.5 1566.2 1543.4 1519.2 1495.1 1470.2 1445.1 1419.9 1393.8 1368 
 1341.8 1314.6 1287.4 1260.4 1233 1204.8 1177.4 1149.1 1121 1092.1 
 1063.7 1035.1 1006.2 977.12 948.17 919.41 889.76 860.65 830.99 801.73 
 772.3 742.48 712.98 683.54 653.99 624.74 595.39 566.31 537.44 508.41 
 479.86 451.32 423.46 396.05 368.63 341.34 314.65 287.81 261.94 236.48 
 211.11 186.84 162.73 139.07 116.2 93.757 72.053 51.156 31.545 14.38 
 3.7174 2.1475 2.1739 2.2193 2.3036 2.3876 2.4855 2.5899 2.6932 2.8104 
 2.9273 3.056 3.1923 3.3221 3.459 3.5836 3.724 3.8542 3.9979 4.153 
 4.283 4.4322 4.5819 4.736 4.8749 5.0361 5.1851 5.346 5.5021 5.6589 
 5.8327 5.9967 6.1641 6.3345 6.5229 6.6972 6.873 7.0546 7.2344 7.4286 
 7.6246 7.7985 8.0061 8.2014 8.4095 8.6102 8.8189 9.0179 9.2337 9.4414 
 9.6498 9.8696 10.069 10.273 10.486 10.686 10.881 11.075 11.269 11.471 
 11.661 11.848 12.041 12.237 12.427 12.626 12.801 12.976 13.166 13.339 
 13.504 13.683 13.859 14.027 14.195 14.346 14.501 14.638 14.774 14.91 
 15.04 15.149 15.273 15.357 15.428 15.519 15.596 15.681 15.739 15.81 
 15.849 
1956.3 1955.2 1954.1 1952.3 1949.4 1945.2 1940.8 1935.8 1929.5 1922.3 
 1914.3 1904.9 1895.3 1885.2 1873.5 1861.3 1847.8 1834.2 1819.2 1804.1 
 1788.2 1771.2 1753.6 1735.8 1716.8 1697 1677.2 1657.3 1635.5 1613.9 
 1592.2 1569.2 1546 1522.3 1498.6 1473.8 1449.4 1423.9 1398.5 1372.8 
 1346.6 1319.6 1292.8 1265.7 1238.2 1210.6 1183 1155.1 1126.5 1098.1 
 1069.9 1041.1 1012 983.35 954.06 924.86 895.54 866.49 837 807.38 
 778.36 748.65 719.15 689.83 660.23 630.96 601.55 572.46 543.28 514.47 
 485.39 456.61 428.32 400.08 372.24 344.85 317.67 290.99 264.6 239.06 
 213.59 189.4 165.21 141.8 118.54 96.061 74.017 52.857 32.682 14.465 
 3.2606 2.2861 2.2707 2.2775 2.3287 2.4205 2.5171 2.6218 2.737 2.8613 
 2.9907 3.1083 3.245 3.387 3.5221 3.6645 3.7889 3.9329 4.082 4.2176 
 4.3677 4.5153 4.6723 4.828 4.9769 5.1309 5.2991 5.4511 5.612 5.7872 
 5.955 6.1701 6.3724 6.5773 6.741 6.8765 7.0208 7.2214 7.4155 7.6091 
 7.8097 8.0055 8.2002 8.4149 8.6237 8.8307 9.026 9.2314 9.4455 9.6597 
 9.8609 10.069 10.272 10.47 10.671 10.869 11.061 11.256 11.443 11.633 
 11.829 12.004 12.192 12.372 12.553 12.723 12.897 13.066 13.236 13.397 
 13.547 13.707 13.871 14.033 14.196 14.339 14.48 14.605 14.74 14.863 
 14.993 15.103 15.214 15.284 15.389 15.467 15.544 15.628 15.707 15.772 
 15.849 
1956.3 1953.8 1952.7 1950.9 1947.7 1944.6 1940 1934.2 1927.7 1920.5 
 1912.4 1904.1 1894.5 1883.7 1872.1 1860.3 1847.2 1833.7 1820 1804.8 
 1788.8 1772.4 1755.1 1737.3 1718.7 1700.2 1680 1659.9 1639.2 1618.3 
 1595.9 1573.6 1550.4 1527.4 1503.8 1479.9 1455.3 1430 1405.2 1379.3 
 1353.2 1327.2 1300.2 1273.5 1246.3 1218.7 1191.3 1163.4 1135.5 1106.8 
 1079.1 1050.4 1021.2 992.52 963.27 934.38 904.94 875.84 846.33 816.84 
 787.68 757.94 728.53 698.65 669.08 639.65 610.11 580.86 551.95 522.9 
 493.93 465.45 437 408.75 381.24 353.73 326.38 299.4 272.9 246.79 
 221.18 196.1 171.57 147.47 123.97 101.28 79.045 57.551 37.211 17.945 
 3.7326 2.4846 2.4718 2.4913 2.5439 2.6092 2.7055 2.8093 2.9218 3.051 
 3.1869 3.3244 3.4659 3.601 3.7317 3.8817 4.0236 4.1601 4.3165 4.4642 
 4.62 4.7835 4.9462 5.1067 5.2684 5.4302 5.5884 5.7631 5.9378 6.1131 
 6.2889 6.4764 6.6523 6.8394 7.0218 7.2174 7.405 7.5918 7.7918 7.9871 
 8.1882 8.3835 8.5981 8.7976 8.9953 9.2086 9.4006 9.6035 9.8094 10.011 
 10.199 10.407 10.597 10.792 10.985 11.166 11.348 11.525 11.725 11.893 
 12.069 12.257 12.418 12.608 12.775 12.939 13.114 13.282 13.432 13.587 
 13.748 13.891 14.054 14.191 14.333 14.474 14.598 14.721 14.839 14.961 
 15.071 15.175 15.285 15.37 15.461 15.551 15.623 15.707 15.772 15.836 
 15.849 
1956.3 1958.8 1957.1 1954.6 1951.2 1947.5 1942.3 1936.5 1930.1 1922.6 
 1914.6 1905 1895.7 1884.7 1873.1 1860.8 1847.5 1834.1 1819.7 1804.7 
 1788.8 1771.7 1754.5 1736.7 1718.6 1699.3 1679.6 1659.7 1638.6 1617.6 
 1595.4 1573 1550 1526.6 1503 1478.6 1454.4 1429.1 1404.2 1378.7 
 1352.2 1326 1299 1272.6 1245.2 1217.5 1189.9 1162.3 1133.9 1105.8 
 1077.3 1048.4 1019.6 991.07 961.9 932.21 902.88 873.45 843.74 814.29 
 784.88 754.96 725.39 695.64 665.98 636.57 607.09 577.84 548.3 519.28 
 490.09 461.49 433.08 404.71 376.73 349.12 321.73 294.35 268.59 242.77 
 217.3 193.08 168.88 145 121.79 99.283 77.529 56.473 36.408 17.793 
 3.6767 3.041 2.8415 2.7313 2.7248 2.7312 2.7701 2.8677 2.9975 3.135 
 3.2762 3.4202 3.5686 3.7243 3.8659 4.0104 4.1828 4.3335 4.4953 4.664 
 4.8211 4.9842 5.1451 5.3194 5.4894 5.6448 5.8265 6.0082 6.1839 6.3597 
 6.5458 6.7156 6.9037 7.085 7.2737 7.4623 7.6496 7.8566 8.0492 8.2455 
 8.4466 8.6543 8.8442 9.0523 9.2523 9.4454 9.6336 9.8423 10.037 10.232 
 10.427 10.622 10.81 10.998 11.185 11.361 11.556 11.731 11.911 12.086 
 12.268 12.443 12.619 12.8 12.969 13.131 13.287 13.441 13.598 13.741 
 13.889 14.047 14.188 14.331 14.474 14.611 14.721 14.838 14.955 15.064 
 15.181 15.259 15.356 15.441 15.518 15.583 15.655 15.72 15.784 15.83 
 15.849 
