IESNA:LM-63-2002
[TEST] 1
[TESTLAB] 
[TESTDATE] 2025-02-20
[ISSUEDATE] 2025-02-21 10:18:58
[LAMPPOSITION] 0,0
[OTHER] EVERFINE GO-2000A_V1 SYSTEM
[MANUFAC] 
[LUMINAIRE] 40W-3000K
[LAMP] DB77E-4-50L-UD-P-A5W5C5
TILT=NONE
1 4952.3 1 181 17 1 2 0.060 1.200 0.000
1.000 1 39.5399
0.0    1.0    2.0    3.0    4.0    5.0    6.0    7.0    8.0    9.0    
 10.0   11.0   12.0   13.0   14.0   15.0   16.0   17.0   18.0   19.0   
 20.0   21.0   22.0   23.0   24.0   25.0   26.0   27.0   28.0   29.0   
 30.0   31.0   32.0   33.0   34.0   35.0   36.0   37.0   38.0   39.0   
 40.0   41.0   42.0   43.0   44.0   45.0   46.0   47.0   48.0   49.0   
 50.0   51.0   52.0   53.0   54.0   55.0   56.0   57.0   58.0   59.0   
 60.0   61.0   62.0   63.0   64.0   65.0   66.0   67.0   68.0   69.0   
 70.0   71.0   72.0   73.0   74.0   75.0   76.0   77.0   78.0   79.0   
 80.0   81.0   82.0   83.0   84.0   85.0   86.0   87.0   88.0   89.0   
 90.0   91.0   92.0   93.0   94.0   95.0   96.0   97.0   98.0   99.0   
 100.0  101.0  102.0  103.0  104.0  105.0  106.0  107.0  108.0  109.0  
 110.0  111.0  112.0  113.0  114.0  115.0  116.0  117.0  118.0  119.0  
 120.0  121.0  122.0  123.0  124.0  125.0  126.0  127.0  128.0  129.0  
 130.0  131.0  132.0  133.0  134.0  135.0  136.0  137.0  138.0  139.0  
 140.0  141.0  142.0  143.0  144.0  145.0  146.0  147.0  148.0  149.0  
 150.0  151.0  152.0  153.0  154.0  155.0  156.0  157.0  158.0  159.0  
 160.0  161.0  162.0  163.0  164.0  165.0  166.0  167.0  168.0  169.0  
 170.0  171.0  172.0  173.0  174.0  175.0  176.0  177.0  178.0  179.0  
 180.0  
0.0    22.5   45.0   67.5   90.0   112.5  135.0  157.5  180.0  202.5  
 225.0  247.5  270.0  292.5  315.0  337.5  360.0  
1851.5 1854.1 1852.5 1850.5 1847.6 1843.8 1839.2 1834 1827.8 1820.9 
 1813 1804.1 1794.7 1785 1774.2 1762.3 1750.4 1737.3 1723.9 1709.1 
 1694.5 1678.9 1662.4 1645.1 1627.9 1609.7 1590.6 1571.6 1551.4 1531.3 
 1510.4 1489.3 1467.7 1445.6 1423.2 1399.9 1376.7 1353 1329.3 1304.5 
 1280.1 1255 1229.6 1204.1 1178.3 1152.2 1125.9 1099.4 1072.8 1045.9 
 1018.7 991.71 964.1 936.56 908.95 881.09 853.41 825.73 797.54 769.65 
 741.77 713.57 685.41 657.66 629.41 601.71 573.71 545.79 518.13 490.73 
 463.28 436.01 409.05 382.37 355.91 329.66 304.12 278.79 253.68 229.44 
 206 182.55 159.64 137.16 115.24 93.874 73.284 53.502 34.538 16.915 
 3.4708 2.8535 2.6673 2.5755 2.5497 2.5562 2.5949 2.6858 2.7971 2.9259 
 3.0617 3.1995 3.3336 3.4778 3.6275 3.7699 3.9187 4.0687 4.2107 4.3669 
 4.5218 4.6775 4.826 5.002 5.1436 5.3144 5.4822 5.6375 5.7993 5.9744 
 6.1441 6.3138 6.4875 6.6628 6.8514 7.0142 7.2009 7.389 7.5712 7.7524 
 7.946 8.1407 8.323 8.5117 8.7058 8.893 9.0832 9.259 9.4536 9.6352 
 9.8076 9.9987 10.18 10.346 10.544 10.703 10.879 11.048 11.225 11.386 
 11.56 11.718 11.88 12.047 12.216 12.354 12.514 12.658 12.8 12.942 
 13.073 13.223 13.377 13.507 13.631 13.755 13.87 13.982 14.092 14.189 
 14.292 14.376 14.467 14.551 14.623 14.694 14.76 14.811 14.87 14.915 
 14.954 
1851.5 1857.1 1855.9 1853.3 1850.3 1846.6 1841.4 1835.9 1829.3 1821.9 
 1813.9 1805.3 1795.5 1785 1773.9 1761.7 1749.2 1735.9 1722.1 1707.5 
 1691.8 1676.2 1659.4 1641.9 1624.1 1605.5 1586.9 1567.1 1546.6 1526.4 
 1505.1 1483.9 1461.7 1439.5 1417 1393.4 1369.8 1345.6 1321.5 1297.1 
 1272.3 1247.1 1221.6 1196 1169.8 1143.7 1117.8 1091.2 1063.8 1036.9 
 1009.9 982.44 954.82 927.51 899.61 872.21 844.08 815.94 788.05 759.95 
 731.96 703.5 675.4 647.24 618.97 590.96 563.05 535.09 507.48 480.03 
 452.62 425.24 398.76 372.28 345.97 319.93 294.38 268.74 243.79 219.19 
 194.89 171.57 148.47 126.04 104.22 82.882 62.495 42.789 24.37 8.013 
 2.465 2.4069 2.407 2.4469 2.5244 2.6021 2.6867 2.8096 2.9197 3.0509 
 3.1796 3.3109 3.4457 3.5754 3.7057 3.8488 3.9836 4.1267 4.2767 4.4195 
 4.5616 4.725 4.8739 5.0292 5.1852 5.3264 5.5029 5.6588 5.8274 5.9888 
 6.1635 6.3347 6.5097 6.6707 6.8514 7.0201 7.2018 7.3771 7.5598 7.7464 
 7.9356 8.1163 8.3125 8.4998 8.702 8.8965 9.0767 9.261 9.4477 9.6408 
 9.823 10.025 10.194 10.381 10.564 10.739 10.921 11.096 11.278 11.433 
 11.609 11.783 11.938 12.107 12.27 12.424 12.582 12.723 12.88 13.028 
 13.178 13.307 13.444 13.566 13.697 13.819 13.937 14.039 14.144 14.247 
 14.332 14.429 14.513 14.585 14.662 14.714 14.772 14.818 14.87 14.902 
 14.954 
1851.5 1854.6 1852.9 1849.8 1847 1842.6 1836.7 1830.6 1823.6 1815.7 
 1807.4 1798.4 1787.6 1776.9 1764.9 1752.7 1739.1 1724.9 1710.1 1694.6 
 1678.7 1662.3 1644.8 1626.3 1608.1 1588.5 1569 1549.2 1528.3 1507.2 
 1485.3 1463.3 1441.3 1417.8 1394.6 1370.9 1347.1 1322.5 1297.9 1272.6 
 1247.6 1221.9 1196.1 1169.9 1143.6 1117.3 1091.1 1063.9 1037 1009.9 
 982.67 955.08 927.6 900.14 872.47 844.71 816.68 789.07 760.85 732.92 
 704.92 676.94 649.13 621.01 593.28 565.5 537.97 510.15 482.56 455.36 
 428.04 401.07 374.68 348.29 322.18 296.42 271.53 246.41 221.94 198.8 
 175.65 152.73 130.47 108.63 87.419 67.039 47.294 28.615 12.126 2.9386 
 2.2529 2.2448 2.2512 2.3159 2.4188 2.5041 2.6138 2.7376 2.8535 2.9774 
 3.0942 3.2178 3.3541 3.49 3.6267 3.7483 3.9036 4.0412 4.1779 4.3198 
 4.4626 4.611 4.755 4.9154 5.06 5.2213 5.3698 5.5131 5.6834 5.837 
 6.0064 6.1683 6.3379 6.5057 6.6882 6.851 7.0381 7.2134 7.3961 7.5768 
 7.7654 7.9477 8.1402 8.3284 8.5225 8.7242 8.906 9.0957 9.2829 9.47 
 9.6518 9.834 10.028 10.216 10.385 10.573 10.743 10.91 11.087 11.262 
 11.423 11.644 11.898 12.168 12.417 12.657 12.851 13.014 13.143 13.267 
 13.383 13.493 13.61 13.707 13.805 13.916 14.013 14.097 14.175 14.265 
 14.344 14.428 14.506 14.57 14.629 14.687 14.733 14.785 14.843 14.883 
 14.954 
1851.5 1849.6 1847.7 1844.6 1840.7 1835.9 1830.7 1824.2 1816.6 1808.6 
 1799.6 1789.7 1778.5 1767.6 1755 1742 1728.3 1714 1699.1 1682.8 
 1666.6 1649.2 1631.3 1612.7 1593.5 1573.9 1553.7 1533.4 1512.2 1490.8 
 1468.4 1446.2 1423.4 1400.1 1376.7 1352.3 1327.9 1303.1 1278.2 1253 
 1227.8 1202 1176.2 1150.1 1123.5 1096.9 1070.3 1043.5 1016.3 989.44 
 962.32 934.73 907.12 879.8 852.2 824.87 797.12 769.44 741.68 713.74 
 685.83 658.09 630.33 602.43 574.9 547.38 519.83 492.59 465.56 438.73 
 411.92 385.98 360.05 333.96 308.49 283.56 258.42 234.22 210.29 186.91 
 163.92 141.56 119.69 98.3 77.764 57.688 38.623 21.207 7.8935 2.4044 
 2.0893 2.1416 2.1943 2.2844 2.3684 2.4737 2.5825 2.6937 2.7982 2.9275 
 3.0505 3.1737 3.2907 3.4255 3.5564 3.6866 3.8221 3.958 4.0939 4.2185 
 4.3685 4.5157 4.667 4.8142 4.9582 5.1079 5.2555 5.4134 5.5666 5.7042 
 5.866 6.0355 6.191 6.3606 6.527 6.6906 6.8593 7.0277 7.2019 7.3712 
 7.5613 7.74 7.9228 8.1115 8.2981 8.4879 8.682 8.8647 9.0472 9.2463 
 9.4106 9.61 9.7971 9.9867 10.161 10.342 10.519 10.7 10.867 11.051 
 11.213 11.375 11.556 11.717 11.874 12.041 12.204 12.362 12.516 12.67 
 12.814 12.976 13.119 13.262 13.41 13.54 13.677 13.793 13.916 14.027 
 14.156 14.254 14.358 14.462 14.546 14.63 14.702 14.766 14.831 14.876 
 14.954 
1851.5 1844.5 1842.2 1839.4 1835.3 1830.6 1824.8 1817.9 1810.1 1801.1 
 1792.4 1782 1771.3 1759.1 1746.9 1733.7 1719.5 1705.2 1689.5 1673.4 
 1657 1639.5 1621.3 1602.5 1583.2 1563.3 1543.3 1522.3 1501.1 1479.1 
 1456.9 1434.2 1411.4 1388.1 1364 1339.7 1315.7 1290.9 1265.8 1240.6 
 1215 1189.5 1163.5 1137.3 1110.7 1084.7 1057.8 1030.9 1004.1 976.97 
 949.85 922.47 895.22 867.97 840.35 813.04 785.41 757.81 730.07 702.61 
 674.65 646.91 619.51 591.62 564.36 536.97 509.79 482.89 456.01 429.4 
 403.45 377.5 351.54 325.85 300.93 275.8 251.58 227.51 203.77 180.72 
 157.99 136.06 114.31 93.377 73.05 53.419 34.94 18.352 6.8568 3.0751 
 3.0492 3.1462 3.2582 3.3808 3.5038 3.6466 3.7951 3.9326 4.0823 4.2367 
 4.3941 4.5431 4.7096 4.8718 5.0276 5.1967 5.3538 5.5142 5.6829 5.8535 
 6.0223 6.1961 6.3653 6.546 6.7032 6.8844 7.0536 7.2278 7.3986 7.5792 
 7.7545 7.9352 8.1177 8.2796 8.4529 8.6286 8.8117 8.9859 9.1547 9.3373 
 9.5106 9.6863 9.863 10.039 10.205 10.38 10.563 10.732 10.899 11.063 
 11.251 11.405 11.589 11.756 11.905 12.054 12.204 12.367 12.509 12.657 
 12.793 12.93 13.049 13.184 13.319 13.436 13.559 13.676 13.786 13.897 
 13.995 14.086 14.176 14.253 14.332 14.435 14.513 14.591 14.67 14.74 
 14.799 14.851 14.889 14.967 15.019 15.025 15.025 15.019 15.012 15.012 
 14.954 
1851.5 1847.8 1845.8 1842.4 1838.8 1833.7 1827.5 1821.1 1813.8 1805.4 
 1796.6 1786.7 1775.2 1764 1751.2 1738.4 1724.6 1710.5 1695.1 1679.4 
 1662.6 1645.5 1627.7 1609.4 1590 1570.1 1550.1 1529.2 1508.2 1487 
 1464.7 1442.9 1419.2 1396 1372.1 1348.3 1324.1 1299.3 1274.4 1249.1 
 1223.5 1198 1171.5 1146 1119.5 1093.5 1066.6 1039.3 1012.7 985.39 
 957.93 930.75 903.51 875.89 848.78 821.33 793.23 765.76 737.93 710.06 
 682.28 654.4 626.74 598.84 571.64 543.91 516.45 489.26 462.3 435.26 
 408.36 382.25 356.21 330.24 305.05 279.86 255.26 230.94 207.38 184.81 
 161.96 139.67 117.74 96.603 75.95 55.995 37.179 19.997 7.4914 3.1851 
 3.1017 3.1656 3.2821 3.4105 3.547 3.6829 3.8319 3.9699 4.1247 4.2942 
 4.4415 4.6057 4.7662 4.9229 5.0906 5.2461 5.4155 5.5722 5.7478 5.9083 
 6.0765 6.254 6.4292 6.5975 6.7776 6.9465 7.1157 7.3017 7.478 7.6602 
 7.8235 7.9922 8.1733 8.3555 8.5362 8.706 8.8797 9.0613 9.2361 9.4113 
 9.588 9.7692 9.9449 10.121 10.302 10.477 10.643 10.82 10.989 11.164 
 11.339 11.5 11.677 11.826 11.995 12.137 12.287 12.434 12.579 12.695 
 12.83 12.949 13.085 13.202 13.324 13.428 13.526 13.63 13.733 13.838 
 13.922 14 14.083 14.13 14.206 14.291 14.376 14.428 14.493 14.545 
 14.609 14.629 14.681 14.733 14.778 14.811 14.837 14.869 14.87 14.87 
 14.954 
1851.5 1848.1 1846.6 1843.5 1840 1835.8 1830.2 1824.3 1817.7 1809.3 
 1801 1791.1 1781 1770.1 1758.2 1746.1 1732.8 1719.1 1704.3 1689.4 
 1673.3 1656.3 1639 1621 1602.6 1583.4 1563.9 1543.4 1522.8 1501.8 
 1480.6 1458.3 1436 1412.9 1389.8 1366.4 1342.4 1317.8 1293.5 1268.6 
 1242.8 1217.7 1192 1166.1 1139.9 1113.6 1087.2 1060.5 1033.8 1006.5 
 979.19 952.01 924.67 897.01 869.54 841.99 813.96 786.64 758.89 730.93 
 702.83 675.14 647.34 619.43 591.91 564.42 536.62 509.22 481.89 454.58 
 427.55 401.24 374.93 348.6 322.85 297.06 272.04 247.12 222.78 198.87 
 175.44 152.55 130.28 108.47 87.252 66.628 47.068 28.281 12.182 3.6581 
 3.3051 3.3734 3.4701 3.5881 3.7233 3.8538 4.0083 4.1515 4.3192 4.4699 
 4.633 4.7948 4.9612 5.1253 5.3 5.4687 5.6314 5.7919 5.9619 6.1311 
 6.3008 6.4825 6.6627 6.8319 6.9932 7.1803 7.3437 7.5303 7.7184 7.8833 
 8.0764 8.2461 8.4199 8.5965 8.7767 8.946 9.1212 9.3078 9.4836 9.6668 
 9.8484 10.023 10.199 10.379 10.556 10.73 10.893 11.061 11.23 11.404 
 11.568 11.736 11.899 12.061 12.222 12.365 12.509 12.657 12.781 12.922 
 13.052 13.176 13.294 13.428 13.553 13.656 13.773 13.87 13.967 14.065 
 14.162 14.24 14.305 14.383 14.442 14.526 14.597 14.649 14.714 14.766 
 14.811 14.837 14.87 14.915 14.947 14.947 14.947 14.947 14.947 14.947 
 14.954 
1851.5 1849 1848 1845.1 1841.7 1837.6 1832.8 1827.1 1820.8 1813.1 
 1805 1795.7 1786.3 1775.7 1764.7 1752.9 1740.3 1726.6 1712.7 1697.8 
 1682.6 1666.2 1650.1 1632.3 1614.7 1595.7 1576.5 1557.3 1536.9 1516.5 
 1495.1 1473.7 1452.4 1429.7 1406.7 1383.6 1360.3 1336.2 1312 1286.7 
 1262 1237 1211.5 1185.9 1160.1 1134 1107.5 1080.8 1054.6 1027.5 
 1000.1 972.69 945.72 918.2 890.5 863.12 835.16 807.28 779.46 751.49 
 723.53 695.56 667.72 639.47 611.88 583.91 556.15 528.84 501.16 473.63 
 446.31 419.35 392.59 365.98 339.79 313.9 288.71 263.32 238.49 214.14 
 190.88 167.64 144.76 122.48 100.61 79.536 59.111 39.739 21.426 6.4007 
 3.5942 3.5358 3.5487 3.6381 3.7481 3.8836 4.0274 4.1766 4.3332 4.5005 
 4.6628 4.8263 5.0015 5.1616 5.3238 5.4997 5.6616 5.8298 5.9926 6.1676 
 6.3438 6.513 6.6927 6.8565 7.0381 7.2119 7.3761 7.5681 7.7445 7.9207 
 8.1019 8.2836 8.4519 8.6211 8.8027 8.9775 9.1531 9.3279 9.5149 9.6775 
 9.8604 10.03 10.209 10.38 10.553 10.717 10.884 11.047 11.217 11.385 
 11.546 11.709 11.878 12.021 12.177 12.318 12.473 12.617 12.74 12.882 
 13.007 13.143 13.261 13.39 13.506 13.604 13.727 13.838 13.928 14.031 
 14.117 14.187 14.253 14.324 14.389 14.466 14.545 14.597 14.642 14.707 
 14.746 14.772 14.791 14.837 14.882 14.902 14.908 14.921 14.928 14.928 
 14.954 
1851.5 1854.1 1853.1 1850.9 1848.1 1844.3 1839.4 1834 1828 1821.4 
 1813.5 1804.9 1795.5 1785.8 1775 1763.9 1751.3 1738.2 1724.3 1710.5 
 1695 1679.2 1663 1646.1 1628.6 1610.3 1591.8 1572.6 1552.8 1532.7 
 1511.8 1490.7 1468.9 1446.7 1424.2 1401.7 1378.1 1354.3 1330.4 1306.1 
 1281.1 1256.4 1231.1 1205.1 1179.7 1153.7 1127.3 1100.5 1074.2 1047.1 
 1020 992.44 964.84 937.51 909.75 882.08 854.34 826.44 798.31 770.01 
 742.41 714.17 685.98 657.29 629.85 601.58 573.63 545.75 518.2 490.52 
 462.99 435.82 408.99 382.52 356.06 329.73 304.08 278.63 253.39 228.87 
 204.67 181.14 157.99 135.47 113.65 92.251 71.756 52.023 33.364 15.983 
 3.9529 3.7758 3.7822 3.7954 3.8539 3.9374 4.0543 4.1917 4.3591 4.5157 
 4.6849 4.8601 5.0353 5.2082 5.3723 5.5456 5.7084 5.885 6.0602 6.2299 
 6.4086 6.5862 6.754 6.9302 7.104 7.2852 7.4544 7.6361 7.8034 7.9879 
 8.1612 8.3364 8.5171 8.6804 8.8477 9.0357 9.211 9.3817 9.5629 9.7385 
 9.9008 10.077 10.252 10.413 10.581 10.764 10.913 11.073 11.237 11.392 
 11.542 11.709 11.866 12.009 12.164 12.3 12.443 12.578 12.721 12.846 
 12.976 13.098 13.229 13.345 13.469 13.573 13.682 13.787 13.896 13.987 
 14.059 14.156 14.221 14.292 14.357 14.442 14.525 14.597 14.643 14.675 
 14.727 14.766 14.805 14.856 14.909 14.947 14.96 14.96 14.96 14.96 
 14.954 
1851.5 1857.2 1856.3 1854.5 1852 1848.3 1843.6 1838.7 1832.4 1826 
 1818.9 1809.9 1800.9 1791.1 1779.3 1767.9 1756.5 1743.2 1729.8 1715.3 
 1700 1684.6 1667.9 1651.3 1633.6 1615.3 1596.4 1577.1 1557 1537.2 
 1516.1 1494.6 1472.8 1450.7 1428.1 1405.4 1382 1358 1333.8 1309.2 
 1284.6 1259.1 1234 1208.2 1182.2 1156.1 1129.7 1103.2 1076.2 1049.2 
 1022 994.64 967.4 939.8 911.9 884.15 856.26 828.37 800.34 771.88 
 743.78 715.26 687.15 658.61 630.69 602.31 574.42 546.47 518.64 490.97 
 463 436.02 408.99 381.95 355.7 329.24 303.55 278.15 252.9 228.06 
 204.61 181.18 157.89 135.27 113.16 91.716 71.077 51.004 32.058 14.39 
 3.8865 3.472 3.4709 3.5157 3.6129 3.7357 3.8654 4.0132 4.1645 4.3249 
 4.4889 4.6622 4.8199 4.9808 5.1374 5.313 5.4863 5.6363 5.8103 5.9732 
 6.1427 6.3165 6.4742 6.6543 6.8291 6.9915 7.1725 7.3492 7.5309 7.6851 
 7.8753 8.051 8.2317 8.3945 8.5697 8.7558 8.9261 9.1058 9.2765 9.4457 
 9.6249 9.7961 9.9704 10.147 10.32 10.475 10.633 10.789 10.957 11.119 
 11.281 11.45 11.613 11.76 11.91 12.047 12.195 12.344 12.48 12.604 
 12.741 12.863 12.968 13.103 13.22 13.332 13.436 13.545 13.642 13.746 
 13.824 13.896 13.986 14.052 14.116 14.2 14.278 14.344 14.402 14.454 
 14.506 14.551 14.603 14.648 14.7 14.752 14.779 14.817 14.831 14.856 
 14.954 
1851.5 1856 1855.2 1853.6 1850.9 1847.4 1843.4 1837.9 1832.1 1824.9 
 1817.6 1808.9 1799.9 1789.5 1779.1 1767 1754.6 1741.5 1727.6 1713.1 
 1697.8 1681.8 1665.4 1647.9 1630.6 1611.6 1592.6 1572.8 1552.7 1532.1 
 1510.9 1489.3 1467.4 1444.7 1421.9 1398.5 1375.2 1350.9 1326.9 1302.1 
 1277 1251.9 1226.5 1200 1174.2 1148.2 1121.8 1094.8 1068.5 1041.3 
 1014.1 986.3 958.98 931.71 903.97 876.13 847.96 820.22 792.39 764.02 
 736.25 708.22 680.33 651.86 624.2 596.22 568.13 540.66 512.69 485.3 
 457.71 430.46 404.09 377.73 351.36 325.06 299.37 274.15 249.18 224.81 
 200.9 177.57 154.68 132.3 110.62 89.291 68.863 49.009 30.251 13.418 
 3.7902 3.1789 3.2506 3.3483 3.4645 3.5882 3.7261 3.8734 4.0287 4.1844 
 4.3345 4.4907 4.6461 4.8153 4.9903 5.1402 5.3084 5.4715 5.6311 5.7892 
 5.9634 6.1261 6.2939 6.4677 6.6369 6.8116 6.9748 7.1515 7.3321 7.4999 
 7.6691 7.8384 8.02 8.1873 8.3635 8.5462 8.7213 8.8882 9.0699 9.2526 
 9.4351 9.6035 9.7853 9.9778 10.149 10.323 10.484 10.66 10.836 11.005 
 11.178 11.355 11.524 11.697 11.846 11.989 12.145 12.302 12.45 12.581 
 12.703 12.84 12.969 13.1 13.229 13.351 13.456 13.572 13.671 13.78 
 13.878 13.962 14.027 14.104 14.163 14.26 14.338 14.403 14.474 14.533 
 14.591 14.63 14.701 14.792 14.831 14.883 14.915 14.915 14.915 14.915 
 14.954 
1851.5 1851.4 1850.6 1849 1846.6 1843.4 1839.2 1833.6 1827.3 1820.8 
 1813.2 1804.8 1794.9 1785 1773.4 1761.4 1748.8 1735.5 1720.9 1706.6 
 1690.2 1674.8 1657.9 1640.3 1621.6 1602.9 1583.3 1563.2 1542.6 1521.9 
 1500.1 1478.6 1456.1 1433.5 1410.4 1386.8 1363 1338.3 1314.3 1289 
 1263.8 1238.5 1212.9 1187 1160.9 1134.5 1107.9 1081.3 1054.8 1027.3 
 1000.2 972.68 945.57 918.05 890.43 862.9 834.93 807.56 779.94 751.7 
 723.81 695.69 667.8 639.63 612.03 584.35 556.73 529.26 501.94 474.63 
 447.37 420.55 394.16 367.54 341.86 316.25 290.93 266.3 241.77 217.72 
 194.95 172.19 149.7 127.64 106.22 85.264 65.036 45.722 27.392 12.096 
 3.7659 3.0185 3.036 3.1463 3.2612 3.3917 3.5291 3.6714 3.8191 3.9683 
 4.1188 4.2728 4.4289 4.5915 4.7533 4.9173 5.0778 5.2404 5.4077 5.5577 
 5.7399 5.9019 6.0654 6.2392 6.402 6.5776 6.7403 6.9254 7.0967 7.265 
 7.4392 7.6208 7.798 7.9847 8.1531 8.3282 8.5103 8.6915 8.8668 9.0475 
 9.2306 9.4069 9.595 9.7762 9.9579 10.133 10.314 10.495 10.669 10.858 
 11.042 11.217 11.402 11.577 11.742 11.898 12.06 12.22 12.378 12.527 
 12.668 12.806 12.941 13.09 13.22 13.337 13.474 13.585 13.701 13.804 
 13.902 13.986 14.07 14.142 14.214 14.305 14.396 14.473 14.538 14.596 
 14.662 14.707 14.746 14.791 14.831 14.857 14.876 14.889 14.889 14.889 
 14.954 
1851.5 1846 1845.6 1843.9 1841.8 1838.1 1833.6 1828.8 1822.7 1815.8 
 1807.6 1798.5 1789.4 1779.1 1767.6 1756 1743.2 1729.7 1715.6 1700.6 
 1684.9 1668.8 1651.9 1634.3 1615.9 1597.1 1577.8 1557.9 1537.5 1516.6 
 1495.1 1473.5 1450.8 1427.8 1405.1 1381.2 1357.6 1333.2 1308.4 1283.8 
 1258.4 1232.8 1207.2 1181.6 1155.8 1129.3 1103 1076.4 1049.3 1022.3 
 995.23 968.04 940.86 913.62 885.74 858.68 831.01 803.06 775.46 747.54 
 719.54 691.77 664.03 636.28 608.46 581.06 553.44 526.05 499.01 472.05 
 445.08 418.2 392.08 365.83 340.08 314.68 289.49 264.8 240.57 216.7 
 194.03 171.37 148.81 126.84 105.56 84.695 64.47 45.144 27.181 11.745 
 3.0333 2.0047 1.9852 2.011 2.0754 2.1596 2.2513 2.3422 2.4575 2.5629 
 2.6729 2.7884 2.912 3.0363 3.1521 3.2818 3.4112 3.5353 3.6768 3.8085 
 3.9372 4.0791 4.2291 4.3586 4.5001 4.6444 4.7989 4.9361 5.0904 5.2414 
 5.4032 5.5533 5.7086 5.8764 6.0465 6.2152 6.3692 6.5387 6.7065 6.8693 
 7.0453 7.2186 7.4002 7.5824 7.7632 7.9538 8.1335 8.3232 8.5044 8.6915 
 8.8728 9.0555 9.2387 9.4269 9.6066 9.7942 9.9695 10.146 10.328 10.507 
 10.684 10.867 11.039 11.21 11.403 11.566 11.735 11.911 12.085 12.246 
 12.424 12.585 12.747 12.921 13.085 13.248 13.402 13.559 13.702 13.85 
 13.992 14.13 14.271 14.376 14.492 14.597 14.687 14.772 14.85 14.915 
 14.954 
1851.5 1849.6 1849.3 1847.7 1845.7 1842.4 1838.4 1833.3 1827.2 1820.5 
 1813.3 1804.2 1794.5 1784.6 1773.2 1761.4 1748.6 1735.1 1721.3 1706.3 
 1690.9 1674.9 1657.8 1640 1621.9 1603.4 1584.1 1564.1 1543.8 1522.9 
 1501.7 1479.8 1457.5 1434.7 1411.8 1388.3 1364.5 1340.4 1315.8 1290.9 
 1265.8 1240.5 1214.9 1188.9 1163 1136.7 1110.2 1083.5 1056.8 1029.7 
 1002.5 975.44 948.05 920.51 893.06 865.87 837.92 810.52 782.69 754.73 
 726.82 698.81 671.34 643.16 615.19 587.59 560.14 532.47 505.36 478.17 
 451.06 424.25 398.09 371.93 346.03 320.45 295.32 270.32 245.75 221.93 
 198.05 174.95 152.31 130.09 108.48 87.573 66.988 47.424 28.97 12.873 
 3.2274 1.9919 2.0181 2.0706 2.1415 2.2258 2.3103 2.4071 2.5242 2.6283 
 2.7381 2.8623 2.9788 3.0957 3.2195 3.337 3.4728 3.6016 3.7452 3.8688 
 4.0096 4.1338 4.2837 4.4246 4.5479 4.7105 4.8601 4.9973 5.1457 5.3015 
 5.4583 5.6009 5.7614 5.931 6.0946 6.2624 6.4313 6.612 6.7871 6.9569 
 7.1322 7.3139 7.5026 7.6888 7.8899 8.0787 8.2728 8.4686 8.6627 8.8623 
 9.051 9.2591 9.4469 9.6475 9.8432 10.037 10.232 10.414 10.607 10.777 
 10.965 11.14 11.328 11.51 11.686 11.861 12.017 12.2 12.373 12.528 
 12.698 12.854 13.029 13.19 13.341 13.496 13.633 13.769 13.898 14.027 
 14.151 14.26 14.364 14.449 14.532 14.604 14.675 14.746 14.811 14.876 
 14.954 
1851.5 1850.1 1849.4 1847.6 1844.7 1841.5 1837.7 1832 1826.2 1819.7 
 1812 1803.5 1794.2 1784 1773 1761.4 1748.9 1735.8 1722.1 1707.5 
 1692.4 1676.2 1659.7 1642.4 1625 1606.3 1587.2 1567.5 1547.1 1527 
 1505.9 1484.4 1462.2 1439.8 1417.3 1393.5 1370.4 1346.6 1321.9 1297.4 
 1272.5 1247.1 1221.7 1196.2 1170.3 1144.1 1117.9 1090.9 1064.1 1037.2 
 1010.3 982.8 955.49 928.15 900.7 873.08 845.26 817.8 790.04 761.86 
 734.19 706.09 678.41 650.72 622.55 594.94 567.13 539.44 511.77 484.59 
 457.2 429.53 403.27 376.74 350.56 324.59 298.98 273.88 249.12 224.75 
 201.63 178.52 155.46 133.07 111.23 90.059 69.343 49.3 30.512 13.262 
 2.9598 2.1279 2.115 2.1215 2.167 2.2511 2.3428 2.4466 2.5502 2.667 
 2.7835 2.9074 3.0236 3.153 3.2771 3.4065 3.542 3.6657 3.8093 3.9512 
 4.0887 4.2299 4.3601 4.5101 4.6586 4.807 4.9567 5.1059 5.2608 5.4235 
 5.5862 5.7755 5.9707 6.1705 6.325 6.4358 6.598 6.7866 6.9544 7.1371 
 7.3233 7.512 7.7125 7.8953 8.1095 8.2972 8.4933 8.6757 8.8741 9.0715 
 9.27 9.4668 9.6614 9.8496 10.036 10.213 10.408 10.588 10.768 10.946 
 11.126 11.301 11.472 11.633 11.807 11.97 12.132 12.287 12.444 12.6 
 12.755 12.912 13.061 13.209 13.352 13.489 13.625 13.761 13.883 13.994 
 14.117 14.221 14.325 14.403 14.493 14.577 14.656 14.734 14.799 14.863 
 14.954 
1851.5 1849.8 1848.5 1846.7 1844.4 1841.1 1836.6 1831.6 1825.4 1819.2 
 1811.3 1803.2 1793.8 1784 1773.2 1761.9 1749.8 1737.2 1723.5 1709.3 
 1694.5 1678.7 1662.3 1645.2 1628 1610 1590.8 1571.7 1551.7 1531.5 
 1511.1 1489.6 1467.7 1445.7 1423.5 1400.4 1376.8 1353.4 1329.2 1305 
 1280.1 1255 1229.9 1204.3 1178.5 1152.6 1126.4 1099.9 1073.2 1046.4 
 1019.4 991.99 964.82 937.55 910.1 882.5 854.87 827.05 799.26 771.42 
 743.67 715.48 687.6 659.35 631.61 603.78 576.05 548.06 520.54 493.36 
 465.89 438.87 412.26 385.93 359.6 333.5 307.75 282.28 257.18 232.69 
 208.44 184.68 161.64 138.85 116.73 95.291 74.26 54.06 34.864 16.632 
 3.3447 2.316 2.3096 2.3168 2.3686 2.4337 2.5246 2.6218 2.7315 2.8565 
 2.9796 3.1098 3.2244 3.3736 3.498 3.6339 3.7712 3.9 4.0359 4.1852 
 4.3349 4.4845 4.6278 4.7836 4.9453 5.0998 5.2569 5.4192 5.5869 5.7362 
 5.906 6.0802 6.2495 6.432 6.6 6.7889 6.9623 7.139 7.3198 7.5134 
 7.6914 7.8908 8.0731 8.2663 8.4738 8.662 8.8512 9.0373 9.2206 9.4148 
 9.6099 9.7916 9.9792 10.156 10.342 10.517 10.687 10.873 11.042 11.212 
 11.376 11.544 11.699 11.868 12.03 12.184 12.34 12.496 12.646 12.801 
 12.938 13.086 13.217 13.366 13.501 13.624 13.755 13.858 13.981 14.099 
 14.208 14.293 14.39 14.481 14.572 14.637 14.733 14.799 14.864 14.928 
 14.954 
1851.5 1854.1 1852.5 1850.5 1847.6 1843.8 1839.2 1834 1827.8 1820.9 
 1813 1804.1 1794.7 1785 1774.2 1762.3 1750.4 1737.3 1723.9 1709.1 
 1694.5 1678.9 1662.4 1645.1 1627.9 1609.7 1590.6 1571.6 1551.4 1531.3 
 1510.4 1489.3 1467.7 1445.6 1423.2 1399.9 1376.7 1353 1329.3 1304.5 
 1280.1 1255 1229.6 1204.1 1178.3 1152.2 1125.9 1099.4 1072.8 1045.9 
 1018.7 991.71 964.1 936.56 908.95 881.09 853.41 825.73 797.54 769.65 
 741.77 713.57 685.41 657.66 629.41 601.71 573.71 545.79 518.13 490.73 
 463.28 436.01 409.05 382.37 355.91 329.66 304.12 278.79 253.68 229.44 
 206 182.55 159.64 137.16 115.24 93.874 73.284 53.502 34.538 16.915 
 3.4708 2.8535 2.6673 2.5755 2.5497 2.5562 2.5949 2.6858 2.7971 2.9259 
 3.0617 3.1995 3.3336 3.4778 3.6275 3.7699 3.9187 4.0687 4.2107 4.3669 
 4.5218 4.6775 4.826 5.002 5.1436 5.3144 5.4822 5.6375 5.7993 5.9744 
 6.1441 6.3138 6.4875 6.6628 6.8514 7.0142 7.2009 7.389 7.5712 7.7524 
 7.946 8.1407 8.323 8.5117 8.7058 8.893 9.0832 9.259 9.4536 9.6352 
 9.8076 9.9987 10.18 10.346 10.544 10.703 10.879 11.048 11.225 11.386 
 11.56 11.718 11.88 12.047 12.216 12.354 12.514 12.658 12.8 12.942 
 13.073 13.223 13.377 13.507 13.631 13.755 13.87 13.982 14.092 14.189 
 14.292 14.376 14.467 14.551 14.623 14.694 14.76 14.811 14.87 14.915 
 14.954 
