IESNA:LM-63-2002
[TEST] 1
[TESTLAB] 
[TESTDATE] 2025-02-20
[ISSUEDATE] 2025-02-21 09:59:55
[LAMPPOSITION] 0,0
[OTHER] EVERFINE GO-2000A_V1 SYSTEM
[MANUFAC] 
[LUMINAIRE] 40W-3500K
[LAMP] DB77E-4-50L-UD-P-A5W5C5
TILT=NONE
1 5124.3 1 181 17 1 2 0.060 1.200 0.000
1.000 1 38.7551
0.0    1.0    2.0    3.0    4.0    5.0    6.0    7.0    8.0    9.0    
 10.0   11.0   12.0   13.0   14.0   15.0   16.0   17.0   18.0   19.0   
 20.0   21.0   22.0   23.0   24.0   25.0   26.0   27.0   28.0   29.0   
 30.0   31.0   32.0   33.0   34.0   35.0   36.0   37.0   38.0   39.0   
 40.0   41.0   42.0   43.0   44.0   45.0   46.0   47.0   48.0   49.0   
 50.0   51.0   52.0   53.0   54.0   55.0   56.0   57.0   58.0   59.0   
 60.0   61.0   62.0   63.0   64.0   65.0   66.0   67.0   68.0   69.0   
 70.0   71.0   72.0   73.0   74.0   75.0   76.0   77.0   78.0   79.0   
 80.0   81.0   82.0   83.0   84.0   85.0   86.0   87.0   88.0   89.0   
 90.0   91.0   92.0   93.0   94.0   95.0   96.0   97.0   98.0   99.0   
 100.0  101.0  102.0  103.0  104.0  105.0  106.0  107.0  108.0  109.0  
 110.0  111.0  112.0  113.0  114.0  115.0  116.0  117.0  118.0  119.0  
 120.0  121.0  122.0  123.0  124.0  125.0  126.0  127.0  128.0  129.0  
 130.0  131.0  132.0  133.0  134.0  135.0  136.0  137.0  138.0  139.0  
 140.0  141.0  142.0  143.0  144.0  145.0  146.0  147.0  148.0  149.0  
 150.0  151.0  152.0  153.0  154.0  155.0  156.0  157.0  158.0  159.0  
 160.0  161.0  162.0  163.0  164.0  165.0  166.0  167.0  168.0  169.0  
 170.0  171.0  172.0  173.0  174.0  175.0  176.0  177.0  178.0  179.0  
 180.0  
0.0    22.5   45.0   67.5   90.0   112.5  135.0  157.5  180.0  202.5  
 225.0  247.5  270.0  292.5  315.0  337.5  360.0  
1914 1916.5 1915.1 1912.3 1909.4 1906 1901 1895.7 1889.6 1881.7 
 1873.5 1864.8 1855.1 1844.8 1833.2 1821.1 1808.5 1795.1 1781.2 1766.4 
 1751 1734.9 1718 1700.1 1681.9 1663.2 1643.6 1624.2 1603.3 1582.4 
 1561.4 1539.5 1516.9 1494.3 1470.6 1446.8 1422.7 1398 1373.6 1348.1 
 1323.1 1296.7 1270.6 1244.3 1217.8 1190.7 1163.9 1136.3 1108.7 1081 
 1052.9 1024.9 996.58 968.11 939.52 910.91 882.36 853.58 824.76 795.58 
 766.93 737.92 708.7 679.79 650.91 621.99 592.95 564.52 535.76 507.52 
 479.07 450.86 423.05 395.36 367.98 341.07 314.68 288.29 262.39 237.27 
 212.23 188.66 165.11 141.75 119.15 97.159 75.958 55.37 35.815 17.539 
 3.753 3.0282 2.8312 2.7387 2.7119 2.7182 2.7763 2.8669 2.99 3.1327 
 3.2754 3.4242 3.5659 3.717 3.8598 4.0289 4.1822 4.3323 4.4948 4.6498 
 4.8141 4.9742 5.1511 5.3263 5.4687 5.6296 5.8111 5.9868 6.163 6.3317 
 6.5119 6.7021 6.8872 7.0635 7.2526 7.4284 7.6225 7.8102 8.0033 8.1995 
 8.4065 8.5954 8.8041 8.9988 9.1929 9.3941 9.5817 9.7764 9.9651 10.173 
 10.347 10.555 10.73 10.906 11.094 11.28 11.451 11.632 11.799 11.982 
 12.15 12.327 12.508 12.669 12.832 12.989 13.143 13.292 13.455 13.597 
 13.747 13.89 14.032 14.169 14.291 14.428 14.551 14.673 14.772 14.875 
 14.985 15.076 15.168 15.252 15.323 15.382 15.454 15.499 15.563 15.603 
 15.635 
1914 1919.5 1918 1915.1 1912.5 1907.7 1903.1 1896.9 1890 1882.5 
 1874.2 1864.7 1854.7 1844 1832.4 1820.3 1807.7 1793.2 1778.6 1764.1 
 1748.3 1731.1 1713.9 1696.3 1677.8 1658.7 1639.5 1618.9 1598.1 1576.7 
 1555.6 1533.1 1510.6 1487.7 1463.5 1439.6 1415.7 1390.7 1365.6 1340.4 
 1314.9 1288.8 1262.4 1236.2 1208.5 1181.7 1155.1 1127.4 1099.6 1071.8 
 1043.8 1015.2 986.99 958.59 929.89 901.08 872.51 843.88 814.71 785.61 
 756.64 727.33 698.45 669.28 639.79 611.24 582 553.26 524.67 496.35 
 467.95 439.92 412.33 385.04 357.74 330.8 304.23 278.02 252.09 226.79 
 201.84 177.45 153.56 130.34 107.85 85.87 64.655 44.389 25.261 8.5921 
 2.6261 2.5432 2.5504 2.5959 2.6672 2.7582 2.8616 2.9849 3.1146 3.2396 
 3.3822 3.5182 3.6606 3.8034 3.9462 4.0962 4.2431 4.3936 4.5433 4.7 
 4.8604 5.0157 5.1733 5.3346 5.4914 5.66 5.8269 5.9947 6.1704 6.3401 
 6.5154 6.6966 6.8783 7.0595 7.2416 7.4159 7.6166 7.8058 7.9955 8.1811 
 8.3909 8.5834 8.7679 8.9664 9.1825 9.3724 9.5698 9.7789 9.9615 10.168 
 10.351 10.556 10.738 10.932 11.12 11.316 11.486 11.659 11.843 12.016 
 12.197 12.373 12.543 12.716 12.893 13.054 13.212 13.36 13.528 13.665 
 13.827 13.976 14.111 14.242 14.371 14.5 14.605 14.714 14.819 14.922 
 15.032 15.13 15.227 15.304 15.363 15.428 15.48 15.519 15.571 15.609 
 15.635 
1914 1916.9 1915.3 1912.3 1908.5 1903.7 1898.4 1891.7 1884.3 1876.4 
 1867.3 1858 1847.2 1835.5 1823.4 1810.4 1796.3 1782 1766.7 1751 
 1734.8 1717.2 1699.2 1680.7 1661.9 1641.8 1621.1 1600.6 1579.1 1557.5 
 1534.8 1512.3 1489.2 1465.1 1441.3 1416.7 1392 1366.7 1341.3 1315.4 
 1289.3 1263.1 1236.4 1209.9 1182.5 1155.3 1127.9 1100 1072.2 1044.1 
 1015.9 987.45 959.2 930.88 901.96 873.15 844.88 815.65 786.69 758.01 
 729.16 699.9 671.36 642.39 613.52 584.88 556.17 527.6 499.16 471.14 
 442.73 414.7 387.45 360.13 333.09 306.69 280.8 254.91 229.65 205.61 
 181.57 157.86 134.91 112.23 90.57 69.345 48.898 29.578 12.641 3.0247 
 2.3809 2.3745 2.3875 2.4714 2.5627 2.6666 2.7824 2.9125 3.0368 3.1655 
 3.2953 3.4262 3.5621 3.711 3.8546 4.0038 4.1461 4.2825 4.4374 4.5931 
 4.742 4.8981 5.053 5.2156 5.371 5.5258 5.6838 5.8525 6.0143 6.1899 
 6.3632 6.5389 6.7206 6.8913 7.0656 7.2602 7.4335 7.6285 7.8183 8.0109 
 8.1996 8.4002 8.6019 8.7966 8.9972 9.1983 9.4011 9.5894 9.791 9.9787 
 10.18 10.369 10.574 10.762 10.939 11.126 11.314 11.495 11.678 11.853 
 12.027 12.275 12.534 12.806 13.074 13.312 13.515 13.675 13.813 13.956 
 14.078 14.196 14.292 14.403 14.507 14.617 14.72 14.805 14.901 14.986 
 15.065 15.148 15.22 15.285 15.343 15.401 15.447 15.493 15.551 15.603 
 15.635 
1914 1912.9 1910.6 1907.6 1903.3 1898.2 1892.4 1885.8 1878 1869.8 
 1860.1 1850 1838.9 1827.1 1814.5 1801.1 1786.9 1772 1756.4 1740.1 
 1722.7 1705 1686.5 1667.7 1648 1627.7 1607.2 1585.6 1563.4 1541.4 
 1518.5 1495.2 1471.6 1448 1423 1398.1 1373.3 1347.8 1321.8 1295.8 
 1269.3 1243 1216.1 1189.4 1161.9 1134.7 1107.3 1079.8 1051.6 1023.7 
 995.61 966.87 938.49 910.22 881.49 853.51 824.67 795.8 767.27 738.38 
 709.64 680.68 652.17 623.1 594.6 566.11 537.68 509.5 481.6 453.92 
 426.1 399.32 372.52 345.44 319.03 293.04 267.4 242.22 217.47 193.19 
 169.3 146.3 123.5 101.41 80.209 59.549 39.783 21.78 8.0689 2.5131 
 2.2195 2.2588 2.336 2.4202 2.5184 2.6211 2.7269 2.8622 2.9781 3.1086 
 3.238 3.3613 3.4976 3.6346 3.7698 3.9129 4.0432 4.1977 4.3425 4.4901 
 4.6277 4.783 4.9396 5.0945 5.249 5.4047 5.5612 5.7118 5.8914 6.0487 
 6.2236 6.3791 6.5475 6.7351 6.9102 7.078 7.2468 7.4359 7.6102 7.794 
 7.9881 8.1769 8.371 8.5641 8.7609 8.9546 9.1557 9.3503 9.5375 9.7392 
 9.9344 10.134 10.323 10.518 10.705 10.887 11.077 11.257 11.441 11.62 
 11.803 11.979 12.159 12.333 12.503 12.672 12.834 13.002 13.159 13.322 
 13.475 13.644 13.8 13.944 14.086 14.228 14.359 14.482 14.604 14.728 
 14.845 14.967 15.064 15.169 15.246 15.324 15.415 15.467 15.545 15.59 
 15.635 
1914 1906.2 1903.5 1900.9 1896.7 1891.4 1885.2 1878.5 1870.4 1861.4 
 1851.9 1841.8 1830.4 1818.4 1805.7 1791.6 1777.1 1761.8 1746 1729.8 
 1712.6 1694.3 1676 1657 1637 1616.3 1595.4 1573.7 1551.7 1529.5 
 1506.6 1483.2 1459.7 1435.7 1410.7 1386.1 1360.7 1335.3 1309.8 1283.3 
 1257 1230.8 1203.9 1176.6 1149.7 1122.6 1095 1067.2 1039.6 1011.2 
 983.1 955.14 927.3 898.5 870.04 841.91 813.02 784.58 756.05 727.27 
 698.54 669.87 641.42 612.52 584.48 556.14 527.75 499.96 472.19 444.73 
 417.34 390.71 364.08 337.54 311.63 285.86 260.6 235.65 211.28 187.29 
 163.66 141.04 118.56 96.86 75.679 55.401 36.19 19.024 7.0503 3.2208 
 3.1466 3.263 3.3675 3.4962 3.6404 3.7691 3.9239 4.081 4.2371 4.3916 
 4.5546 4.697 4.8722 5.0405 5.2083 5.3779 5.5471 5.7167 5.8859 6.0583 
 6.234 6.417 6.5775 6.7591 6.9418 7.1245 7.3072 7.4878 7.6626 7.8433 
 8.0195 8.2121 8.3953 8.5651 8.7463 8.9265 9.1033 9.3023 9.4721 9.6672 
 9.843 10.035 10.205 10.399 10.581 10.757 10.951 11.133 11.313 11.483 
 11.657 11.84 12.015 12.183 12.354 12.528 12.69 12.853 13.001 13.151 
 13.298 13.435 13.586 13.728 13.846 13.962 14.071 14.188 14.312 14.423 
 14.538 14.623 14.707 14.812 14.908 15 15.091 15.174 15.266 15.343 
 15.408 15.454 15.512 15.583 15.641 15.655 15.655 15.661 15.642 15.642 
 15.635 
1914 1910.2 1907.9 1904.2 1900.4 1895.7 1889.3 1882.6 1874.7 1865.9 
 1856.8 1846.8 1835.8 1823.8 1810.8 1797.6 1783.6 1768.6 1752.7 1736.2 
 1719.2 1701.5 1682.9 1664.3 1644.6 1624.3 1603.7 1582 1560.1 1538 
 1514.7 1491.9 1467.6 1444.1 1419.4 1395.1 1370.1 1344.7 1318.9 1293 
 1266.4 1239.8 1213 1186 1158.9 1131.6 1104 1075.8 1048.5 1020.1 
 991.96 963.56 935.31 907.01 878.26 850.15 821.35 792.73 764.08 735.31 
 706.39 677.53 648.9 620.09 591.76 563.09 534.85 506.65 478.63 450.95 
 423.14 395.88 368.91 342.09 315.9 289.86 264.46 239.35 214.72 191.23 
 167.75 144.62 121.83 99.974 78.5 57.951 38.393 20.66 7.6423 3.2968 
 3.2123 3.288 3.3986 3.5225 3.6761 3.8073 3.9689 4.1247 4.2813 4.4362 
 4.6162 4.7684 4.9216 5.0924 5.2584 5.4344 5.5921 5.7782 5.9489 6.1237 
 6.3053 6.4861 6.6563 6.8222 7.018 7.187 7.3755 7.5558 7.7256 7.9271 
 8.0945 8.282 8.4712 8.6465 8.8272 9.0098 9.1851 9.3786 9.554 9.741 
 9.9323 10.112 10.308 10.488 10.664 10.851 11.033 11.22 11.41 11.578 
 11.754 11.929 12.104 12.273 12.442 12.604 12.767 12.915 13.065 13.208 
 13.337 13.467 13.604 13.733 13.844 13.954 14.059 14.168 14.259 14.357 
 14.446 14.525 14.603 14.694 14.791 14.863 14.947 15.025 15.096 15.141 
 15.2 15.239 15.284 15.337 15.382 15.427 15.46 15.486 15.486 15.486 
 15.635 
1914 1910.9 1908.9 1906 1902.3 1897.8 1892.3 1886.3 1878.7 1871.4 
 1862.1 1852.1 1842 1830.5 1818.5 1805.6 1792.2 1777.8 1762.5 1747.4 
 1730.6 1712.8 1695.3 1677 1657.7 1638.2 1618.1 1597.2 1575.9 1554.6 
 1531.7 1509.2 1486.1 1462.4 1438.9 1414.2 1389.4 1364 1338.8 1312.9 
 1287.1 1260.8 1234.2 1207.3 1180.3 1153.4 1125.8 1098.1 1070.5 1042.4 
 1014.2 985.72 957.26 929.04 900.54 872.42 843.39 814.72 786.11 757.3 
 728.62 699.46 670.54 641.88 613.27 584.59 555.76 527.33 499.01 470.97 
 442.72 415.32 388.24 361.15 334.43 307.58 281.81 255.94 230.67 205.87 
 181.74 157.94 134.72 112.15 90.182 68.864 48.505 29.132 12.46 3.7728 
 3.4005 3.4909 3.5959 3.7175 3.8432 3.9914 4.1476 4.3084 4.4597 4.6334 
 4.7962 4.9726 5.1336 5.3032 5.471 5.6379 5.821 5.9948 6.1765 6.3452 
 6.5279 6.7116 6.8921 7.0612 7.256 7.4284 7.6101 7.7998 7.98 8.1651 
 8.3443 8.5137 8.7013 8.889 9.0658 9.2519 9.4355 9.611 9.81 10.005 
 10.2 10.374 10.559 10.752 10.933 11.11 11.303 11.486 11.658 11.834 
 12.003 12.179 12.336 12.522 12.679 12.834 12.996 13.146 13.295 13.429 
 13.574 13.695 13.827 13.962 14.073 14.19 14.299 14.397 14.514 14.611 
 14.701 14.779 14.844 14.941 15.026 15.104 15.188 15.253 15.311 15.376 
 15.402 15.441 15.48 15.531 15.551 15.57 15.57 15.57 15.57 15.57 
 15.635 
1914 1911.1 1909.4 1907 1903.8 1899.7 1895 1888.9 1882.4 1874.5 
 1866.2 1857 1847 1836.1 1824.4 1812.6 1800.1 1786 1770.9 1755.9 
 1740.1 1723.5 1706.3 1688.6 1670.2 1650.9 1631.5 1611.5 1590.4 1569.4 
 1547.1 1525.2 1502.5 1479.7 1456 1431.8 1407.9 1383.1 1358.2 1332.6 
 1306.9 1281 1254.7 1228 1201.2 1174.3 1147 1119.7 1092.1 1064.1 
 1036 1008 979.67 951.37 922.88 894.14 865.4 836.86 807.85 778.94 
 749.91 721.05 692.08 662.99 634.14 605.16 576.51 547.92 519.44 491.12 
 462.52 434.68 406.94 379.39 352.56 325.53 298.99 272.88 247.26 221.93 
 197.93 173.96 150.02 126.98 104.32 82.335 61.313 41.093 22.184 6.578 
 3.6677 3.6461 3.6652 3.7623 3.8848 4.0153 4.1572 4.3141 4.481 4.6501 
 4.8129 4.9925 5.1628 5.3444 5.4999 5.6763 5.857 6.0313 6.2075 6.3832 
 6.5648 6.7406 6.9198 7.0891 7.283 7.4723 7.6412 7.8233 8.0179 8.1849 
 8.3813 8.5561 8.7372 8.9259 9.1007 9.2764 9.4645 9.6586 9.833 10.023 
 10.209 10.38 10.568 10.756 10.923 11.097 11.281 11.462 11.632 11.807 
 11.98 12.151 12.312 12.48 12.642 12.799 12.962 13.103 13.252 13.39 
 13.526 13.655 13.799 13.921 14.038 14.141 14.246 14.362 14.46 14.569 
 14.648 14.727 14.81 14.895 14.979 15.057 15.123 15.2 15.271 15.317 
 15.356 15.395 15.427 15.466 15.511 15.538 15.544 15.564 15.57 15.57 
 15.635 
1914 1916.5 1915 1913.7 1910.6 1906.7 1902.6 1896.3 1890.5 1883.4 
 1875.4 1866.5 1857.4 1846.5 1835.5 1823.5 1811.1 1797.8 1784.3 1769.1 
 1753.4 1737.9 1721.3 1703.4 1685.2 1666.7 1647.1 1627.4 1607.2 1586.4 
 1565.5 1543.1 1520.6 1498 1474.8 1450.7 1426.9 1402.5 1377.6 1352.5 
 1326.8 1300.8 1274.9 1248.4 1221.5 1194.7 1167.3 1139.9 1112.7 1084.9 
 1056.7 1028.4 1000 971.37 942.56 914.15 885.19 856.36 827.49 798.24 
 769.19 739.96 711.04 681.62 652.91 623.67 594.29 566.03 537.03 508.56 
 479.96 451.83 423.75 396.49 369.23 341.9 315.33 288.79 262.85 237.35 
 212.21 187.88 164.02 140.72 117.92 95.719 74.556 54.076 34.545 16.499 
 4.0673 3.9124 3.9056 3.9319 3.9777 4.0685 4.1863 4.334 4.4982 4.6719 
 4.8418 5.0288 5.1986 5.3797 5.5489 5.7227 5.8915 6.0796 6.2618 6.444 
 6.6188 6.8069 6.9886 7.1703 7.3505 7.5257 7.7069 7.8971 8.0773 8.265 
 8.4422 8.6238 8.7981 8.9858 9.162 9.3447 9.5239 9.7136 9.8998 10.078 
 10.263 10.441 10.621 10.79 10.973 11.136 11.314 11.496 11.658 11.816 
 11.99 12.138 12.308 12.458 12.619 12.762 12.931 13.067 13.222 13.352 
 13.489 13.619 13.755 13.878 13.994 14.092 14.195 14.312 14.422 14.52 
 14.617 14.682 14.774 14.857 14.948 15.025 15.097 15.175 15.24 15.304 
 15.337 15.376 15.415 15.48 15.538 15.577 15.609 15.609 15.609 15.609 
 15.635 
1914 1920.2 1919.1 1917.4 1914.6 1910.8 1906.5 1901.3 1894.8 1887.9 
 1880.2 1871.4 1862 1851.9 1841.6 1829.5 1816.6 1803.4 1789.1 1774.2 
 1758.6 1742.5 1725.9 1708.3 1690.3 1671.4 1652.4 1632.3 1611.8 1590.8 
 1569.3 1547.3 1524.9 1502.2 1478.1 1454.8 1430.7 1406.1 1381.1 1356.2 
 1330.1 1304.2 1278.3 1251.2 1224.2 1197.7 1170.1 1142.6 1114.9 1087.2 
 1059.1 1030.6 1002.1 973.6 944.81 915.99 886.97 858 829.16 799.91 
 770.53 741.33 712.04 682.57 653.61 624.36 595.26 566.49 537.68 508.81 
 480.35 452.07 423.97 395.94 368.76 341.37 314.82 288.43 262.24 236.56 
 211.45 187.56 163.71 140.32 117.29 95.138 73.658 52.762 33.176 14.938 
 3.9515 3.5964 3.5877 3.639 3.7429 3.8654 4.0012 4.1503 4.3059 4.4764 
 4.6442 4.8055 4.9796 5.1443 5.3259 5.4929 5.6552 5.8366 5.9982 6.1815 
 6.3503 6.5315 6.7132 6.8879 7.0686 7.2393 7.4185 7.5902 7.7827 7.972 
 8.1459 8.3364 8.5102 8.6904 8.8721 9.0627 9.2499 9.4262 9.6197 9.7955 
 9.9757 10.153 10.334 10.51 10.69 10.853 11.027 11.222 11.385 11.56 
 11.722 11.892 12.059 12.222 12.389 12.545 12.689 12.843 12.988 13.13 
 13.265 13.41 13.532 13.649 13.766 13.875 13.98 14.098 14.201 14.298 
 14.402 14.479 14.557 14.655 14.733 14.824 14.902 14.986 15.051 15.116 
 15.155 15.22 15.265 15.317 15.382 15.433 15.479 15.518 15.525 15.544 
 15.635 
1914 1918.6 1918 1915.7 1913.6 1910.2 1906.3 1900.4 1894 1887 
 1879.3 1870.4 1861.5 1851.4 1840.2 1828 1815.3 1801.2 1786.5 1771.9 
 1756.1 1740.1 1722.8 1705 1686.5 1667.2 1648.1 1627.6 1606.7 1585.3 
 1563.6 1541.7 1518.7 1495.8 1472 1448.3 1423.7 1399 1373.8 1348.5 
 1322.6 1296.6 1270 1243.2 1216.2 1189.6 1162 1134.3 1106.9 1078.9 
 1050.8 1022.5 994.01 965.52 937 908.47 879.01 850.69 821.45 792.5 
 763.45 734.22 705.26 676.15 647.37 618.35 589.28 560.58 531.97 503.22 
 474.7 446.79 418.89 391.66 364.44 337.16 310.76 284.53 258.6 233.37 
 208.64 184.47 160.57 137.45 114.74 92.788 71.585 51.015 31.432 14.118 
 3.941 3.3022 3.3742 3.4778 3.5936 3.7176 3.866 4.0168 4.158 4.3271 
 4.4902 4.6456 4.8152 4.9825 5.1517 5.3126 5.4891 5.6514 5.8207 6.0004 
 6.1701 6.3443 6.5195 6.7007 6.8714 7.0526 7.2204 7.408 7.5842 7.7664 
 7.9421 8.1234 8.3115 8.4853 8.6605 8.8432 9.0314 9.2185 9.4062 9.5874 
 9.7691 9.9642 10.154 10.335 10.522 10.699 10.893 11.075 11.255 11.445 
 11.626 11.801 11.975 12.145 12.321 12.49 12.659 12.805 12.963 13.117 
 13.242 13.384 13.528 13.657 13.78 13.89 14.006 14.124 14.241 14.344 
 14.454 14.538 14.622 14.708 14.804 14.889 14.973 15.058 15.135 15.194 
 15.252 15.311 15.369 15.479 15.531 15.57 15.609 15.622 15.622 15.622 
 15.635 
1914 1914.1 1913.6 1912.5 1910.1 1906.4 1901.9 1896.3 1890.3 1882.9 
 1875.5 1866.3 1856.8 1846.2 1834.8 1822 1808.9 1794.9 1780.1 1765.1 
 1749.1 1732.4 1715.2 1697.1 1677.7 1658.4 1638.5 1617.8 1596.7 1575 
 1552.8 1530.4 1507.2 1483.8 1459.9 1435.8 1410.9 1385.9 1361.3 1335.3 
 1308.9 1282.3 1256 1229.3 1202.1 1175.2 1147.8 1120.2 1092.3 1064.5 
 1036.5 1008.3 979.96 951.41 922.95 894.34 865.76 837.09 808.27 779.37 
 750.61 721.69 692.51 663.45 634.79 606.3 577.31 549.09 520.59 492.31 
 464.34 436.62 408.99 381.67 354.85 328.31 302.13 276.3 251.04 226.15 
 202.55 178.95 155.47 132.72 110.48 88.725 67.82 47.696 28.782 12.746 
 3.9469 3.1461 3.1592 3.2555 3.3852 3.514 3.6512 3.8064 3.9565 4.1109 
 4.2671 4.4237 4.5859 4.7541 4.9233 5.086 5.2607 5.4364 5.5913 5.7544 
 5.9425 6.1108 6.2974 6.4612 6.6419 6.8226 6.9915 7.1789 7.3548 7.5379 
 7.7117 7.8992 8.0825 8.2627 8.4498 8.6281 8.8137 9.0039 9.1832 9.3808 
 9.5675 9.7567 9.9513 10.126 10.328 10.513 10.709 10.905 11.087 11.288 
 11.473 11.657 11.839 12.025 12.209 12.376 12.56 12.721 12.889 13.039 
 13.189 13.345 13.5 13.642 13.78 13.895 14.013 14.142 14.258 14.362 
 14.473 14.565 14.654 14.745 14.856 14.946 15.031 15.122 15.193 15.271 
 15.33 15.382 15.427 15.466 15.505 15.55 15.564 15.577 15.577 15.577 
 15.635 
1914 1907.8 1906.9 1905.4 1903.1 1899.1 1894.6 1889.6 1882.8 1875.6 
 1867.6 1858.4 1848.8 1838.3 1826.6 1814.8 1801.9 1787.6 1772.4 1757.5 
 1741.6 1724.7 1707.2 1689.4 1670.4 1650.8 1630.6 1610.4 1589 1567.7 
 1545.2 1522.4 1499.6 1476.3 1452.9 1428.2 1403.5 1378.5 1352.8 1327.3 
 1301.2 1274.8 1248.5 1221.8 1195.1 1167.8 1140.9 1113.2 1085.5 1057.5 
 1029.7 1001.5 973.24 945.41 916.68 888.64 859.73 831.07 802.4 773.65 
 744.68 715.6 687.06 658.3 629.85 601.37 573.04 544.3 516.47 488.58 
 460.62 433.1 405.98 378.74 352.13 325.67 299.77 274.3 249.12 224.36 
 200.9 177.45 154.23 131.47 109.27 87.667 66.766 46.744 28.065 12.251 
 3.1729 2.0955 2.0956 2.1148 2.187 2.2838 2.3744 2.4852 2.5817 2.6995 
 2.8289 2.946 3.0619 3.1923 3.3279 3.4645 3.5932 3.7234 3.8721 4.0024 
 4.1455 4.3024 4.4375 4.5933 4.7364 4.8776 5.0419 5.1955 5.3581 5.5092 
 5.677 5.8332 5.9945 6.1702 6.338 6.5127 6.6888 6.8516 7.0382 7.209 
 7.3952 7.5779 7.767 7.9403 8.1478 8.3371 8.5253 8.7205 8.9066 9.0969 
 9.2884 9.49 9.668 9.8729 10.062 10.25 10.427 10.627 10.808 10.997 
 11.184 11.367 11.543 11.736 11.917 12.098 12.274 12.455 12.638 12.814 
 12.987 13.157 13.331 13.501 13.67 13.839 14 14.155 14.299 14.461 
 14.61 14.753 14.895 15.012 15.115 15.214 15.317 15.395 15.474 15.544 
 15.635 
1914 1911.6 1911 1909.6 1907.6 1903.9 1899.7 1894.3 1888.1 1881.1 
 1873.1 1864.2 1854.4 1843.7 1831.9 1819.9 1806.8 1793.2 1778.6 1763.1 
 1747.3 1730.8 1713.2 1695.3 1676.8 1657.6 1637.6 1617.2 1595.7 1574.5 
 1552 1530.2 1506.5 1483.4 1459.6 1435.2 1410.8 1385.7 1360.5 1334.8 
 1308.7 1282.7 1256.2 1229.8 1202.6 1175.5 1148.3 1120.9 1093.2 1065.6 
 1037.6 1009.2 980.78 952.53 924.23 895.75 867.23 838.49 809.66 781.1 
 752.23 723.38 694.51 665.5 636.89 608.34 580.08 551.26 522.9 494.94 
 466.96 439.37 412.25 385.36 358.46 331.88 305.8 279.85 254.54 229.81 
 205.23 181.39 157.92 134.89 112.58 90.744 69.654 49.239 30.135 13.556 
 3.4153 2.1021 2.1285 2.1807 2.2585 2.3424 2.4395 2.5439 2.6546 2.766 
 2.8879 3.0049 3.1403 3.2587 3.3931 3.5251 3.6603 3.7969 3.9332 4.07 
 4.2127 4.3552 4.5036 4.6516 4.8024 4.9386 5.1124 5.2638 5.4238 5.5731 
 5.7228 5.8928 6.0533 6.2305 6.4042 6.5735 6.7562 6.9354 7.1127 7.2988 
 7.488 7.6705 7.8839 8.0737 8.2685 8.474 8.6805 8.8887 9.0834 9.2904 
 9.4822 9.6993 9.9004 10.102 10.298 10.5 10.699 10.901 11.088 11.29 
 11.466 11.658 11.842 12.024 12.213 12.392 12.567 12.749 12.923 13.1 
 13.276 13.45 13.619 13.78 13.936 14.087 14.242 14.372 14.514 14.636 
 14.767 14.883 14.974 15.084 15.149 15.22 15.298 15.369 15.434 15.492 
 15.635 
1914 1912.2 1911.1 1909.1 1906.7 1903.2 1898.5 1893.2 1887.3 1880.3 
 1872.4 1863.3 1854.1 1843.7 1832.3 1820.4 1807.5 1793.9 1779.2 1764.7 
 1749.3 1732.6 1715.3 1697.6 1679.2 1660.4 1640.9 1620.7 1599.9 1578.4 
 1556.6 1534.2 1511.4 1488.4 1464.9 1441.1 1416.7 1391.7 1366.7 1340.9 
 1315.8 1289.4 1263.1 1237 1209.9 1182.6 1155.4 1128.3 1100.3 1072.4 
 1044.4 1016.6 988.37 959.98 931.6 902.92 874.51 845.88 816.98 788.1 
 759.6 730.73 701.76 673 644.35 615.79 586.92 558.36 529.97 501.61 
 473.26 445.44 417.78 390.01 362.91 336.01 309.76 283.72 257.96 232.98 
 207.81 185.01 161.3 138.09 115.48 93.491 71.965 51.276 31.721 13.975 
 3.1769 2.2473 2.2382 2.2382 2.2895 2.3734 2.4767 2.5817 2.6975 2.8156 
 2.9453 3.0676 3.1977 3.3339 3.4641 3.5996 3.7412 3.8847 4.0286 4.1642 
 4.3129 4.4622 4.6192 4.7608 4.9233 5.0722 5.2283 5.3892 5.5333 5.707 
 5.8886 6.0901 6.2912 6.4913 6.655 6.7854 6.9461 7.136 7.327 7.5099 
 7.7006 7.9001 8.1029 8.3035 8.5047 8.7106 8.9135 9.1114 9.3141 9.5153 
 9.7287 9.9306 10.132 10.327 10.528 10.71 10.903 11.106 11.285 11.468 
 11.657 11.826 12.007 12.184 12.352 12.532 12.694 12.871 13.026 13.187 
 13.351 13.512 13.662 13.818 13.968 14.104 14.246 14.383 14.505 14.622 
 14.739 14.855 14.947 15.044 15.129 15.206 15.285 15.362 15.427 15.505 
 15.635 
1914 1911.8 1910.7 1908.5 1906.1 1902.4 1897.7 1892.3 1885.9 1878.9 
 1871.2 1862.6 1853.2 1843.1 1832 1820.6 1808.1 1794.3 1780.6 1765.6 
 1749.8 1733.9 1717.3 1699.8 1681.7 1663.1 1644.1 1623.8 1603.5 1582.4 
 1561.2 1539.1 1516.6 1493.7 1470.6 1446.6 1422.9 1398.1 1373.5 1348.5 
 1323 1296.8 1270.7 1244.9 1218.4 1191.1 1164.1 1136.5 1108.9 1081.6 
 1053.6 1025.5 997.56 969.31 940.81 912.52 883.7 855.37 826.33 797.73 
 768.78 739.75 711 682.03 653.36 624.44 595.56 566.98 538.5 510.2 
 481.86 453.83 426.23 399 371.77 344.95 318.3 292.02 266.09 240.73 
 215.66 191.16 167.21 143.71 120.98 98.539 76.842 55.988 36.158 17.321 
 3.5523 2.4329 2.4394 2.4459 2.5047 2.5829 2.6738 2.7708 2.8955 3.0242 
 3.1472 3.291 3.4201 3.5553 3.6916 3.8477 3.9854 4.1207 4.2825 4.427 
 4.581 4.7312 4.893 5.0604 5.2105 5.3788 5.5487 5.7038 5.8802 6.0403 
 6.2364 6.4116 6.5928 6.7735 6.9617 7.1449 7.3257 7.5204 7.7156 7.9107 
 8.0974 8.2991 8.5008 8.6978 8.9036 9.0973 9.306 9.5054 9.689 9.8953 
 10.085 10.279 10.467 10.653 10.843 11.024 11.208 11.394 11.568 11.744 
 11.926 12.095 12.256 12.425 12.586 12.762 12.918 13.079 13.243 13.397 
 13.547 13.689 13.84 13.976 14.118 14.248 14.372 14.487 14.606 14.727 
 14.832 14.948 15.045 15.136 15.22 15.298 15.382 15.441 15.512 15.57 
 15.635 
1914 1916.5 1915.1 1912.3 1909.4 1906 1901 1895.7 1889.6 1881.7 
 1873.5 1864.8 1855.1 1844.8 1833.2 1821.1 1808.5 1795.1 1781.2 1766.4 
 1751 1734.9 1718 1700.1 1681.9 1663.2 1643.6 1624.2 1603.3 1582.4 
 1561.4 1539.5 1516.9 1494.3 1470.6 1446.8 1422.7 1398 1373.6 1348.1 
 1323.1 1296.7 1270.6 1244.3 1217.8 1190.7 1163.9 1136.3 1108.7 1081 
 1052.9 1024.9 996.58 968.11 939.52 910.91 882.36 853.58 824.76 795.58 
 766.93 737.92 708.7 679.79 650.91 621.99 592.95 564.52 535.76 507.52 
 479.07 450.86 423.05 395.36 367.98 341.07 314.68 288.29 262.39 237.27 
 212.23 188.66 165.11 141.75 119.15 97.159 75.958 55.37 35.815 17.539 
 3.753 3.0282 2.8312 2.7387 2.7119 2.7182 2.7763 2.8669 2.99 3.1327 
 3.2754 3.4242 3.5659 3.717 3.8598 4.0289 4.1822 4.3323 4.4948 4.6498 
 4.8141 4.9742 5.1511 5.3263 5.4687 5.6296 5.8111 5.9868 6.163 6.3317 
 6.5119 6.7021 6.8872 7.0635 7.2526 7.4284 7.6225 7.8102 8.0033 8.1995 
 8.4065 8.5954 8.8041 8.9988 9.1929 9.3941 9.5817 9.7764 9.9651 10.173 
 10.347 10.555 10.73 10.906 11.094 11.28 11.451 11.632 11.799 11.982 
 12.15 12.327 12.508 12.669 12.832 12.989 13.143 13.292 13.455 13.597 
 13.747 13.89 14.032 14.169 14.291 14.428 14.551 14.673 14.772 14.875 
 14.985 15.076 15.168 15.252 15.323 15.382 15.454 15.499 15.563 15.603 
 15.635 
