IESNA:LM-63-2002
[TEST] 1
[TESTLAB] 
[TESTDATE] 2025-02-20
[ISSUEDATE] 2025-02-21 09:43:27
[LAMPPOSITION] 0,0
[OTHER] EVERFINE GO-2000A_V1 SYSTEM
[MANUFAC] 
[LUMINAIRE] 40W-4000K
[LAMP] DB77E-4-50L-UD-P-A5W5C5
TILT=NONE
1 5228 1 181 17 1 2 0.060 1.200 0.000
1.000 1 37.9023
0.0    1.0    2.0    3.0    4.0    5.0    6.0    7.0    8.0    9.0    
 10.0   11.0   12.0   13.0   14.0   15.0   16.0   17.0   18.0   19.0   
 20.0   21.0   22.0   23.0   24.0   25.0   26.0   27.0   28.0   29.0   
 30.0   31.0   32.0   33.0   34.0   35.0   36.0   37.0   38.0   39.0   
 40.0   41.0   42.0   43.0   44.0   45.0   46.0   47.0   48.0   49.0   
 50.0   51.0   52.0   53.0   54.0   55.0   56.0   57.0   58.0   59.0   
 60.0   61.0   62.0   63.0   64.0   65.0   66.0   67.0   68.0   69.0   
 70.0   71.0   72.0   73.0   74.0   75.0   76.0   77.0   78.0   79.0   
 80.0   81.0   82.0   83.0   84.0   85.0   86.0   87.0   88.0   89.0   
 90.0   91.0   92.0   93.0   94.0   95.0   96.0   97.0   98.0   99.0   
 100.0  101.0  102.0  103.0  104.0  105.0  106.0  107.0  108.0  109.0  
 110.0  111.0  112.0  113.0  114.0  115.0  116.0  117.0  118.0  119.0  
 120.0  121.0  122.0  123.0  124.0  125.0  126.0  127.0  128.0  129.0  
 130.0  131.0  132.0  133.0  134.0  135.0  136.0  137.0  138.0  139.0  
 140.0  141.0  142.0  143.0  144.0  145.0  146.0  147.0  148.0  149.0  
 150.0  151.0  152.0  153.0  154.0  155.0  156.0  157.0  158.0  159.0  
 160.0  161.0  162.0  163.0  164.0  165.0  166.0  167.0  168.0  169.0  
 170.0  171.0  172.0  173.0  174.0  175.0  176.0  177.0  178.0  179.0  
 180.0  
0.0    22.5   45.0   67.5   90.0   112.5  135.0  157.5  180.0  202.5  
 225.0  247.5  270.0  292.5  315.0  337.5  360.0  
1950.8 1953.5 1951.8 1949 1945.6 1941.8 1937.1 1931.4 1924.9 1917.8 
 1909 1900.3 1890.2 1879.4 1868.1 1855.8 1842.9 1829.7 1815 1799.8 
 1783.9 1767.2 1749.7 1731.9 1713.6 1694.7 1674.7 1654.3 1633.7 1613.1 
 1590.9 1568.7 1545.6 1522.3 1498.3 1474.5 1450.1 1424.6 1399.7 1373.9 
 1348.2 1321.6 1294.9 1268.5 1241.1 1213.9 1185.9 1158.4 1130.1 1101.8 
 1073.7 1044.9 1016.2 987.32 958.01 929.25 899.9 870.51 841.03 811.41 
 781.93 752.37 722.9 693.26 663.53 634.29 604.94 575.6 546.41 517.46 
 488.39 459.71 431.52 403.13 375.58 347.78 320.66 293.7 267.59 241.84 
 216.38 192.38 168.37 144.58 121.45 99.051 77.197 56.207 36.397 17.707 
 3.7378 3.0721 2.8734 2.7766 2.7572 2.7573 2.8231 2.9197 3.0499 3.1914 
 3.3289 3.4786 3.6254 3.7746 3.9308 4.0823 4.2504 4.4045 4.5676 4.7358 
 4.893 5.0663 5.2368 5.3991 5.5614 5.7362 5.9164 6.0861 6.2733 6.4485 
 6.6312 6.8189 7.0011 7.1893 7.3819 7.5721 7.7583 7.9594 8.1422 8.345 
 8.5499 8.7516 8.9539 9.1593 9.361 9.5557 9.7563 9.9725 10.147 10.347 
 10.536 10.737 10.921 11.106 11.289 11.47 11.66 11.828 12.016 12.191 
 12.378 12.555 12.724 12.891 13.053 13.216 13.372 13.54 13.69 13.831 
 13.988 14.129 14.287 14.423 14.572 14.708 14.831 14.955 15.064 15.162 
 15.272 15.363 15.461 15.538 15.616 15.681 15.746 15.817 15.876 15.921 
 15.953 
1950.8 1956.8 1955.3 1952.8 1949.5 1944.7 1939.9 1933.7 1927.3 1919.8 
 1910.7 1901.3 1891.1 1879.7 1868 1855.3 1842.3 1828.3 1813.7 1798.1 
 1781.5 1765 1747.2 1728.8 1710.2 1690.8 1670.7 1650.3 1629.2 1607.7 
 1585.5 1562.8 1539.8 1516.3 1492.2 1467.7 1442.9 1417.8 1392.3 1366.5 
 1340.5 1313.9 1287 1260.4 1232.6 1204.9 1177.5 1149.4 1121.3 1092.9 
 1064.3 1035.5 1006.6 977.6 948.18 919.58 889.6 860.44 830.76 800.96 
 771.45 741.73 712.12 682.43 652.78 623.28 593.72 564.15 535.08 506.21 
 477.01 448.55 420.29 392.47 364.66 337.35 310.29 283.34 256.93 231.01 
 205.49 180.87 156.46 132.62 109.79 87.302 65.664 45.07 25.644 8.2939 
 2.6597 2.5951 2.6084 2.6405 2.7191 2.8102 2.9212 3.0379 3.1742 3.3097 
 3.4456 3.5772 3.732 3.874 4.0249 4.1732 4.3161 4.4646 4.6259 4.7821 
 4.9383 5.1023 5.2619 5.4306 5.5928 5.7551 5.9252 6.0932 6.2889 6.4495 
 6.6456 6.8209 7.007 7.1844 7.3786 7.5731 7.7533 7.9415 8.1309 8.3379 
 8.5321 8.7408 8.9414 9.1372 9.3385 9.5466 9.7515 9.9488 10.142 10.337 
 10.53 10.733 10.934 11.128 11.316 11.505 11.679 11.874 12.044 12.236 
 12.411 12.576 12.764 12.932 13.1 13.269 13.432 13.592 13.749 13.912 
 14.061 14.216 14.364 14.496 14.637 14.747 14.878 14.988 15.097 15.201 
 15.305 15.409 15.486 15.57 15.648 15.707 15.759 15.817 15.85 15.888 
 15.953 
1950.8 1954.1 1952.7 1949.4 1945.6 1940.9 1935.4 1928.6 1921.5 1912.9 
 1904 1893.7 1882.8 1871.1 1858.7 1845.3 1831.3 1816.9 1801.2 1785.2 
 1767.9 1750.3 1732.4 1712.9 1693.9 1673.8 1652.6 1631.9 1609.9 1587.7 
 1565 1541.7 1517.4 1494 1469.4 1444.3 1419.2 1393.5 1367.5 1341.5 
 1314.9 1287.7 1260.7 1233.3 1205.8 1177.8 1150.2 1121.8 1093.4 1064.9 
 1036.7 1007.4 978.19 949.26 920.09 890.83 861.63 832.58 802.46 773.23 
 744.01 714.12 684.78 655.34 625.8 596.53 567.4 538.13 508.73 480.33 
 451.53 422.89 394.81 366.99 339.65 312.4 286.22 259.68 233.93 208.89 
 184.89 160.95 137.31 114.28 91.855 70.282 49.535 29.737 12.594 3.0265 
 2.4215 2.4199 2.4329 2.524 2.6214 2.7244 2.834 2.9582 3.0998 3.2239 
 3.353 3.4903 3.6521 3.7816 3.9312 4.0804 4.2156 4.3724 4.5225 4.6705 
 4.8323 4.9881 5.1494 5.3056 5.4696 5.6309 5.7991 5.9614 6.142 6.298 
 6.4879 6.6502 6.8254 7.0196 7.1993 7.4072 7.5782 7.7712 7.9654 8.1622 
 8.3563 8.5581 8.7581 8.9593 9.168 9.3681 9.5735 9.7683 9.964 10.173 
 10.366 10.561 10.769 10.963 11.152 11.334 11.515 11.708 11.878 12.067 
 12.24 12.477 12.769 13.044 13.307 13.552 13.772 13.936 14.065 14.213 
 14.33 14.453 14.557 14.669 14.772 14.895 14.993 15.096 15.181 15.265 
 15.355 15.434 15.505 15.564 15.628 15.681 15.739 15.791 15.862 15.901 
 15.953 
1950.8 1949.3 1947.1 1944.2 1939.7 1934.4 1928.6 1921.8 1914.2 1905.7 
 1895.7 1885.5 1874 1862.3 1849.2 1835.7 1821.3 1805.9 1790.2 1773.2 
 1756.3 1738 1719.8 1700.3 1679.9 1659.2 1638.1 1616.5 1594.1 1571.5 
 1548.4 1524.6 1500.4 1476 1451.2 1425.9 1400.3 1374.5 1348 1322 
 1294.7 1267.8 1240.4 1212.8 1185.2 1157.2 1129.2 1100.5 1072.4 1044 
 1015.3 986.37 957.47 928.64 899.26 870.57 841.01 812.02 782.5 753.57 
 724.25 694.5 665.35 635.81 606.57 577.87 548.76 519.84 491.28 462.91 
 434.8 407.13 379.74 352.36 325.42 298.98 272.69 246.81 221.74 196.96 
 172.73 149.07 125.94 103.3 81.717 60.425 40.482 21.978 8.1425 2.5409 
 2.2645 2.3037 2.3745 2.4726 2.5698 2.6737 2.7963 2.9141 3.0322 3.1662 
 3.2907 3.4334 3.5686 3.7049 3.8492 3.9912 4.1339 4.2759 4.4183 4.5826 
 4.7298 4.8813 5.0425 5.1966 5.3606 5.5227 5.6712 5.8399 6.0017 6.1654 
 6.3405 6.5074 6.6836 6.8535 7.0414 7.2143 7.3969 7.5739 7.7681 7.967 
 8.1428 8.3385 8.5322 8.7353 8.9216 9.1292 9.3321 9.539 9.7321 9.9262 
 10.122 10.316 10.524 10.72 10.901 11.101 11.284 11.472 11.665 11.842 
 12.028 12.199 12.381 12.549 12.729 12.899 13.073 13.237 13.405 13.554 
 13.715 13.885 14.046 14.203 14.352 14.495 14.631 14.768 14.896 15.012 
 15.137 15.247 15.363 15.455 15.551 15.629 15.707 15.778 15.856 15.901 
 15.953 
1950.8 1943.5 1940.6 1937.4 1932.8 1927.9 1921.7 1914.9 1906.1 1897.2 
 1887.3 1876.7 1865.4 1853 1839.8 1825.7 1811.8 1795.6 1779.1 1762.6 
 1744.8 1726.6 1707.7 1688 1668 1647.1 1625.6 1603.9 1580.9 1558.3 
 1535 1511.4 1487.1 1462.6 1437.6 1412.3 1387.1 1360.7 1334.3 1307.7 
 1280.8 1253.5 1226.6 1199.6 1171.6 1143.7 1116 1087.7 1059.2 1030.7 
 1002.1 973.24 944.69 915.96 886.65 857.81 828.56 799.41 770.2 741.24 
 711.81 682.47 653.42 624.05 595.28 566.61 537.75 509.43 481.03 452.85 
 424.9 397.71 370.52 343.49 317.02 290.84 265.04 239.56 214.61 190.24 
 166.2 143.06 120.05 97.955 76.459 55.76 36.227 18.758 6.8178 3.2372 
 3.2311 3.323 3.4399 3.5691 3.7107 3.8619 4.0096 4.1657 4.3211 4.4893 
 4.6543 4.8203 4.989 5.1531 5.326 5.5038 5.6639 5.8326 6.0222 6.1895 
 6.3717 6.5589 6.7351 6.9179 7.105 7.2797 7.4689 7.6561 7.8438 8.0329 
 8.2152 8.4034 8.59 8.7737 8.9544 9.1406 9.3244 9.5131 9.7062 9.9008 
 10.084 10.265 10.454 10.64 10.822 11.003 11.192 11.379 11.567 11.764 
 11.93 12.114 12.302 12.471 12.639 12.796 12.963 13.119 13.275 13.424 
 13.568 13.728 13.879 14.001 14.136 14.267 14.385 14.52 14.649 14.76 
 14.884 14.988 15.072 15.163 15.253 15.35 15.447 15.545 15.616 15.694 
 15.765 15.824 15.888 15.953 16.018 16.044 16.044 16.044 16.018 16.018 
 15.953 
1950.8 1946.2 1943.8 1941 1936.7 1931.9 1925.5 1918.8 1910.8 1902.2 
 1892.6 1882.2 1871.3 1859 1845.4 1832.1 1817.6 1802.7 1786.4 1769.7 
 1752.3 1734.6 1715.9 1696.5 1676.5 1655.8 1634.7 1613 1590.7 1568 
 1544.9 1521.5 1497 1472.6 1447.7 1422.4 1396.8 1370.7 1345 1318.4 
 1291.3 1264.4 1237.1 1209.9 1181.9 1154.2 1125.8 1097.6 1069.5 1040.8 
 1011.9 983.32 954.23 925.1 896.08 867.11 837.72 808.59 779.37 750.08 
 720.68 691.13 661.7 632.35 603.49 574.37 545.43 516.89 488.13 459.79 
 431.64 403.51 376.04 348.79 322.05 295.29 269.67 243.99 218.66 194.69 
 170.72 147.23 123.94 101.42 79.786 58.693 38.75 20.547 7.5579 3.3637 
 3.29 3.3669 3.4759 3.6182 3.7428 3.8988 4.0461 4.2154 4.3652 4.5343 
 4.697 4.8712 5.0266 5.2022 5.3774 5.5466 5.7194 5.9005 6.0832 6.2516 
 6.4395 6.6223 6.792 6.9851 7.1723 7.3561 7.5427 7.7254 7.9116 8.1077 
 8.297 8.4722 8.6588 8.8396 9.0302 9.2169 9.4051 9.5991 9.7895 9.981 
 10.164 10.354 10.529 10.715 10.911 11.097 11.286 11.476 11.664 11.846 
 12.021 12.207 12.39 12.553 12.72 12.889 13.039 13.189 13.336 13.479 
 13.61 13.753 13.883 14.012 14.122 14.258 14.364 14.486 14.595 14.699 
 14.803 14.901 14.967 15.044 15.122 15.2 15.291 15.375 15.44 15.498 
 15.557 15.602 15.641 15.699 15.758 15.797 15.823 15.855 15.856 15.856 
 15.953 
1950.8 1947.5 1945.7 1942.5 1938.6 1934.1 1928.6 1922.1 1914.6 1906.5 
 1897.7 1887.8 1877.3 1865.3 1853.3 1840.3 1826.3 1812 1796.7 1781 
 1763.8 1746.2 1728.3 1709.5 1690.3 1670.3 1649.8 1628.7 1607.3 1585 
 1561.9 1539 1515.4 1491.5 1466.9 1442.1 1417.1 1391.8 1365.5 1339.3 
 1312.7 1286.5 1259.3 1232 1204 1176.3 1148.8 1120.2 1091.9 1063.4 
 1034.7 1005.7 976.84 947.71 918.52 889.58 860.29 831.33 801.74 772.5 
 743.24 713.78 684.43 654.78 625.58 596.4 567.12 538.29 509.25 480.51 
 451.84 423.68 395.98 368.3 340.96 313.88 287.4 260.95 235.18 210.03 
 185.03 160.97 137.18 114.28 91.712 69.879 49.201 29.468 12.474 3.8359 
 3.485 3.5693 3.6659 3.7961 3.9392 4.0744 4.2375 4.4002 4.5621 4.7377 
 4.9009 5.0692 5.242 5.4242 5.5929 5.7696 5.9448 6.1256 6.3146 6.4831 
 6.6761 6.8598 7.041 7.2232 7.4057 7.6036 7.7798 7.969 8.1509 8.3514 
 8.538 8.7262 8.9039 9.0858 9.2778 9.466 9.6557 9.8429 10.038 10.227 
 10.422 10.617 10.804 10.987 11.174 11.361 11.543 11.724 11.924 12.095 
 12.282 12.451 12.614 12.79 12.958 13.127 13.276 13.417 13.568 13.704 
 13.84 13.988 14.111 14.241 14.371 14.482 14.612 14.735 14.844 14.948 
 15.039 15.137 15.214 15.273 15.356 15.428 15.519 15.578 15.636 15.694 
 15.759 15.797 15.824 15.862 15.908 15.927 15.927 15.927 15.927 15.927 
 15.953 
1950.8 1948.2 1946.6 1944.3 1941.2 1936.8 1931.4 1925.4 1918.4 1911.1 
 1902.8 1893.1 1882.9 1871.9 1860.5 1848.3 1835 1820.8 1806.1 1790.7 
 1774.8 1757.7 1740.2 1722.3 1703.8 1684.8 1664.5 1643.8 1622.3 1601 
 1578.7 1556 1533 1509.5 1485.5 1460.9 1436.4 1411 1385.8 1359.7 
 1333.7 1307.1 1280 1253.6 1226 1198.5 1170.6 1142.7 1114.9 1086.3 
 1057.4 1028.5 999.73 970.92 942.16 912.57 883.35 854.06 824.81 795.05 
 765.42 735.95 706.48 676.6 647.35 617.73 588.29 559.39 530.23 501.31 
 472.35 444.05 415.5 387.39 359.91 332.17 305.48 278.73 252.54 226.58 
 201.96 177.35 153 129.43 106.45 84.048 62.455 41.735 22.382 6.5563 
 3.7663 3.7305 3.7498 3.8405 3.9624 4.1125 4.2557 4.4114 4.5926 4.76 
 4.9287 5.1043 5.2859 5.4492 5.6239 5.8041 5.9748 6.1668 6.3437 6.518 
 6.714 6.8893 7.0695 7.2522 7.4344 7.6279 7.8172 8.0054 8.1856 8.3737 
 8.5683 8.7581 8.9389 9.1319 9.3132 9.4974 9.691 9.8862 10.068 10.256 
 10.436 10.624 10.813 10.977 11.165 11.35 11.534 11.709 11.896 12.073 
 12.248 12.43 12.59 12.766 12.934 13.091 13.253 13.397 13.532 13.675 
 13.818 13.96 14.09 14.221 14.343 14.473 14.59 14.694 14.816 14.926 
 15.012 15.102 15.18 15.245 15.311 15.401 15.473 15.544 15.595 15.654 
 15.706 15.738 15.771 15.823 15.868 15.894 15.907 15.933 15.927 15.927 
 15.953 
1950.8 1953.1 1952.3 1949.6 1947 1943.4 1938.5 1932.9 1927.2 1919.9 
 1912 1903.4 1893.3 1882.4 1871.1 1859.6 1846.7 1833.6 1819.3 1804.4 
 1788.3 1772 1755.2 1736.9 1719.2 1700.5 1680.8 1660.4 1639.5 1618.8 
 1596.2 1574.3 1551.6 1528.5 1504.7 1480.6 1456 1431.1 1405.9 1380.5 
 1354.2 1328.3 1301.4 1274.2 1247.1 1219.8 1191.9 1164.3 1136.2 1107.3 
 1079.2 1050.2 1021.2 992.15 962.82 933.57 904.16 874.76 845.4 815.16 
 785.75 756.04 726.19 696.17 666.67 636.95 607.3 578.21 548.59 519.51 
 490.45 461.79 433.03 405.18 377.34 349.5 322.22 295.35 268.61 242.68 
 217.03 192.08 167.56 143.88 120.62 97.939 76.208 55.361 35.412 17.042 
 4.1646 3.9968 3.9964 4.0093 4.0551 4.1516 4.2824 4.4193 4.6 4.7618 
 4.943 5.1237 5.3069 5.4886 5.6638 5.8371 6.0256 6.2084 6.396 6.5793 
 6.7669 6.9487 7.1363 7.317 7.5127 7.6939 7.8766 8.0713 8.2649 8.4466 
 8.6348 8.81 8.9977 9.1799 9.3606 9.5557 9.7429 9.9306 10.115 10.294 
 10.49 10.658 10.853 11.027 11.205 11.379 11.553 11.735 11.903 12.085 
 12.267 12.417 12.58 12.741 12.902 13.059 13.202 13.358 13.493 13.637 
 13.773 13.91 14.044 14.168 14.298 14.403 14.531 14.643 14.752 14.864 
 14.96 15.052 15.129 15.214 15.284 15.369 15.453 15.524 15.584 15.641 
 15.7 15.739 15.778 15.836 15.895 15.927 15.966 15.96 15.96 15.96 
 15.953 
1950.8 1957.7 1956.7 1955.1 1952.5 1949.4 1944.2 1938.8 1932.5 1924.8 
 1917.2 1908.5 1898.8 1888.4 1877.4 1865.2 1852.3 1839 1824.5 1809.8 
 1794.1 1777.7 1760.7 1743.1 1724.8 1705.3 1685.6 1665.3 1644.8 1624.1 
 1601.9 1579.4 1556.5 1532.8 1509.3 1484.8 1460.6 1435.5 1410.1 1384.4 
 1358.2 1331.8 1305.2 1278.3 1250.5 1223.3 1195.5 1166.9 1138.9 1110.9 
 1082.2 1053.2 1024.2 994.78 965.49 936.54 906.66 876.91 847.33 817.63 
 787.8 758.05 727.93 697.62 668.35 638.52 608.67 579.36 549.95 520.62 
 491.26 462.49 433.67 405.27 377.45 349.36 322.17 295 268.52 242.2 
 216.51 192.14 167.79 143.86 120.39 97.613 75.561 54.323 34.238 15.399 
 3.9936 3.6741 3.672 3.7108 3.8207 3.95 4.0734 4.2423 4.3985 4.5663 
 4.7345 4.9151 5.0914 5.2541 5.4417 5.6028 5.7802 5.9544 6.1346 6.3104 
 6.492 6.6613 6.8563 7.0361 7.2247 7.3946 7.588 7.7644 7.9535 8.1333 
 8.3214 8.5235 8.7053 8.8875 9.0757 9.2564 9.445 9.6332 9.8214 10.015 
 10.191 10.378 10.56 10.741 10.911 11.093 11.273 11.448 11.637 11.813 
 11.975 12.157 12.318 12.499 12.657 12.811 12.955 13.098 13.247 13.39 
 13.52 13.668 13.799 13.921 14.045 14.162 14.29 14.402 14.524 14.628 
 14.719 14.816 14.888 14.954 15.044 15.122 15.2 15.285 15.35 15.401 
 15.453 15.498 15.557 15.615 15.686 15.726 15.771 15.804 15.836 15.849 
 15.953 
1950.8 1956 1955.5 1953.2 1950.8 1947.5 1943.8 1938.4 1931.6 1924.5 
 1916.4 1907.9 1898.2 1887.3 1875.8 1863.9 1851.2 1837.5 1822.8 1807.6 
 1791.7 1774.8 1757.9 1740 1720.4 1701.4 1681.5 1661 1639.8 1618.8 
 1596.1 1573.5 1550.2 1526.9 1502.5 1477.9 1453 1428.3 1402.8 1376.8 
 1350.4 1323.7 1297 1269.7 1242.2 1214.8 1186.9 1158.6 1130.5 1102 
 1073.3 1044.4 1015.8 986.54 956.98 928.11 898.24 869 839.21 809.73 
 780.33 750.53 720.82 690.81 661.61 632.31 602.64 573.27 543.72 514.55 
 485.6 456.93 428.52 400.63 372.75 345.05 318 291.25 264.83 239.01 
 213.57 188.87 164.54 140.95 117.79 95.133 73.643 52.445 32.672 14.744 
 4.1243 3.3742 3.4448 3.5494 3.6599 3.7966 3.9378 4.087 4.2437 4.4119 
 4.576 4.7438 4.9102 5.0753 5.25 5.4228 5.5985 5.7603 5.9374 6.1072 
 6.2924 6.4741 6.6493 6.8374 7.0147 7.1949 7.3761 7.5637 7.7474 7.9228 
 8.1282 8.2975 8.4812 8.6625 8.8496 9.026 9.2244 9.4191 9.6099 9.7955 
 9.9858 10.18 10.361 10.55 10.743 10.925 11.107 11.296 11.498 11.685 
 11.873 12.055 12.229 12.399 12.58 12.749 12.911 13.059 13.216 13.364 
 13.502 13.644 13.786 13.917 14.053 14.175 14.305 14.423 14.546 14.642 
 14.753 14.85 14.941 15.019 15.09 15.168 15.265 15.337 15.427 15.486 
 15.544 15.603 15.661 15.778 15.817 15.869 15.895 15.921 15.921 15.921 
 15.953 
1950.8 1950.3 1950.2 1948.5 1946.2 1942.9 1938.6 1933.3 1927 1919.3 
 1911.6 1902.4 1892.6 1882 1870.3 1857.7 1844.4 1830.2 1815.3 1799.8 
 1783.2 1766.5 1749.1 1730.2 1711.3 1691.4 1671.5 1650.5 1628.6 1606.8 
 1584.1 1561.2 1537.6 1514.1 1489.3 1464.8 1440 1414.2 1388.4 1362.1 
 1335.9 1309.1 1282.1 1254.8 1227.2 1199.5 1171.4 1143.5 1115.1 1086.8 
 1058.5 1029.7 1000.5 971.49 942.63 913.54 884.29 855.08 825.64 796.3 
 766.7 737.05 707.63 677.8 648.47 619.28 589.85 561 532.07 503.25 
 474.51 446.18 418.13 390.23 362.91 335.58 308.83 282.65 256.75 231.43 
 207.24 183.06 159.09 135.85 113.18 90.883 69.568 48.949 29.644 13.244 
 4.109 3.2135 3.2241 3.3268 3.4566 3.5871 3.7286 3.8794 4.0335 4.1965 
 4.3587 4.5154 4.6813 4.85 5.027 5.1953 5.3641 5.5263 5.7064 5.8762 
 6.0573 6.2345 6.4152 6.5964 6.7825 6.9589 7.14 7.3291 7.5124 7.7065 
 7.8863 8.0685 8.2581 8.4468 8.6345 8.8217 9.0044 9.205 9.3932 9.5809 
 9.7803 9.9633 10.159 10.346 10.541 10.733 10.928 11.138 11.324 11.54 
 11.721 11.917 12.093 12.278 12.462 12.648 12.819 12.987 13.143 13.299 
 13.459 13.61 13.759 13.901 14.051 14.175 14.318 14.447 14.57 14.688 
 14.785 14.888 14.992 15.063 15.16 15.245 15.342 15.427 15.485 15.557 
 15.635 15.687 15.726 15.784 15.817 15.843 15.869 15.882 15.888 15.888 
 15.953 
1950.8 1944.8 1943.8 1942.1 1939.4 1936.2 1931.7 1926.2 1919.4 1912.4 
 1904.3 1895.1 1885.1 1874.3 1862.8 1850.3 1837.3 1822.9 1808 1792.3 
 1776.3 1759.1 1741.3 1723.1 1704.2 1684.4 1663.9 1642.9 1621.3 1599.7 
 1576.8 1553.5 1530.3 1506.5 1482.3 1457.7 1432.5 1406.8 1381 1355.2 
 1328.8 1301.8 1274.5 1247.5 1220.3 1192.8 1165.2 1136.9 1109 1080.4 
 1052.1 1023.3 994.39 965.56 936.64 907.77 878.38 849.41 820.31 790.83 
 761.55 732.09 702.71 673.44 644.27 615.43 586 557.21 528.62 500.22 
 471.69 443.52 415.65 388.02 360.83 333.79 307.19 281.22 255.25 230.21 
 206.21 182.21 158.42 135.05 112.48 90.494 69.185 48.752 29.544 13.192 
 3.4606 2.17 2.1409 2.1603 2.2314 2.3224 2.4257 2.5298 2.652 2.764 
 2.8931 3.0154 3.1454 3.2685 3.4122 3.5424 3.6836 3.8195 3.9682 4.1118 
 4.2414 4.3916 4.5469 4.6966 4.8524 5.0146 5.1578 5.3256 5.4818 5.65 
 5.8114 5.9672 6.1492 6.3129 6.4991 6.6758 6.8427 7.0242 7.2059 7.3881 
 7.5752 7.7575 7.9456 8.1348 8.3419 8.5377 8.7259 8.9184 9.1282 9.3223 
 9.516 9.7176 9.9134 10.108 10.295 10.482 10.683 10.87 11.053 11.248 
 11.443 11.626 11.82 12.006 12.191 12.389 12.558 12.735 12.916 13.097 
 13.274 13.468 13.641 13.829 13.993 14.168 14.325 14.491 14.648 14.81 
 14.953 15.103 15.245 15.374 15.479 15.582 15.693 15.777 15.843 15.934 
 15.953 
1950.8 1948.2 1947.8 1946.2 1943.8 1940.1 1936.2 1931.2 1924.5 1917.6 
 1909.4 1900.4 1890.3 1879.3 1868.3 1856 1842.5 1828.2 1813.5 1797.5 
 1781.6 1765 1746.8 1728.7 1709.4 1690 1669.5 1648.9 1627.6 1605.5 
 1583.2 1560.1 1536.7 1513 1488.9 1464 1439.3 1413.8 1388.1 1361.9 
 1335.4 1308.5 1281.7 1254.7 1227.5 1199.6 1171.8 1143.9 1115.5 1087.3 
 1058.7 1030.2 1001.1 972.51 943.46 914.37 885.24 856.27 826.84 797.78 
 768.18 738.76 709.42 679.8 650.76 621.53 592.27 563.38 534.67 506.11 
 477.29 449.14 421.37 393.92 366.47 339.47 312.76 286.37 260.5 235.28 
 210.25 185.91 161.73 138.34 115.56 93.356 71.651 50.875 31.316 14.22 
 3.6637 2.1539 2.1736 2.2387 2.3099 2.3888 2.4982 2.6028 2.707 2.8367 
 2.9593 3.0823 3.2057 3.348 3.4718 3.6148 3.75 3.8879 4.031 4.173 
 4.3222 4.4642 4.6139 4.7684 4.9254 5.0799 5.23 5.3914 5.556 5.7053 
 5.8781 6.0482 6.2155 6.3913 6.572 6.7407 6.9249 7.1111 7.2923 7.483 
 7.6692 7.8639 8.0651 8.2722 8.4821 8.6903 8.8946 9.0926 9.2986 9.5062 
 9.7063 9.928 10.135 10.349 10.551 10.752 10.953 11.154 11.347 11.529 
 11.731 11.924 12.114 12.309 12.485 12.673 12.861 13.043 13.211 13.397 
 13.575 13.756 13.925 14.094 14.262 14.416 14.559 14.714 14.84 14.987 
 15.104 15.214 15.324 15.435 15.493 15.584 15.655 15.726 15.791 15.849 
 15.953 
1950.8 1948.1 1947.2 1945.7 1942.8 1939.2 1935.3 1929.7 1923.5 1916.1 
 1908.8 1899.6 1889.7 1878.9 1867.5 1855.2 1842.3 1828 1813.7 1798.4 
 1782 1765.4 1748 1730 1711.1 1691.8 1672.1 1651.5 1630.5 1608.8 
 1586.5 1564.2 1541 1517.5 1493.7 1469.3 1444.9 1419.1 1393.9 1368.1 
 1341.6 1315.2 1288.3 1261.1 1233.9 1206.3 1178.8 1151.1 1122.6 1094.2 
 1066 1037.5 1008.6 979.81 950.53 921.63 892.42 863.42 833.8 804.47 
 775.31 745.84 716.51 687.16 657.74 628.55 599.49 570.28 541.38 512.45 
 483.47 455.02 426.82 398.59 370.77 343.43 316.67 290 263.74 238.41 
 212.81 188.91 165.02 141.37 118.24 95.759 73.915 52.805 32.839 14.549 
 3.3438 2.3045 2.2902 2.2965 2.3544 2.4506 2.5425 2.6598 2.7878 2.9061 
 3.029 3.1659 3.2889 3.4312 3.5788 3.7153 3.8635 3.9883 4.1454 4.2935 
 4.4306 4.5932 4.742 4.9024 5.0578 5.2131 5.3779 5.5207 5.694 5.8632 
 6.0393 6.2522 6.4804 6.6692 6.8416 6.966 7.1213 7.3236 7.4979 7.6855 
 7.8987 8.0942 8.2964 8.5175 8.7187 8.9323 9.1319 9.3336 9.554 9.7612 
 9.9624 10.17 10.371 10.579 10.775 10.977 11.17 11.364 11.56 11.742 
 11.922 12.099 12.287 12.474 12.642 12.826 12.992 13.156 13.325 13.486 
 13.655 13.816 13.974 14.134 14.285 14.44 14.578 14.713 14.85 14.973 
 15.076 15.193 15.303 15.388 15.479 15.576 15.641 15.732 15.797 15.855 
 15.953 
1950.8 1949 1947.8 1945.5 1942.8 1939.3 1934.1 1929.1 1922.5 1915.3 
 1907.2 1898.7 1889 1878.4 1867.2 1855.2 1842.4 1828.8 1814.7 1799.8 
 1784 1767.4 1750 1732.6 1714.7 1695.2 1675.6 1655.8 1634.5 1613.4 
 1591.5 1569.1 1545.7 1522.9 1499.6 1475.2 1450.8 1425.7 1400.3 1375.1 
 1348.8 1322.6 1296.2 1269.2 1242 1214.7 1187.1 1159.5 1131.4 1103.3 
 1075.3 1046.5 1017.6 988.97 959.8 930.8 901.73 872.84 843.31 814.05 
 784.62 755 725.68 695.87 666.63 637.27 607.98 578.94 549.71 521.01 
 491.85 463.39 435.2 407.24 379.9 352.57 325.58 298.34 271.75 245.98 
 220.21 195.46 171.02 146.92 123.67 100.8 78.87 57.46 37.114 18.009 
 3.7642 2.5043 2.5108 2.5237 2.5767 2.6543 2.7447 2.8489 2.9667 3.1082 
 3.238 3.3691 3.5179 3.6601 3.7906 3.9462 4.089 4.2386 4.3859 4.5373 
 4.6927 4.8556 5.0093 5.1789 5.3394 5.5215 5.6727 5.8469 6.0163 6.2034 
 6.3856 6.5669 6.7561 6.9427 7.1234 7.3206 7.5063 7.7031 7.8983 8.0903 
 8.2809 8.4937 8.6897 8.9079 9.1044 9.3183 9.513 9.7067 9.9154 10.114 
 10.325 10.518 10.713 10.908 11.089 11.265 11.458 11.639 11.821 12.003 
 12.173 12.355 12.535 12.703 12.866 13.027 13.192 13.358 13.516 13.677 
 13.839 13.996 14.144 14.3 14.436 14.573 14.695 14.825 14.942 15.053 
 15.169 15.266 15.37 15.461 15.551 15.642 15.713 15.798 15.862 15.921 
 15.953 
1950.8 1953.5 1951.8 1949 1945.6 1941.8 1937.1 1931.4 1924.9 1917.8 
 1909 1900.3 1890.2 1879.4 1868.1 1855.8 1842.9 1829.7 1815 1799.8 
 1783.9 1767.2 1749.7 1731.9 1713.6 1694.7 1674.7 1654.3 1633.7 1613.1 
 1590.9 1568.7 1545.6 1522.3 1498.3 1474.5 1450.1 1424.6 1399.7 1373.9 
 1348.2 1321.6 1294.9 1268.5 1241.1 1213.9 1185.9 1158.4 1130.1 1101.8 
 1073.7 1044.9 1016.2 987.32 958.01 929.25 899.9 870.51 841.03 811.41 
 781.93 752.37 722.9 693.26 663.53 634.29 604.94 575.6 546.41 517.46 
 488.39 459.71 431.52 403.13 375.58 347.78 320.66 293.7 267.59 241.84 
 216.38 192.38 168.37 144.58 121.45 99.051 77.197 56.207 36.397 17.707 
 3.7378 3.0721 2.8734 2.7766 2.7572 2.7573 2.8231 2.9197 3.0499 3.1914 
 3.3289 3.4786 3.6254 3.7746 3.9308 4.0823 4.2504 4.4045 4.5676 4.7358 
 4.893 5.0663 5.2368 5.3991 5.5614 5.7362 5.9164 6.0861 6.2733 6.4485 
 6.6312 6.8189 7.0011 7.1893 7.3819 7.5721 7.7583 7.9594 8.1422 8.345 
 8.5499 8.7516 8.9539 9.1593 9.361 9.5557 9.7563 9.9725 10.147 10.347 
 10.536 10.737 10.921 11.106 11.289 11.47 11.66 11.828 12.016 12.191 
 12.378 12.555 12.724 12.891 13.053 13.216 13.372 13.54 13.69 13.831 
 13.988 14.129 14.287 14.423 14.572 14.708 14.831 14.955 15.064 15.162 
 15.272 15.363 15.461 15.538 15.616 15.681 15.746 15.817 15.876 15.921 
 15.953 
