IESNA:LM-63-2002
[TEST] 1
[TESTLAB] 
[TESTDATE] 2025-02-20
[ISSUEDATE] 2025-02-21 09:00:45
[LAMPPOSITION] 0,0
[OTHER] EVERFINE GO-2000A_V1 SYSTEM
[MANUFAC] 
[LUMINAIRE] 40W-6500K
[LAMP] DB77E-4-50L-UD-P-A5W5C5
TILT=NONE
1 5220.3 1 181 17 1 2 0.060 1.200 0.000
1.000 1 39.8448
0.0    1.0    2.0    3.0    4.0    5.0    6.0    7.0    8.0    9.0    
 10.0   11.0   12.0   13.0   14.0   15.0   16.0   17.0   18.0   19.0   
 20.0   21.0   22.0   23.0   24.0   25.0   26.0   27.0   28.0   29.0   
 30.0   31.0   32.0   33.0   34.0   35.0   36.0   37.0   38.0   39.0   
 40.0   41.0   42.0   43.0   44.0   45.0   46.0   47.0   48.0   49.0   
 50.0   51.0   52.0   53.0   54.0   55.0   56.0   57.0   58.0   59.0   
 60.0   61.0   62.0   63.0   64.0   65.0   66.0   67.0   68.0   69.0   
 70.0   71.0   72.0   73.0   74.0   75.0   76.0   77.0   78.0   79.0   
 80.0   81.0   82.0   83.0   84.0   85.0   86.0   87.0   88.0   89.0   
 90.0   91.0   92.0   93.0   94.0   95.0   96.0   97.0   98.0   99.0   
 100.0  101.0  102.0  103.0  104.0  105.0  106.0  107.0  108.0  109.0  
 110.0  111.0  112.0  113.0  114.0  115.0  116.0  117.0  118.0  119.0  
 120.0  121.0  122.0  123.0  124.0  125.0  126.0  127.0  128.0  129.0  
 130.0  131.0  132.0  133.0  134.0  135.0  136.0  137.0  138.0  139.0  
 140.0  141.0  142.0  143.0  144.0  145.0  146.0  147.0  148.0  149.0  
 150.0  151.0  152.0  153.0  154.0  155.0  156.0  157.0  158.0  159.0  
 160.0  161.0  162.0  163.0  164.0  165.0  166.0  167.0  168.0  169.0  
 170.0  171.0  172.0  173.0  174.0  175.0  176.0  177.0  178.0  179.0  
 180.0  
0.0    22.5   45.0   67.5   90.0   112.5  135.0  157.5  180.0  202.5  
 225.0  247.5  270.0  292.5  315.0  337.5  360.0  
1944.3 1944.9 1943.3 1940.9 1937.5 1933.8 1928.8 1923 1916.5 1909.2 
 1901.1 1891.9 1882.5 1871.8 1860.1 1848 1835.4 1822.2 1807.4 1792.5 
 1776.4 1760 1743.1 1725.5 1706.8 1688.1 1668.2 1648.9 1627.9 1606.5 
 1584.7 1562.9 1540.6 1517.1 1493.6 1469.4 1445.1 1420.9 1395.5 1369.7 
 1344.1 1318.2 1291 1264.6 1237.6 1210.3 1182.9 1155.2 1127.3 1099 
 1071.3 1042.5 1013.7 984.73 955.86 926.89 897.88 868.67 839.38 809.72 
 780.6 751.16 721.52 691.89 662.45 633.2 603.64 574.56 545.27 516.78 
 487.72 458.99 431.03 402.64 374.68 347.28 320.24 293.41 267.31 241.55 
 216.16 192.08 168 144.32 121.26 98.79 77.165 55.976 36.203 17.667 
 3.7025 3.0167 2.8221 2.725 2.7055 2.7118 2.7505 2.8548 2.9771 3.1083 
 3.2559 3.4064 3.5415 3.6967 3.8469 4.0091 4.1579 4.3145 4.4642 4.6316 
 4.8003 4.9574 5.1243 5.2879 5.4617 5.6231 5.7922 5.9738 6.1445 6.3302 
 6.5129 6.6886 6.8753 7.058 7.2402 7.4414 7.6172 7.8237 8.0104 8.2136 
 8.4184 8.6084 8.8095 8.9988 9.2053 9.399 9.5947 9.8001 9.989 10.189 
 10.385 10.586 10.775 10.95 11.139 11.314 11.495 11.677 11.858 12.035 
 12.208 12.385 12.546 12.728 12.889 13.053 13.215 13.377 13.525 13.676 
 13.825 13.961 14.116 14.247 14.39 14.519 14.649 14.773 14.882 14.973 
 15.076 15.174 15.278 15.355 15.427 15.499 15.57 15.622 15.694 15.732 
 15.771 
1944.3 1946.4 1944.8 1941.8 1938.6 1934 1928.9 1923.2 1916 1908.8 
 1900.5 1890.7 1880.4 1869.6 1858.2 1845.4 1832.2 1818.4 1804.2 1787.9 
 1772.2 1755.7 1738.4 1720.2 1701.6 1682.8 1662.6 1642.2 1621 1599.9 
 1577.9 1555.5 1532.5 1509.1 1485.4 1461 1436.9 1412.1 1385.8 1360.7 
 1334.4 1307.9 1281.6 1254.6 1227.4 1199.9 1172.7 1144.7 1116.5 1088.6 
 1060.2 1031.6 1002.8 974.26 945.05 915.91 886.51 857.3 827.91 798.59 
 768.85 739.28 709.77 680.25 650.71 621.36 591.93 562.59 533.46 504.47 
 475.64 447.05 418.66 391.02 363.38 336 308.86 282.09 255.8 229.93 
 204.45 179.78 155.49 131.8 108.89 86.456 64.904 44.331 25.005 7.9902 
 2.6133 2.5496 2.5502 2.5895 2.6667 2.7582 2.8563 2.9726 3.1034 3.2319 
 3.3682 3.5116 3.6408 3.7905 3.9393 4.0829 4.2301 4.3738 4.5355 4.6848 
 4.8354 4.9971 5.1479 5.3148 5.4825 5.6465 5.8082 5.9638 6.1445 6.3203 
 6.5088 6.6761 6.8664 7.0539 7.2228 7.4159 7.6036 7.7884 7.98 8.1817 
 8.3887 8.5646 8.7738 8.9693 9.181 9.3703 9.5698 9.7741 9.9935 10.174 
 10.383 10.583 10.779 10.978 11.161 11.335 11.518 11.718 11.899 12.082 
 12.27 12.438 12.62 12.783 12.958 13.118 13.269 13.444 13.592 13.742 
 13.899 14.054 14.195 14.326 14.461 14.578 14.708 14.812 14.923 15.026 
 15.124 15.214 15.304 15.389 15.454 15.518 15.57 15.616 15.668 15.706 
 15.771 
1944.3 1942.5 1940.4 1937.4 1933.8 1928.8 1923.3 1917.1 1909.2 1901.2 
 1891.7 1881.8 1870.9 1859.6 1847.2 1834.3 1820.2 1805.7 1790.2 1774.3 
 1757.5 1740.2 1722 1703.2 1683.9 1663.7 1643.5 1622.7 1601.3 1578.7 
 1556.1 1533.2 1509.6 1486 1461.5 1437.3 1412 1386.3 1360.6 1334.5 
 1308.2 1281.5 1254.4 1227.6 1200.1 1172.1 1144.6 1116.6 1088.5 1059.9 
 1031.5 1002.7 973.96 945 915.76 886.94 857.63 828.51 799.03 770.02 
 740.6 710.97 681.86 652.46 623.22 594.2 564.85 535.76 507.08 478.28 
 449.74 421.2 393.37 365.43 338.08 310.99 284.79 258.4 232.79 207.53 
 183.87 159.85 136.4 113.42 91.228 69.697 48.963 29.385 12.26 2.9853 
 2.4048 2.4004 2.4068 2.4906 2.5949 2.6914 2.8144 2.932 3.0599 3.1785 
 3.3144 3.4431 3.5857 3.7221 3.8595 4.0022 4.1514 4.2881 4.4426 4.5851 
 4.7354 4.9027 5.0514 5.2014 5.3695 5.525 5.6803 5.8561 6.0117 6.1866 
 6.3568 6.5315 6.7131 6.8953 7.0691 7.2571 7.4339 7.6392 7.8232 8.0291 
 8.2175 8.4126 8.6089 8.8137 9.0022 9.2101 9.4001 9.5996 9.7938 10.008 
 10.196 10.391 10.574 10.789 10.962 11.151 11.339 11.5 11.688 11.877 
 12.047 12.292 12.579 12.863 13.14 13.394 13.596 13.767 13.908 14.044 
 14.161 14.285 14.376 14.492 14.591 14.707 14.803 14.901 14.98 15.083 
 15.154 15.232 15.317 15.368 15.44 15.498 15.544 15.59 15.654 15.7 
 15.771 
1944.3 1936.4 1934.4 1931.1 1926.7 1922 1916.2 1909.4 1901.7 1893 
 1884 1873.4 1861.7 1849.8 1837.3 1823.7 1809.2 1794.3 1778.3 1761.5 
 1744.7 1727 1708.1 1689.3 1669.4 1648.7 1627.9 1606.5 1584.1 1561.6 
 1539.2 1515.3 1491.6 1467.1 1442.8 1417.1 1392 1366.4 1340.1 1314.3 
 1287.3 1260.7 1233.5 1205.8 1178.3 1150.6 1123.1 1094.7 1066.6 1038.2 
 1009.6 981.16 952.52 923.73 894.89 866.22 836.77 807.67 778.57 749.24 
 720.21 690.86 661.71 632.6 603.26 574.62 545.49 517.03 488.5 460.34 
 432.1 404.8 377.49 350.19 323.51 296.92 270.93 245.23 220.1 195.54 
 171.17 147.76 124.65 102.15 80.478 59.478 39.483 21.273 7.6362 2.4617 
 2.2383 2.2779 2.3488 2.434 2.5312 2.6409 2.7462 2.8745 2.9917 3.1143 
 3.2377 3.3808 3.5109 3.6472 3.7835 3.9194 4.0565 4.1977 4.3534 4.4962 
 4.6472 4.8028 4.9514 5.1143 5.262 5.4254 5.5799 5.7356 5.8919 6.0606 
 6.2219 6.3907 6.5728 6.7431 6.9223 7.0975 7.2662 7.4569 7.6386 7.8189 
 8.0092 8.2029 8.4028 8.5858 8.7912 8.9814 9.1682 9.3823 9.5786 9.7792 
 9.9787 10.17 10.377 10.563 10.753 10.939 11.114 11.291 11.483 11.658 
 11.84 12.023 12.197 12.385 12.562 12.737 12.904 13.054 13.217 13.379 
 13.542 13.697 13.845 14.014 14.15 14.299 14.436 14.566 14.695 14.805 
 14.936 15.04 15.15 15.252 15.343 15.441 15.506 15.564 15.635 15.7 
 15.771 
1944.3 1944.1 1941.7 1939 1934.5 1929.4 1923.5 1916.2 1908 1899.2 
 1889.2 1878.6 1867.2 1854.8 1841.4 1827.3 1812.9 1797.3 1781.7 1764.7 
 1747.5 1729 1710.3 1690.6 1670.5 1649.6 1628.5 1606.9 1584.2 1561.5 
 1538.2 1514.4 1490.6 1465.8 1440.9 1415.5 1389.5 1363.9 1337.8 1311.2 
 1284.5 1257.2 1230 1202.4 1174.8 1146.9 1118.7 1090.2 1062.3 1033.4 
 1004.6 975.92 947.11 918.36 889.13 860.46 831.33 801.9 772.51 743.15 
 713.86 684.55 655.43 625.85 597.37 568.5 539.5 510.83 482.47 454.35 
 426.11 398.86 371.62 344.39 318.01 291.39 265.46 240.03 214.94 190.43 
 166.5 143.11 120.11 97.832 76.157 55.477 35.913 18.47 6.5146 3.1924 
 3.2503 3.3422 3.4641 3.595 3.7313 3.8806 4.0367 4.187 4.3466 4.5106 
 4.6775 4.8467 5.0015 5.1781 5.3524 5.5336 5.6913 5.8724 6.0333 6.2155 
 6.3981 6.574 6.7626 6.9437 7.124 7.3052 7.5018 7.6815 7.8648 8.0525 
 8.2406 8.4169 8.6045 8.7907 8.9804 9.1665 9.3482 9.5299 9.7186 9.9073 
 10.097 10.285 10.46 10.648 10.848 11.03 11.21 11.394 11.57 11.758 
 11.938 12.114 12.294 12.464 12.639 12.789 12.963 13.105 13.255 13.405 
 13.546 13.683 13.826 13.963 14.087 14.21 14.339 14.468 14.597 14.709 
 14.845 14.922 15.026 15.104 15.195 15.298 15.389 15.473 15.552 15.63 
 15.714 15.791 15.824 15.908 15.959 15.985 15.985 15.985 15.972 15.972 
 15.771 
1944.3 1944.9 1942.9 1939.3 1934.9 1930 1925 1917.4 1909.4 1901.1 
 1891.9 1881.3 1870.1 1858.3 1845 1831.6 1817.3 1802.2 1785.9 1769.4 
 1751.8 1734.2 1715.4 1696.2 1675.9 1655.6 1634.1 1612.7 1590 1568 
 1544.5 1521.6 1497 1473 1448.3 1423.1 1397.7 1371.2 1345.5 1318.9 
 1291.9 1264.9 1237.9 1210.3 1182.5 1154.7 1126.6 1098.1 1069.9 1041.4 
 1012.8 983.77 955 925.99 896.85 867.85 838.5 809.57 780.27 750.93 
 721.11 691.84 662.67 633.18 604.13 574.94 545.71 517.23 488.54 459.83 
 431.63 403.86 376.11 348.73 321.89 295.29 269.32 243.42 218.24 194.15 
 170.06 146.73 123.44 100.9 79.139 58.035 38.111 19.937 7.0593 3.3553 
 3.296 3.3861 3.4957 3.6263 3.7622 3.9178 4.0727 4.2353 4.3971 4.5598 
 4.7271 4.9027 5.0578 5.2327 5.4034 5.5771 5.7459 5.922 6.1101 6.2854 
 6.4665 6.6409 6.816 7.0115 7.1943 7.38 7.5627 7.7498 7.9395 8.1218 
 8.302 8.4901 8.6793 8.8601 9.0482 9.2314 9.4126 9.5933 9.7884 9.9777 
 10.164 10.354 10.534 10.729 10.922 11.105 11.287 11.469 11.651 11.839 
 12.012 12.201 12.369 12.533 12.695 12.85 13.012 13.156 13.292 13.428 
 13.558 13.688 13.831 13.954 14.071 14.174 14.291 14.414 14.512 14.621 
 14.733 14.811 14.888 14.953 15.031 15.115 15.206 15.271 15.349 15.413 
 15.473 15.512 15.557 15.615 15.667 15.713 15.732 15.745 15.758 15.758 
 15.771 
1944.3 1943.6 1941.6 1938.8 1935.4 1930.5 1925 1918.7 1911.7 1903.4 
 1894.1 1884.4 1873.8 1862.9 1851.2 1837.6 1823.6 1809.5 1794.3 1778.2 
 1761.4 1744.2 1725.9 1708 1688.3 1668 1648.1 1627.1 1605.2 1583.3 
 1560.9 1537.8 1514.6 1490.4 1466.1 1441.6 1416.6 1390.9 1365.3 1339.3 
 1312.7 1286.5 1259 1231.8 1204.1 1176.8 1149.1 1120.6 1092.6 1063.8 
 1035.4 1006.5 977.28 948.61 919.59 890.35 860.97 832.08 802.59 773.16 
 743.68 714.21 684.98 655.43 626.03 596.93 567.63 538.68 509.71 480.82 
 452.14 424.04 396.38 368.72 341.35 314.01 287.35 261.08 235.15 209.93 
 184.98 160.84 137.1 113.98 91.375 69.69 48.827 29.111 12.128 3.792 
 3.4977 3.5807 3.6918 3.8159 3.9519 4.0935 4.2561 4.4193 4.5861 4.7484 
 4.9195 5.0932 5.267 5.4436 5.6124 5.7876 5.9708 6.1519 6.3257 6.5079 
 6.6912 6.8788 7.058 7.2332 7.4159 7.6111 7.7918 7.9884 8.1681 8.3499 
 8.5455 8.7252 8.9139 9.1026 9.2833 9.4725 9.6547 9.8489 10.044 10.237 
 10.419 10.6 10.802 10.979 11.179 11.347 11.55 11.718 11.899 12.08 
 12.261 12.431 12.598 12.763 12.931 13.081 13.241 13.384 13.521 13.663 
 13.793 13.904 14.053 14.177 14.287 14.404 14.532 14.643 14.753 14.85 
 14.96 15.045 15.116 15.194 15.259 15.35 15.415 15.492 15.545 15.603 
 15.648 15.694 15.726 15.765 15.797 15.83 15.83 15.83 15.83 15.83 
 15.771 
1944.3 1941.9 1940.7 1938 1935 1930.8 1926 1919.8 1913.5 1906.2 
 1897.2 1888.2 1878 1867.4 1855.8 1843.3 1830.3 1817.1 1802.2 1786.7 
 1770.3 1753.7 1736.3 1718.6 1699.9 1680.3 1660.9 1640.5 1619.8 1598.3 
 1575.9 1553.7 1530.5 1507.3 1483.4 1459.2 1434.5 1409.4 1384.4 1358.6 
 1332.3 1305.7 1279.5 1252.2 1225.1 1197.7 1169.7 1141.7 1113.5 1085.6 
 1057.1 1028.4 999.35 970.49 941.51 912.5 882.93 853.84 824.51 795.11 
 765.57 736.15 706.52 676.71 647.68 618.19 588.43 559.54 530.42 501.52 
 472.49 444.1 415.58 387.53 360.05 332.54 305.55 278.87 252.48 226.29 
 201.88 177.47 152.99 129.43 106.43 83.926 62.441 41.629 22.363 6.4729 
 3.7576 3.7433 3.7563 3.8591 3.9954 4.1181 4.2678 4.4219 4.5972 4.7669 
 4.9425 5.1237 5.2912 5.4741 5.6365 5.8111 5.9928 6.1799 6.3577 6.5379 
 6.7186 6.8958 7.0765 7.2631 7.4409 7.628 7.8167 8.0034 8.1871 8.3791 
 8.5555 8.7495 8.9249 9.114 9.3027 9.4969 9.6726 9.8603 10.043 10.216 
 10.405 10.606 10.793 10.964 11.152 11.331 11.509 11.684 11.863 12.033 
 12.214 12.39 12.547 12.709 12.863 13.014 13.175 13.312 13.454 13.584 
 13.714 13.843 13.979 14.103 14.227 14.323 14.453 14.577 14.68 14.777 
 14.881 14.967 15.038 15.103 15.167 15.259 15.342 15.401 15.466 15.518 
 15.57 15.603 15.628 15.667 15.712 15.732 15.752 15.771 15.778 15.778 
 15.771 
1944.3 1945.4 1943.9 1942.1 1939 1935.3 1930.9 1925.5 1919.5 1912.7 
 1904.3 1895.8 1886 1876.4 1864.5 1852.7 1840.2 1826.6 1812.5 1797.9 
 1782.4 1766.3 1749.2 1731.9 1713.9 1695.2 1675.8 1656 1635.3 1614.2 
 1592.4 1570.1 1547.9 1524.9 1501.4 1477.2 1453.3 1428.7 1403.3 1377.8 
 1351.7 1325.6 1298.9 1272.1 1245.3 1217.9 1190.2 1162.5 1134.5 1106 
 1077.7 1049.1 1020.2 990.99 962.36 933.11 903.49 874.1 844.4 815.1 
 785.2 755.54 725.92 695.89 666.46 637.1 607.01 577.98 548.65 519.4 
 490.36 461.69 433.08 405.24 377.4 349.56 322.3 295.45 268.83 242.74 
 217.34 192.39 167.62 143.91 120.69 98.116 76.417 55.427 35.571 17.177 
 4.1646 4.0033 3.9964 4.0163 4.0748 4.1714 4.2893 4.4369 4.6084 4.7817 
 4.9639 5.1441 5.3272 5.4905 5.6698 5.8594 6.0406 6.2149 6.4046 6.5873 
 6.7755 6.9626 7.1438 7.325 7.5018 7.689 7.8826 8.0633 8.2455 8.4361 
 8.6104 8.7981 8.9803 9.1684 9.3481 9.5368 9.7131 9.8992 10.089 10.265 
 10.445 10.633 10.809 10.992 11.179 11.347 11.528 11.691 11.865 12.03 
 12.197 12.36 12.528 12.677 12.828 12.975 13.125 13.255 13.397 13.52 
 13.651 13.786 13.911 14.039 14.157 14.267 14.384 14.5 14.61 14.713 
 14.824 14.909 14.98 15.064 15.129 15.214 15.298 15.363 15.427 15.499 
 15.544 15.583 15.635 15.693 15.733 15.778 15.804 15.797 15.797 15.797 
 15.771 
1944.3 1947.4 1946.9 1944.9 1942.9 1938.7 1934.7 1929 1923.3 1915.7 
 1908.1 1899.3 1889.8 1879.9 1868.4 1856.5 1843.9 1830.9 1816.8 1801.9 
 1786.4 1770.1 1753.2 1735.8 1717.5 1698.5 1679.4 1659.6 1638.9 1617.6 
 1595.6 1573.6 1550.7 1527.4 1504.3 1480.2 1456.1 1431 1406.1 1380.7 
 1354.5 1328.3 1301.9 1274.8 1247.9 1220.6 1192.7 1164.9 1136.5 1108.5 
 1080.1 1051.2 1022.3 993.24 964.05 935.15 905.25 875.65 846.15 816.95 
 787.31 757.22 727.56 697.37 667.88 638.11 608.32 579.36 549.78 520.37 
 491.38 462.59 433.98 405.52 377.62 349.66 322.53 295.41 269.02 242.7 
 216.8 192.47 168.14 144.34 120.95 98.135 76.272 55.011 34.894 16.016 
 4.0943 3.6819 3.6721 3.7232 3.8202 3.9486 4.0798 4.2298 4.4026 4.5667 
 4.735 4.9156 5.0789 5.2546 5.4357 5.5972 5.7658 5.9479 6.1222 6.2974 
 6.4745 6.6542 6.8359 7.0191 7.1939 7.3736 7.5562 7.7389 7.9261 8.1088 
 8.2895 8.4969 8.6739 8.8536 9.0357 9.2229 9.3997 9.5878 9.7621 9.9507 
 10.118 10.315 10.503 10.688 10.88 11.061 11.228 11.41 11.58 11.748 
 11.914 12.079 12.241 12.403 12.553 12.696 12.85 12.993 13.136 13.272 
 13.397 13.512 13.654 13.778 13.896 14.012 14.122 14.24 14.35 14.454 
 14.563 14.642 14.713 14.785 14.856 14.953 15.032 15.096 15.162 15.232 
 15.297 15.343 15.401 15.459 15.511 15.557 15.596 15.629 15.648 15.661 
 15.771 
1944.3 1943.8 1943.1 1941.8 1939.8 1936.1 1931.7 1926.1 1920.5 1914.2 
 1906.7 1897.7 1887.8 1877.6 1866.3 1854.3 1841.7 1827.9 1813.3 1798.3 
 1782.6 1766.3 1749 1731.3 1712.8 1693.7 1674.1 1653.6 1632.9 1611.3 
 1589.2 1567.2 1544 1520.5 1496.2 1472.1 1447.9 1422.8 1397.5 1371.5 
 1345.5 1319.3 1292.3 1265.5 1238.2 1211.2 1183.2 1155.4 1127.3 1098.8 
 1070.6 1042.1 1012.9 983.8 954.66 925.7 896.23 867.02 837.65 808.12 
 778.69 749.03 719.54 689.73 660.58 631.1 601.6 572.58 543.36 514.11 
 485.07 456.69 428.08 400.41 372.74 345.16 318.09 291.37 264.98 239.26 
 214.01 189.24 164.87 141.5 118.36 95.703 74.084 52.993 33.001 15.05 
 4.1952 3.3741 3.4388 3.5438 3.6534 3.7966 3.9394 4.0875 4.2432 4.4063 
 4.5696 4.7438 4.9112 5.0816 5.244 5.4197 5.5934 5.7571 5.9309 6.1076 
 6.2868 6.4496 6.6373 6.8125 6.9892 7.1704 7.3535 7.528 7.7215 7.8967 
 8.0799 8.2591 8.4497 8.6294 8.7977 8.9929 9.181 9.3514 9.544 9.7451 
 9.9209 10.109 10.305 10.5 10.687 10.864 11.05 11.245 11.418 11.603 
 11.79 11.965 12.14 12.309 12.478 12.634 12.789 12.944 13.094 13.228 
 13.372 13.503 13.638 13.781 13.91 14.033 14.139 14.274 14.378 14.482 
 14.591 14.682 14.759 14.838 14.916 15 15.091 15.162 15.233 15.304 
 15.369 15.416 15.493 15.597 15.642 15.694 15.732 15.732 15.732 15.732 
 15.771 
1944.3 1938.2 1937.9 1936.6 1934 1930.7 1926.1 1921.4 1914.9 1907.9 
 1900.1 1890.8 1881.2 1870.1 1858.8 1846.6 1833.7 1819.2 1804.9 1789.5 
 1773.8 1756.1 1738.8 1720.9 1701.7 1682.2 1662.3 1641.9 1620.4 1598.9 
 1576.4 1553.5 1530.8 1506.9 1482.8 1458.3 1434.3 1408.2 1382.7 1356.9 
 1330.4 1304 1277.3 1250.2 1222.7 1195.6 1167.6 1139.6 1111.7 1083.5 
 1055.2 1026.5 997.64 968.75 940.22 911.2 882.25 852.88 823.66 794.87 
 765.04 735.73 706.42 676.64 647.98 618.61 589.11 560.39 531.64 502.91 
 474.37 446.11 418.04 390.38 363.13 335.94 309.4 283.15 257.32 232.06 
 207.23 183.76 159.78 136.61 113.91 91.701 70.392 49.871 30.463 13.804 
 4.2433 3.209 3.2113 3.315 3.4433 3.568 3.7164 3.8588 4.0217 4.1775 
 4.332 4.4941 4.6577 4.8259 5.0056 5.169 5.345 5.4992 5.6863 5.8563 
 6.0319 6.2002 6.3818 6.5516 6.7456 6.92 7.0971 7.2704 7.4648 7.6408 
 7.8214 8.011 8.1982 8.3815 8.5627 8.7573 8.938 9.1192 9.3073 9.5014 
 9.6912 9.8853 10.069 10.269 10.457 10.656 10.859 11.035 11.23 11.415 
 11.61 11.8 11.981 12.155 12.339 12.502 12.675 12.837 12.993 13.143 
 13.291 13.441 13.583 13.728 13.85 13.981 14.122 14.24 14.374 14.486 
 14.609 14.688 14.792 14.862 14.953 15.045 15.128 15.2 15.272 15.355 
 15.42 15.473 15.512 15.576 15.602 15.641 15.654 15.667 15.68 15.681 
 15.771 
1944.3 1945.6 1945 1943.5 1940.9 1937.2 1933.3 1927.6 1921.5 1914.1 
 1906.1 1896.8 1887.6 1876.8 1865 1852.4 1839.4 1824.9 1810.7 1794.7 
 1778.9 1761.5 1744 1725.6 1706.9 1687.4 1666.8 1646.5 1624.9 1602.8 
 1581 1557.5 1534.2 1510.1 1485.7 1461.2 1436.3 1411.4 1385.1 1359.2 
 1332.9 1306.2 1278.8 1252.2 1224.3 1196.9 1169 1141.3 1112.8 1084.8 
 1056.1 1027.7 998.71 969.53 940.86 911.76 882.53 853.25 823.76 794.87 
 765.32 735.73 706.41 677 647.75 618.65 589.36 560.43 531.7 503.24 
 474.4 446.31 418.32 390.65 363.2 336.08 309.47 283.43 257.61 232.35 
 207.1 184.03 160.16 136.82 114.03 91.989 70.374 49.725 30.482 13.804 
 3.6517 2.1601 2.1344 2.1474 2.2122 2.3097 2.4065 2.5174 2.6332 2.7497 
 2.8598 2.9911 3.1188 3.2435 3.3655 3.5095 3.6458 3.7821 3.9184 4.066 
 4.2028 4.3519 4.4943 4.6572 4.8061 4.955 5.1115 5.2737 5.4238 5.5783 
 5.7593 5.9222 6.0923 6.2605 6.4283 6.5975 6.7712 6.9534 7.143 7.3168 
 7.5059 7.6882 7.8807 8.0645 8.2593 8.4711 8.6535 8.8599 9.0483 9.2488 
 9.4446 9.6452 9.841 10.035 10.224 10.413 10.608 10.792 10.984 11.176 
 11.366 11.553 11.748 11.935 12.118 12.32 12.488 12.664 12.844 13.018 
 13.202 13.377 13.565 13.747 13.916 14.084 14.252 14.42 14.571 14.727 
 14.876 15.019 15.167 15.278 15.401 15.512 15.608 15.693 15.764 15.855 
 15.771 
1944.3 1947.7 1946.9 1945.2 1942.8 1939.7 1935.1 1929.5 1923.3 1916.4 
 1908.4 1899.3 1889.4 1878.6 1867.2 1854.9 1841.6 1827.3 1813.6 1798 
 1781.5 1764.7 1747.2 1729.4 1710.1 1690.8 1670.2 1650.2 1628.7 1606.6 
 1584.5 1561.6 1538.4 1514.7 1490.9 1466.2 1441.4 1416.1 1390.4 1364.4 
 1338.6 1311.6 1284.5 1257.9 1230.2 1202.8 1174.9 1147 1118.6 1090.3 
 1062.1 1033.5 1004.7 975.72 946.62 917.93 888.77 859.5 830.42 800.92 
 771.54 742.09 712.54 683.16 653.72 624.52 595.26 566.32 537.53 508.76 
 480.22 451.98 424.1 396.63 369.18 342 315.12 288.63 262.9 237.45 
 212.18 187.77 163.74 140.16 117.31 94.843 73.12 52.166 32.545 15.145 
 4.0184 2.141 2.1549 2.2125 2.2837 2.3746 2.459 2.5708 2.6808 2.7915 
 2.9265 3.0444 3.1674 3.2972 3.4324 3.5691 3.7046 3.8423 3.9775 4.1207 
 4.2642 4.4068 4.5684 4.7116 4.8597 5.0107 5.172 5.3209 5.4762 5.6384 
 5.8007 5.969 6.1455 6.3139 6.4955 6.6653 6.8445 7.0272 7.2084 7.3902 
 7.5919 7.7882 7.9834 8.1824 8.3789 8.5858 8.7849 9.0012 9.2066 9.4137 
 9.6302 9.8437 10.053 10.247 10.459 10.647 10.851 11.056 11.25 11.452 
 11.646 11.822 12.016 12.217 12.407 12.593 12.77 12.957 13.133 13.294 
 13.475 13.658 13.827 14 14.163 14.314 14.469 14.605 14.747 14.871 
 15.006 15.124 15.247 15.337 15.409 15.486 15.565 15.648 15.713 15.778 
 15.771 
1944.3 1944.4 1943.3 1941.4 1939.5 1935.7 1931.3 1925.8 1919.7 1912.4 
 1904.6 1895.8 1886.7 1876.1 1864.3 1852.2 1838.9 1825 1810.7 1795.4 
 1779.9 1763.3 1746.1 1728 1709.8 1690.1 1670 1650 1628.8 1608 
 1585.7 1563.3 1540.3 1516.8 1493.5 1468.6 1443.9 1418.7 1393.5 1367.7 
 1341.7 1315 1288.3 1261.6 1234.3 1206.6 1179 1151.5 1123 1095 
 1066.4 1037.7 1009.1 980.52 951.23 922.45 893.12 864.09 834.95 805.52 
 776.3 747.03 717.64 688.35 658.93 629.98 600.71 571.47 542.72 513.67 
 484.98 456.16 428.18 399.94 372.16 344.72 317.75 291.14 264.88 239.27 
 214.02 189.88 165.73 142.13 119.08 96.662 74.713 53.576 33.444 15.137 
 3.4514 2.2736 2.2578 2.2577 2.3089 2.3931 2.4903 2.6011 2.7253 2.8344 
 2.9709 3.0949 3.2162 3.3602 3.4908 3.6188 3.7747 3.9183 4.0539 4.2026 
 4.347 4.5075 4.6455 4.7996 4.9553 5.1192 5.2741 5.4299 5.5912 5.7603 
 5.9365 6.1371 6.3648 6.5529 6.7193 6.8438 7.0054 7.1993 7.3993 7.5832 
 7.7849 7.9785 8.1791 8.3872 8.5837 8.8042 8.9968 9.219 9.4272 9.6273 
 9.8361 10.05 10.249 10.451 10.64 10.84 11.035 11.222 11.411 11.604 
 11.788 11.974 12.151 12.334 12.507 12.676 12.845 13.014 13.176 13.343 
 13.506 13.674 13.826 13.994 14.142 14.292 14.435 14.577 14.695 14.83 
 14.947 15.051 15.16 15.245 15.337 15.421 15.511 15.583 15.655 15.72 
 15.771 
1944.3 1942.6 1942 1939.7 1937.3 1933.1 1928.7 1923.4 1917 1909.5 
 1901.5 1893.1 1883.3 1873.1 1861.4 1849.9 1837.1 1823.5 1809.7 1794.4 
 1778.9 1762.6 1745.5 1728.3 1710 1690.3 1671.3 1651.4 1630.2 1609.3 
 1587.7 1565.4 1543 1519.9 1496.4 1472.6 1448.2 1423.4 1398.1 1373.1 
 1347 1320.9 1294.2 1268.1 1240.4 1213 1186.2 1158.4 1130.4 1102.4 
 1074.3 1045.6 1017.2 988.32 959.23 930.42 901.56 872.52 843.11 813.96 
 784.36 755.05 725.76 696.3 666.87 637.45 608.25 578.99 550.01 521.09 
 492.41 463.69 435.65 407.54 380.04 352.55 325.43 298.59 272.28 246.34 
 220.58 195.73 171.3 147.29 123.99 101.18 79.025 57.594 37.314 18.148 
 3.787 2.4652 2.4588 2.4723 2.5117 2.5961 2.686 2.7916 2.9148 3.0315 
 3.1667 3.3025 3.434 3.5812 3.7186 3.8482 4.0051 4.1536 4.3084 4.4447 
 4.6009 4.7558 4.9138 5.0807 5.2425 5.4108 5.5813 5.7436 5.9183 6.0876 
 6.2679 6.4515 6.6313 6.8131 7.0136 7.1889 7.3835 7.5658 7.7659 7.9622 
 8.1623 8.3629 8.5657 8.7676 8.9798 9.1698 9.3758 9.5834 9.777 9.9739 
 10.179 10.377 10.569 10.759 10.958 11.134 11.316 11.504 11.685 11.868 
 12.042 12.212 12.392 12.575 12.73 12.898 13.074 13.236 13.386 13.534 
 13.689 13.853 14.002 14.151 14.281 14.417 14.558 14.683 14.8 14.91 
 15.02 15.129 15.233 15.318 15.396 15.486 15.564 15.635 15.713 15.778 
 15.771 
1944.3 1944.9 1943.3 1940.9 1937.5 1933.8 1928.8 1923 1916.5 1909.2 
 1901.1 1891.9 1882.5 1871.8 1860.1 1848 1835.4 1822.2 1807.4 1792.5 
 1776.4 1760 1743.1 1725.5 1706.8 1688.1 1668.2 1648.9 1627.9 1606.5 
 1584.7 1562.9 1540.6 1517.1 1493.6 1469.4 1445.1 1420.9 1395.5 1369.7 
 1344.1 1318.2 1291 1264.6 1237.6 1210.3 1182.9 1155.2 1127.3 1099 
 1071.3 1042.5 1013.7 984.73 955.86 926.89 897.88 868.67 839.38 809.72 
 780.6 751.16 721.52 691.89 662.45 633.2 603.64 574.56 545.27 516.78 
 487.72 458.99 431.03 402.64 374.68 347.28 320.24 293.41 267.31 241.55 
 216.16 192.08 168 144.32 121.26 98.79 77.165 55.976 36.203 17.667 
 3.7025 3.0167 2.8221 2.725 2.7055 2.7118 2.7505 2.8548 2.9771 3.1083 
 3.2559 3.4064 3.5415 3.6967 3.8469 4.0091 4.1579 4.3145 4.4642 4.6316 
 4.8003 4.9574 5.1243 5.2879 5.4617 5.6231 5.7922 5.9738 6.1445 6.3302 
 6.5129 6.6886 6.8753 7.058 7.2402 7.4414 7.6172 7.8237 8.0104 8.2136 
 8.4184 8.6084 8.8095 8.9988 9.2053 9.399 9.5947 9.8001 9.989 10.189 
 10.385 10.586 10.775 10.95 11.139 11.314 11.495 11.677 11.858 12.035 
 12.208 12.385 12.546 12.728 12.889 13.053 13.215 13.377 13.525 13.676 
 13.825 13.961 14.116 14.247 14.39 14.519 14.649 14.773 14.882 14.973 
 15.076 15.174 15.278 15.355 15.427 15.499 15.57 15.622 15.694 15.732 
 15.771 
