IESNA:LM-63-2002
[TEST] 1
[TESTLAB] 
[TESTDATE] 2025-02-20
[ISSUEDATE] 2025-02-20 19:47:00
[LAMPPOSITION] 0,0
[OTHER] EVERFINE GO-2000A_V1 SYSTEM
[MANUFAC] 
[LUMINAIRE] 50W-5000K
[LAMP] DB77E-4-50L-UD-P-A5W5C5
TILT=NONE
1 6234.1 1 181 17 1 2 0.060 1.200 0.000
1.000 1 47.2703
0.0    1.0    2.0    3.0    4.0    5.0    6.0    7.0    8.0    9.0    
 10.0   11.0   12.0   13.0   14.0   15.0   16.0   17.0   18.0   19.0   
 20.0   21.0   22.0   23.0   24.0   25.0   26.0   27.0   28.0   29.0   
 30.0   31.0   32.0   33.0   34.0   35.0   36.0   37.0   38.0   39.0   
 40.0   41.0   42.0   43.0   44.0   45.0   46.0   47.0   48.0   49.0   
 50.0   51.0   52.0   53.0   54.0   55.0   56.0   57.0   58.0   59.0   
 60.0   61.0   62.0   63.0   64.0   65.0   66.0   67.0   68.0   69.0   
 70.0   71.0   72.0   73.0   74.0   75.0   76.0   77.0   78.0   79.0   
 80.0   81.0   82.0   83.0   84.0   85.0   86.0   87.0   88.0   89.0   
 90.0   91.0   92.0   93.0   94.0   95.0   96.0   97.0   98.0   99.0   
 100.0  101.0  102.0  103.0  104.0  105.0  106.0  107.0  108.0  109.0  
 110.0  111.0  112.0  113.0  114.0  115.0  116.0  117.0  118.0  119.0  
 120.0  121.0  122.0  123.0  124.0  125.0  126.0  127.0  128.0  129.0  
 130.0  131.0  132.0  133.0  134.0  135.0  136.0  137.0  138.0  139.0  
 140.0  141.0  142.0  143.0  144.0  145.0  146.0  147.0  148.0  149.0  
 150.0  151.0  152.0  153.0  154.0  155.0  156.0  157.0  158.0  159.0  
 160.0  161.0  162.0  163.0  164.0  165.0  166.0  167.0  168.0  169.0  
 170.0  171.0  172.0  173.0  174.0  175.0  176.0  177.0  178.0  179.0  
 180.0  
0.0    22.5   45.0   67.5   90.0   112.5  135.0  157.5  180.0  202.5  
 225.0  247.5  270.0  292.5  315.0  337.5  360.0  
2323.3 2326.3 2324.6 2321.2 2317.1 2312.8 2306.8 2299.8 2291.9 2283.1 
 2273.2 2262.5 2250.9 2238.2 2224.5 2210 2194.4 2178.6 2160.9 2143 
 2123.9 2104.6 2083.8 2063.1 2041.5 2018.3 1994.8 1971.3 1945.8 1920.5 
 1894.8 1868.3 1841.5 1813.7 1785.5 1756.7 1727.5 1697.7 1668.1 1637.8 
 1606.6 1575.3 1543.2 1511.9 1479.5 1446.7 1414.1 1380.8 1347.7 1314.1 
 1280 1245.8 1211.5 1177.3 1142.4 1107.7 1072.7 1038 1002.7 967.47 
 932.61 897.08 862.41 826.9 792 756.62 721.55 686.76 652.04 617.63 
 582.7 548.74 515.05 481.18 448.11 414.81 382.81 350.79 319.36 288.89 
 258.37 228.87 200.74 172.62 145.03 118.25 92.285 67.332 43.596 21.273 
 4.5359 3.65 3.4098 3.2847 3.2763 3.2827 3.3472 3.4643 3.607 3.7752 
 3.9426 4.1246 4.2939 4.4745 4.6567 4.832 5.0196 5.2158 5.396 5.5782 
 5.7781 5.9665 6.1675 6.3633 6.5715 6.778 6.9839 7.1985 7.4015 7.6075 
 7.8343 8.0568 8.2775 8.4969 8.7158 8.9311 9.1581 9.384 9.6239 9.8602 
 10.1 10.331 10.573 10.813 11.048 11.292 11.526 11.759 11.994 12.227 
 12.461 12.696 12.929 13.143 13.357 13.585 13.799 14.006 14.23 14.446 
 14.652 14.849 15.056 15.255 15.452 15.629 15.823 16.003 16.192 16.373 
 16.548 16.738 16.913 17.081 17.237 17.393 17.548 17.691 17.819 17.943 
 18.074 18.196 18.3 18.397 18.489 18.573 18.665 18.723 18.795 18.846 
 18.885 
2323.3 2328.7 2326.1 2323.1 2319.2 2313.6 2307.8 2300.6 2292.3 2282.9 
 2272.7 2261.7 2249.7 2236.8 2222.2 2207.4 2191.6 2174.7 2157.1 2139 
 2119.6 2099.5 2078.7 2056.8 2034.7 2012 1987.7 1963.5 1938.3 1912.7 
 1886 1859.3 1831.8 1804.1 1775.5 1746.4 1717.3 1687.4 1657.3 1626.2 
 1594.9 1563.1 1531.7 1499.7 1467 1434 1401.6 1368.1 1334.4 1300.5 
 1267 1232.5 1197.9 1163.8 1128.8 1093.9 1059 1024 988.48 953.51 
 918.04 882.55 847.58 811.95 776.71 741.54 706.32 671.27 636.33 601.83 
 567.65 533.16 499.68 465.93 432.78 400.6 368.42 336.45 304.91 273.99 
 243.68 214.2 185.38 157.07 129.58 102.95 77.526 52.783 29.389 9.1584 
 3.1718 3.0945 3.0883 3.1408 3.2321 3.3351 3.4581 3.6022 3.7574 3.8994 
 4.076 4.2393 4.4125 4.5758 4.7564 4.9203 5.1014 5.2747 5.4708 5.6461 
 5.8338 6.0215 6.2162 6.4124 6.605 6.8142 7.0074 7.215 7.4248 7.6233 
 7.8445 8.0541 8.2805 8.5005 8.7153 8.9366 9.1625 9.3897 9.6214 9.851 
 10.084 10.316 10.556 10.791 11.033 11.272 11.505 11.75 11.978 12.225 
 12.46 12.691 12.933 13.156 13.398 13.612 13.821 14.042 14.269 14.476 
 14.691 14.903 15.099 15.306 15.508 15.696 15.895 16.091 16.273 16.44 
 16.621 16.81 16.966 17.134 17.291 17.452 17.589 17.719 17.861 17.992 
 18.121 18.224 18.341 18.439 18.523 18.587 18.652 18.71 18.763 18.808 
 18.885 
2323.3 2325.1 2322.6 2319.2 2314.6 2309.1 2302.1 2293.4 2285 2275.2 
 2263.9 2252.3 2239.4 2225.2 2210.3 2194.5 2177.8 2160.1 2141.9 2122.4 
 2102.9 2081.7 2059.7 2036.8 2014.1 1990.5 1965.3 1940.3 1914.1 1887.6 
 1860.6 1832.9 1805.2 1776.4 1747.4 1717.4 1687.4 1656.8 1626.4 1595.1 
 1563.4 1531.4 1499.2 1466.5 1433.5 1400.6 1367.4 1333.8 1300.1 1266.5 
 1232.3 1197.9 1163.5 1128.8 1094 1059.6 1024.6 989.26 954.09 919.13 
 883.82 848.82 813.79 778.72 743.98 708.88 674.12 638.95 604.73 570.85 
 536.39 502.48 469.31 435.8 403.08 370.66 339.18 307.84 277.23 247.18 
 217.59 189.75 161.92 134.68 108 82.306 57.685 34.213 14.043 3.5272 
 2.8935 2.8806 2.9068 3.01 3.1272 3.2559 3.3857 3.5352 3.6909 3.8398 
 3.9963 4.165 4.3273 4.496 4.6642 4.8325 5.0077 5.1843 5.3646 5.5477 
 5.7215 5.9032 6.0913 6.286 6.4742 6.6748 6.862 7.0706 7.267 7.4811 
 7.6876 7.8894 8.0977 8.3189 8.5383 8.7583 8.9778 9.2055 9.4332 9.6656 
 9.8979 10.127 10.381 10.622 10.86 11.1 11.34 11.568 11.809 12.035 
 12.269 12.507 12.74 12.967 13.189 13.416 13.63 13.852 14.063 14.272 
 14.492 14.77 15.096 15.421 15.73 16.033 16.292 16.479 16.647 16.802 
 16.945 17.102 17.218 17.342 17.465 17.595 17.723 17.834 17.944 18.048 
 18.146 18.243 18.327 18.405 18.477 18.548 18.6 18.678 18.743 18.782 
 18.885 
2323.3 2318.1 2315.8 2311.9 2307.1 2300.9 2293.5 2285.2 2276 2265.8 
 2254.2 2241.3 2227.6 2213.5 2198.2 2181.9 2164.7 2147.1 2127.5 2108 
 2087.1 2065.8 2043.2 2020.2 1996.7 1972.4 1947.3 1921.6 1894.6 1867.6 
 1839.6 1811.8 1783.2 1754 1725.1 1694.7 1664 1633.2 1602.4 1570.4 
 1538.7 1506.3 1473.3 1441.7 1408.4 1375.2 1341.8 1308.3 1274.2 1240.4 
 1206.1 1172 1137.5 1103.1 1068.5 1033.9 998.96 964.1 929.31 894.57 
 859.59 824.69 790.07 755.06 720.02 685.56 650.73 616.44 582.56 548.63 
 514.98 481.78 449.09 416.64 385.1 353.57 322.19 291.61 261.49 232.09 
 203.23 175.12 147.67 120.93 95.012 69.913 46.318 24.344 8.5843 2.884 
 2.6993 2.7518 2.8296 2.947 3.0569 3.1931 3.317 3.4646 3.6032 3.7643 
 3.906 4.0746 4.2308 4.3866 4.5554 4.7301 4.9062 5.0745 5.2423 5.4115 
 5.5937 5.7695 5.958 6.1328 6.3147 6.5153 6.711 6.9041 7.1005 7.3015 
 7.4958 7.6964 7.8977 8.1124 8.3236 8.54 8.7471 8.9472 9.175 9.4014 
 9.6221 9.8513 10.092 10.317 10.559 10.798 11.03 11.272 11.51 11.743 
 11.972 12.211 12.441 12.684 12.906 13.138 13.347 13.581 13.795 14.016 
 14.234 14.443 14.656 14.87 15.072 15.273 15.47 15.671 15.864 16.046 
 16.239 16.421 16.61 16.79 16.967 17.142 17.304 17.459 17.608 17.764 
 17.901 18.042 18.172 18.282 18.393 18.477 18.581 18.665 18.743 18.808 
 18.885 
2323.3 2316.9 2313.7 2309.5 2303.8 2297.9 2291 2281.9 2272 2261.1 
 2249.6 2236.5 2223.2 2208 2191.7 2175.5 2158.1 2139.4 2119.9 2099.4 
 2078.8 2057.1 2034.4 2010.9 1986.5 1962 1936.3 1910.7 1883.3 1856.6 
 1828.8 1800.5 1771.4 1742.2 1712.3 1682.1 1651.6 1620.7 1589.3 1557.5 
 1525.2 1493.2 1460.4 1427.8 1394.5 1361.5 1328.2 1294.2 1260.3 1226.5 
 1192.4 1158.5 1123.8 1089.4 1054.5 1020.2 985.13 950.51 915.6 880.77 
 845.93 811.12 776.54 741.47 706.97 672.49 638.1 603.98 570.44 536.8 
 503.37 470.8 438.1 406.23 374.35 343.22 312.52 282.27 252.63 223.38 
 194.86 167.13 139.83 113.46 87.911 63.452 40.225 19.97 6.7233 3.8149 
 3.9001 4.0231 4.1643 4.32 4.4826 4.6599 4.848 5.0347 5.2175 5.4126 
 5.6009 5.8015 6.0016 6.2038 6.3981 6.6105 6.8193 7.0252 7.234 7.4364 
 7.6505 7.8635 8.0846 8.2912 8.5071 8.7207 8.9413 9.1684 9.3866 9.5903 
 9.8232 10.045 10.27 10.477 10.693 10.908 11.14 11.36 11.575 11.809 
 12.028 12.261 12.497 12.71 12.933 13.157 13.37 13.599 13.813 14.021 
 14.242 14.448 14.662 14.869 15.065 15.245 15.446 15.61 15.812 16.017 
 16.186 16.369 16.543 16.718 16.855 17.012 17.154 17.296 17.426 17.575 
 17.724 17.842 17.952 18.043 18.14 18.256 18.38 18.47 18.549 18.639 
 18.717 18.775 18.833 18.905 18.976 19.022 19.015 19.022 18.989 18.983 
 18.885 
2323.3 2320.4 2317 2313.9 2307.9 2301.8 2295 2286.6 2277.1 2266.4 
 2255.2 2242.6 2229 2214.6 2199.3 2182.5 2165 2147.5 2128.2 2108.6 
 2088 2066.2 2043.7 2020.6 1996.8 1972.3 1946.7 1921 1894.3 1867.4 
 1839.6 1811.4 1782.9 1753.2 1724.2 1693.8 1663.6 1632.8 1601.5 1569.5 
 1537.3 1504.8 1472.3 1439.6 1406.5 1373.3 1340 1306.1 1272.5 1238.2 
 1203.9 1169.8 1135.3 1100.7 1066.1 1031.6 996.35 961.54 926.49 891.49 
 856.72 821.67 786.7 751.38 716.66 681.92 647.3 613.1 578.89 545.29 
 511.14 478.38 445.35 412.78 380.77 349.02 318.16 287.6 257.45 227.88 
 199.96 172.04 144.65 117.71 91.906 66.877 43.334 22.009 7.4752 3.9648 
 3.9575 4.0739 4.2215 4.3723 4.5401 4.7212 4.9019 5.0991 5.2852 5.4798 
 5.6686 5.8772 6.0698 6.2644 6.4871 6.692 6.8954 7.116 7.3097 7.5248 
 7.7443 7.9567 8.1744 8.4002 8.6015 8.8291 9.0492 9.2744 9.484 9.708 
 9.9351 10.153 10.373 10.585 10.819 11.033 11.241 11.468 11.696 11.927 
 12.15 12.376 12.596 12.824 13.046 13.26 13.48 13.713 13.933 14.142 
 14.353 14.569 14.772 14.977 15.159 15.342 15.523 15.717 15.88 16.074 
 16.243 16.398 16.561 16.718 16.88 17.01 17.139 17.264 17.405 17.516 
 17.639 17.743 17.834 17.924 18.016 18.12 18.209 18.288 18.372 18.417 
 18.482 18.521 18.587 18.645 18.709 18.762 18.788 18.814 18.808 18.808 
 18.885 
2323.3 2320 2317.3 2314.1 2309.8 2303.9 2297.3 2289.5 2281.2 2271.8 
 2260.8 2249 2236 2223.1 2207.6 2192 2176.1 2157.9 2139.7 2120.6 
 2100.4 2080.4 2058.4 2036.4 2013.2 1989.2 1964.7 1939.7 1913.9 1887.3 
 1860.4 1833.1 1805.1 1776.3 1746.9 1717.6 1687.6 1656.9 1626.5 1595.2 
 1563.5 1531.7 1499.4 1466.6 1433.8 1401 1367.6 1334 1300 1266 
 1231.8 1197.9 1163.3 1128.7 1094 1059.2 1024.2 989.51 954.32 919.13 
 884.22 849.29 814.28 778.79 744.36 709.11 673.91 639.66 604.72 570.8 
 536.59 502.98 469.47 436.5 404.27 372.05 340.08 308.87 278.09 247.93 
 218.42 189.57 161.14 133.92 107.02 81.163 56.46 33.008 13.26 4.435 
 4.198 4.2952 4.4322 4.5679 4.7391 4.9203 5.1007 5.3022 5.4904 5.6724 
 5.8882 6.0946 6.2936 6.5012 6.7095 6.9242 7.1325 7.3466 7.5596 7.7744 
 7.995 8.2092 8.4304 8.6498 8.8627 9.0781 9.2993 9.5188 9.7395 9.9697 
 10.2 10.42 10.627 10.857 11.056 11.285 11.512 11.745 11.965 12.197 
 12.425 12.659 12.885 13.114 13.334 13.549 13.774 13.987 14.202 14.416 
 14.613 14.831 15.039 15.242 15.436 15.623 15.804 15.98 16.154 16.343 
 16.512 16.669 16.83 16.98 17.148 17.277 17.407 17.537 17.666 17.784 
 17.913 18.01 18.108 18.192 18.27 18.38 18.465 18.535 18.6 18.665 
 18.717 18.762 18.801 18.854 18.898 18.898 18.898 18.905 18.885 18.885 
 18.885 
2323.3 2320.4 2318.9 2315.5 2311.6 2306.5 2300.6 2293.7 2286.2 2276.6 
 2266.3 2255 2243.8 2230.2 2216.3 2201.3 2185.6 2169.1 2151.4 2133.1 
 2114.2 2094.3 2073.2 2051.9 2030.1 2006.9 1983.7 1959 1933.6 1907.6 
 1881.1 1854.4 1827.1 1799.2 1770.2 1741.7 1711.8 1682 1651.7 1620.9 
 1589.7 1558.3 1526.3 1494 1460.9 1428.9 1395.7 1362.4 1328.8 1295.1 
 1260.7 1226.5 1192.5 1157.7 1122.9 1088.4 1053.6 1018.2 983.26 948.03 
 912.9 877.52 842.3 806.94 772.13 736.7 701.46 666.83 632.21 597.57 
 562.99 529.18 495.36 461.64 428.65 395.83 363.51 331.65 300.26 269.6 
 239.08 209.82 181.62 153.46 126.04 99.176 73.606 48.872 25.921 7.3071 
 4.525 4.483 4.5212 4.6439 4.786 4.9416 5.124 5.3196 5.5068 5.7143 
 5.922 6.1152 6.329 6.5514 6.758 6.9608 7.1726 7.3862 7.6026 7.8233 
 8.0351 8.2562 8.464 8.6833 8.8917 9.114 9.3411 9.5624 9.787 10.009 
 10.237 10.448 10.672 10.89 11.122 11.339 11.551 11.784 12.008 12.233 
 12.446 12.674 12.894 13.11 13.325 13.539 13.753 13.977 14.187 14.393 
 14.602 14.796 15.003 15.198 15.394 15.57 15.752 15.925 16.118 16.296 
 16.465 16.627 16.782 16.939 17.094 17.225 17.361 17.496 17.612 17.742 
 17.852 17.963 18.048 18.132 18.216 18.333 18.411 18.47 18.535 18.593 
 18.651 18.678 18.723 18.774 18.801 18.833 18.859 18.866 18.866 18.866 
 18.885 
2323.3 2326.5 2324.7 2322.6 2318.9 2314.3 2309.1 2302 2294.8 2285.9 
 2276.7 2267.2 2255.5 2242.8 2229.7 2215.7 2200 2184.2 2167.2 2149.8 
 2131 2111.6 2091.6 2070.7 2049 2026.6 2003 1979.2 1954.5 1929.3 
 1903.1 1877.2 1850 1822.2 1794.4 1765.4 1736.3 1706.8 1676.8 1646.1 
 1615.2 1584.3 1551.9 1520.4 1487.6 1455.2 1422 1388.5 1355.6 1321 
 1287.1 1253.3 1218.6 1184.2 1149.1 1114.3 1079 1044.2 1008.8 973.04 
 937.85 902.38 867.23 831.34 796.04 761.12 725.16 690.1 654.94 620.27 
 585.44 551.2 517.1 483.08 450.12 416.98 384.73 352.49 320.69 289.76 
 259.19 229.57 200.06 171.57 144.01 116.87 90.989 65.988 42.198 20.209 
 5.0053 4.7814 4.7814 4.8143 4.873 4.9964 5.1338 5.3041 5.5089 5.7052 
 5.8991 6.1314 6.352 6.555 6.7738 6.9896 7.1987 7.4239 7.6439 7.8587 
 8.0806 8.3016 8.5123 8.7329 8.949 9.1754 9.3878 9.6115 9.8373 10.058 
 10.274 10.5 10.707 10.936 11.148 11.362 11.583 11.808 12.031 12.249 
 12.477 12.691 12.908 13.129 13.353 13.555 13.762 13.961 14.165 14.37 
 14.573 14.761 14.962 15.145 15.333 15.508 15.677 15.85 16.027 16.201 
 16.37 16.532 16.693 16.849 16.999 17.13 17.265 17.387 17.518 17.647 
 17.764 17.88 17.971 18.056 18.153 18.257 18.348 18.426 18.491 18.536 
 18.6 18.639 18.691 18.769 18.827 18.873 18.898 18.905 18.905 18.905 
 18.885 
2323.3 2329.6 2328.9 2327 2323.2 2318.9 2313.8 2307.6 2300.3 2291.7 
 2283 2272.8 2261.1 2249.6 2236.1 2221.8 2206.3 2190.7 2173.5 2155.7 
 2137.3 2117.5 2097.8 2077.1 2054.8 2032.2 2009.4 1985.5 1960.8 1935.7 
 1910 1883.3 1855.5 1828.1 1800 1771.3 1741.9 1712 1681.9 1651.5 
 1620.3 1588.6 1557.1 1525.2 1492.4 1459.9 1426.8 1393.2 1360.2 1326.1 
 1291.8 1257.3 1223 1187.9 1153.4 1118.4 1083.2 1047.7 1012.5 977.03 
 941.65 905.56 870.42 834.46 799.23 763.68 727.98 692.72 657.59 622.79 
 587.74 553.54 519.19 485.18 451.95 418.43 386.16 353.72 321.94 290.42 
 259.63 229.98 201.43 172.89 144.92 117.6 91.381 65.922 41.831 19.452 
 5.0372 4.4083 4.4116 4.4634 4.5849 4.7409 4.9035 5.0856 5.2802 5.4803 
 5.6681 5.8772 6.0784 6.2774 6.4855 6.7078 6.9025 7.1149 7.329 7.5308 
 7.7513 7.979 8.1808 8.3874 8.6009 8.8221 9.0292 9.2574 9.4775 9.6893 
 9.9162 10.137 10.345 10.579 10.801 11.014 11.228 11.443 11.674 11.885 
 12.11 12.339 12.55 12.763 12.975 13.181 13.406 13.608 13.816 14.024 
 14.239 14.427 14.634 14.821 15.018 15.193 15.369 15.542 15.718 15.888 
 16.057 16.218 16.379 16.535 16.686 16.82 16.945 17.087 17.205 17.328 
 17.444 17.56 17.651 17.742 17.834 17.937 18.015 18.099 18.171 18.242 
 18.301 18.353 18.418 18.483 18.554 18.613 18.658 18.71 18.736 18.749 
 18.885 
2323.3 2327.2 2326.1 2324.7 2321.1 2317.1 2312.1 2305.9 2298.7 2290.6 
 2281.4 2271.5 2259.9 2248.1 2233.9 2219.7 2204.6 2188.4 2171.2 2153.3 
 2134.3 2114.5 2095.3 2073.4 2050.9 2027.6 2004.5 1980.4 1955.5 1929.2 
 1902.9 1876.1 1848.8 1820.6 1792.2 1763.1 1733.9 1703.5 1672.9 1642.4 
 1611 1579.6 1547.6 1515.6 1482.8 1450.5 1417 1383.5 1350.2 1316.3 
 1281.9 1247.6 1213.3 1178.6 1144 1109.3 1073.9 1039 1003.6 967.99 
 933.08 897.76 862.29 826.74 791.65 756.41 720.95 686.14 651 616.13 
 581.63 547.3 513.05 479.39 446.37 413.64 381.52 349.4 317.84 287.09 
 256.8 227.31 198.16 169.95 142.22 115.36 89.411 64.25 40.315 18.698 
 5.229 4.0423 4.1322 4.2502 4.3862 4.5407 4.7103 4.8905 5.0796 5.2684 
 5.476 5.6572 5.853 6.0584 6.2596 6.4689 6.6679 6.8754 7.0778 7.2872 
 7.5013 7.7084 7.929 8.1349 8.3514 8.5638 8.7798 9.0062 9.2133 9.4274 
 9.6469 9.8681 10.078 10.295 10.511 10.729 10.956 11.174 11.391 11.619 
 11.855 12.08 12.308 12.539 12.756 12.975 13.196 13.429 13.642 13.865 
 14.077 14.286 14.499 14.701 14.902 15.09 15.28 15.473 15.65 15.837 
 16.017 16.18 16.344 16.512 16.659 16.81 16.945 17.089 17.224 17.335 
 17.471 17.587 17.679 17.783 17.86 17.971 18.068 18.152 18.231 18.314 
 18.386 18.425 18.522 18.645 18.71 18.775 18.82 18.834 18.834 18.834 
 18.885 
2323.3 2320.4 2320.3 2318.3 2315.5 2312.1 2306.8 2300.3 2293.3 2284.6 
 2275.4 2264.9 2253.1 2240.5 2226.4 2211.9 2196.3 2179.4 2162.1 2143.6 
 2124 2104 2082.8 2061.2 2038.6 2014.9 1991.2 1966.8 1941 1915.4 
 1888.4 1861.5 1833.6 1805.5 1776.2 1747.1 1717.4 1687.1 1656.7 1625.4 
 1593.8 1562.2 1529.9 1498 1464.9 1432.5 1399 1365.3 1332.2 1298.1 
 1264.3 1229.8 1195.8 1161.2 1126.7 1092.3 1057.5 1022.6 987.61 952.59 
 917.44 882.13 847.24 811.82 777.38 741.74 706.74 672.54 637.85 603.3 
 569.1 535.52 502 468.83 436.31 403.38 371.64 340.15 309.17 279.08 
 249.09 220.12 192.47 164.84 137.4 111.1 85.535 60.59 37.517 17.337 
 5.3796 3.8698 3.873 3.9887 4.13 4.2982 4.4752 4.638 4.8246 5.0192 
 5.2025 5.3971 5.5897 5.793 5.9861 6.1988 6.4024 6.6083 6.8224 7.0237 
 7.226 7.4394 7.646 7.8624 8.0864 8.288 8.5095 8.7249 8.9396 9.1602 
 9.3726 9.599 9.8197 10.042 10.26 10.483 10.704 10.925 11.152 11.371 
 11.611 11.833 12.066 12.297 12.538 12.76 12.984 13.221 13.448 13.681 
 13.905 14.127 14.356 14.569 14.782 14.983 15.187 15.386 15.583 15.776 
 15.964 16.146 16.328 16.508 16.667 16.829 16.978 17.138 17.269 17.399 
 17.54 17.672 17.762 17.854 17.951 18.074 18.177 18.262 18.34 18.431 
 18.495 18.547 18.599 18.67 18.71 18.749 18.775 18.788 18.795 18.795 
 18.885 
2323.3 2318.4 2318.2 2316.5 2313.4 2309.2 2303.6 2297.6 2290.9 2281.9 
 2271.7 2261.3 2249.4 2237.2 2224.1 2208.8 2193 2176.2 2158.7 2140.6 
 2121.1 2100.9 2079.7 2058 2035.7 2012.7 1989.1 1963.9 1937.8 1912.2 
 1885 1858.3 1830.5 1802.1 1773 1743.6 1713.8 1683.7 1652.8 1622.1 
 1590.6 1558.5 1526.9 1494.4 1461.5 1428.9 1395.9 1362.2 1329 1295 
 1261.1 1227 1192.7 1158.4 1123.8 1089.4 1054.5 1019.9 984.87 949.82 
 914.91 879.29 845.14 810.08 775.03 740.21 705.09 670.68 636.49 602.48 
 568.39 534.97 501.8 468.5 435.7 403.73 371.96 340.61 309.75 279.82 
 250 221.01 193.32 165.62 138.58 112.04 86.319 61.66 38.448 18.124 
 5.2271 2.5756 2.5691 2.582 2.6722 2.7757 2.893 3.0174 3.1521 3.2895 
 3.4323 3.5816 3.7239 3.8848 4.0479 4.2089 4.3659 4.529 4.6904 4.8596 
 5.0288 5.203 5.3842 5.5534 5.7346 5.9163 6.104 6.2986 6.4794 6.6696 
 6.8697 7.0579 7.259 7.4678 7.669 7.8802 8.0831 8.2978 8.5055 8.7261 
 8.9385 9.1668 9.3862 9.6087 9.8429 10.073 10.315 10.548 10.788 11.017 
 11.254 11.5 11.731 11.971 12.202 12.417 12.658 12.878 13.112 13.333 
 13.559 13.798 14.019 14.226 14.458 14.673 14.888 15.107 15.322 15.519 
 15.726 15.945 16.155 16.362 16.575 16.775 16.978 17.174 17.354 17.54 
 17.718 17.905 18.069 18.229 18.346 18.47 18.594 18.69 18.788 18.872 
 18.885 
2323.3 2322.3 2322 2319.8 2317.6 2313.9 2308.7 2302.2 2294.9 2286.3 
 2276.9 2266.6 2254.9 2242.2 2228.4 2214.2 2198 2181.4 2164.1 2145.7 
 2126.6 2106.8 2085.1 2063.7 2041.4 2018 1993.6 1969.6 1943.8 1917.9 
 1891.5 1864.7 1836.4 1808.6 1780.1 1750.6 1720.9 1690.7 1659.9 1628.8 
 1597.5 1566 1534.1 1502 1469.4 1436.1 1403.7 1370.1 1336.3 1302.3 
 1269 1234.6 1200.4 1165.9 1131.4 1096.9 1062.5 1027.9 992.38 957.62 
 922.71 887.59 852.52 817.41 782.23 747.34 712.3 677.89 643.2 609.08 
 575 541 507.95 474.67 441.92 409.92 378.3 346.69 315.68 285.23 
 255.27 226.18 197.46 169.21 141.76 115.17 89.154 64.141 40.586 19.467 
 5.6942 2.5757 2.5952 2.648 2.7379 2.849 2.9459 3.0704 3.2128 3.3555 
 3.4924 3.648 3.7901 3.9523 4.1068 4.2569 4.4251 4.574 4.7511 4.9257 
 5.0866 5.2554 5.4453 5.6068 5.7815 5.9563 6.1593 6.3342 6.5208 6.715 
 6.9182 7.1067 7.3148 7.5162 7.735 7.9433 8.1627 8.3769 8.5981 8.8193 
 9.0324 9.273 9.4983 9.7327 9.9813 10.232 10.484 10.725 10.974 11.224 
 11.477 11.736 11.97 12.217 12.466 12.705 12.959 13.184 13.431 13.666 
 13.885 14.118 14.333 14.559 14.786 15.002 15.223 15.45 15.642 15.858 
 16.065 16.279 16.479 16.675 16.87 17.056 17.239 17.414 17.57 17.721 
 17.888 18.023 18.166 18.277 18.361 18.452 18.536 18.626 18.711 18.788 
 18.885 
2323.3 2321.6 2320.7 2318.5 2315.1 2311.4 2305.4 2299.4 2292.4 2283.7 
 2274.5 2263.8 2252.1 2239.5 2226.5 2211.9 2196.5 2180.1 2162.7 2145.1 
 2126 2106.4 2084.9 2063.8 2041.9 2018.5 1994.9 1971.1 1945.6 1920 
 1894.5 1867.8 1839.9 1811.8 1783.3 1754.4 1725.1 1695 1665.4 1634.2 
 1603.2 1571.4 1539.5 1507.6 1475.1 1442.5 1409.5 1375.9 1342.9 1308.7 
 1275.2 1240.8 1206.4 1172.5 1137.7 1103 1068.3 1033.5 998.5 963.68 
 928.83 893.66 858.68 823.77 788.86 754.03 719.24 684.24 649.59 615.25 
 580.77 546.58 513.05 479.42 446.26 413.43 381.27 349.47 317.95 287.78 
 257.16 227.72 199.64 171.56 143.89 117.09 90.757 65.42 41.395 19.319 
 4.7743 2.7504 2.7184 2.7183 2.7884 2.8995 3.0095 3.1399 3.2761 3.4238 
 3.573 3.7158 3.8792 4.0345 4.2013 4.3645 4.5216 4.7008 4.8697 5.0467 
 5.2086 5.3911 5.5594 5.7519 5.9288 6.1169 6.303 6.4853 6.699 6.8886 
 7.1037 7.3547 7.6078 7.8357 8.0418 8.1914 8.3859 8.605 8.8345 9.0681 
 9.3081 9.5329 9.7831 10.027 10.274 10.521 10.761 11.015 11.26 11.522 
 11.752 11.999 12.248 12.488 12.726 12.96 13.186 13.42 13.662 13.87 
 14.095 14.311 14.53 14.738 14.953 15.16 15.367 15.555 15.751 15.943 
 16.144 16.334 16.517 16.711 16.892 17.068 17.231 17.392 17.542 17.697 
 17.852 17.976 18.106 18.222 18.327 18.431 18.521 18.619 18.71 18.788 
 18.885 
2323.3 2320.9 2319.4 2317.4 2313.8 2309.4 2305 2297.7 2290.3 2282.6 
 2272.1 2261.8 2250.3 2237.8 2224.6 2211 2195 2179.1 2162.4 2144.2 
 2125.6 2106.3 2086.1 2064.6 2043.1 2020.7 1997.2 1973.2 1948.6 1923.3 
 1897.2 1870.7 1843.4 1815.8 1787.8 1759 1730.9 1700.4 1670.4 1640.7 
 1609 1577.8 1545.8 1514.5 1482.2 1449.4 1416.4 1383.4 1350.4 1316.9 
 1283 1249.1 1214.7 1180.7 1146 1111.7 1076.7 1042.3 1006.9 972.21 
 937.26 901.88 867.18 831.97 796.66 761.82 726.94 692.01 657.32 622.98 
 588.34 554.31 520.76 487.11 454.18 421.37 389.47 357.58 325.93 294.85 
 264.17 234.46 205.16 176.49 148.62 121.5 95.176 69.669 45.308 22.344 
 4.8878 3.0037 2.9714 2.9787 3.043 3.1287 3.2385 3.3612 3.4976 3.6533 
 3.8022 3.9722 4.134 4.2949 4.4654 4.6346 4.801 4.9772 5.1584 5.3401 
 5.5223 5.6998 5.8938 6.0795 6.2806 6.4683 6.6716 6.8665 7.0812 7.2947 
 7.5078 7.7283 7.9361 8.1626 8.3839 8.6104 8.8369 9.0582 9.2905 9.5248 
 9.7611 10.007 10.248 10.492 10.746 10.984 11.225 11.457 11.711 11.945 
 12.185 12.42 12.654 12.885 13.113 13.32 13.549 13.774 13.983 14.191 
 14.404 14.619 14.813 15.027 15.223 15.41 15.605 15.806 15.98 16.157 
 16.351 16.532 16.706 16.889 17.056 17.214 17.369 17.519 17.653 17.797 
 17.934 18.049 18.179 18.302 18.406 18.51 18.601 18.691 18.769 18.847 
 18.885 
2323.3 2326.3 2324.6 2321.2 2317.1 2312.8 2306.8 2299.8 2291.9 2283.1 
 2273.2 2262.5 2250.9 2238.2 2224.5 2210 2194.4 2178.6 2160.9 2143 
 2123.9 2104.6 2083.8 2063.1 2041.5 2018.3 1994.8 1971.3 1945.8 1920.5 
 1894.8 1868.3 1841.5 1813.7 1785.5 1756.7 1727.5 1697.7 1668.1 1637.8 
 1606.6 1575.3 1543.2 1511.9 1479.5 1446.7 1414.1 1380.8 1347.7 1314.1 
 1280 1245.8 1211.5 1177.3 1142.4 1107.7 1072.7 1038 1002.7 967.47 
 932.61 897.08 862.41 826.9 792 756.62 721.55 686.76 652.04 617.63 
 582.7 548.74 515.05 481.18 448.11 414.81 382.81 350.79 319.36 288.89 
 258.37 228.87 200.74 172.62 145.03 118.25 92.285 67.332 43.596 21.273 
 4.5359 3.65 3.4098 3.2847 3.2763 3.2827 3.3472 3.4643 3.607 3.7752 
 3.9426 4.1246 4.2939 4.4745 4.6567 4.832 5.0196 5.2158 5.396 5.5782 
 5.7781 5.9665 6.1675 6.3633 6.5715 6.778 6.9839 7.1985 7.4015 7.6075 
 7.8343 8.0568 8.2775 8.4969 8.7158 8.9311 9.1581 9.384 9.6239 9.8602 
 10.1 10.331 10.573 10.813 11.048 11.292 11.526 11.759 11.994 12.227 
 12.461 12.696 12.929 13.143 13.357 13.585 13.799 14.006 14.23 14.446 
 14.652 14.849 15.056 15.255 15.452 15.629 15.823 16.003 16.192 16.373 
 16.548 16.738 16.913 17.081 17.237 17.393 17.548 17.691 17.819 17.943 
 18.074 18.196 18.3 18.397 18.489 18.573 18.665 18.723 18.795 18.846 
 18.885 
