IESNA:LM-63-2002
[TEST] 1
[TESTLAB] 
[TESTDATE] 2025-02-20
[ISSUEDATE] 2025-02-20 20:19:51
[LAMPPOSITION] 0,0
[OTHER] EVERFINE GO-2000A_V1 SYSTEM
[MANUFAC] 
[LUMINAIRE] 50W-3500K
[LAMP] DB77E-4-50L-UD-P-A5W5C5
TILT=NONE
1 6081.6 1 181 17 1 2 0.060 1.200 0.000
1.000 1 47.0908
0.0    1.0    2.0    3.0    4.0    5.0    6.0    7.0    8.0    9.0    
 10.0   11.0   12.0   13.0   14.0   15.0   16.0   17.0   18.0   19.0   
 20.0   21.0   22.0   23.0   24.0   25.0   26.0   27.0   28.0   29.0   
 30.0   31.0   32.0   33.0   34.0   35.0   36.0   37.0   38.0   39.0   
 40.0   41.0   42.0   43.0   44.0   45.0   46.0   47.0   48.0   49.0   
 50.0   51.0   52.0   53.0   54.0   55.0   56.0   57.0   58.0   59.0   
 60.0   61.0   62.0   63.0   64.0   65.0   66.0   67.0   68.0   69.0   
 70.0   71.0   72.0   73.0   74.0   75.0   76.0   77.0   78.0   79.0   
 80.0   81.0   82.0   83.0   84.0   85.0   86.0   87.0   88.0   89.0   
 90.0   91.0   92.0   93.0   94.0   95.0   96.0   97.0   98.0   99.0   
 100.0  101.0  102.0  103.0  104.0  105.0  106.0  107.0  108.0  109.0  
 110.0  111.0  112.0  113.0  114.0  115.0  116.0  117.0  118.0  119.0  
 120.0  121.0  122.0  123.0  124.0  125.0  126.0  127.0  128.0  129.0  
 130.0  131.0  132.0  133.0  134.0  135.0  136.0  137.0  138.0  139.0  
 140.0  141.0  142.0  143.0  144.0  145.0  146.0  147.0  148.0  149.0  
 150.0  151.0  152.0  153.0  154.0  155.0  156.0  157.0  158.0  159.0  
 160.0  161.0  162.0  163.0  164.0  165.0  166.0  167.0  168.0  169.0  
 170.0  171.0  172.0  173.0  174.0  175.0  176.0  177.0  178.0  179.0  
 180.0  
0.0    22.5   45.0   67.5   90.0   112.5  135.0  157.5  180.0  202.5  
 225.0  247.5  270.0  292.5  315.0  337.5  360.0  
2271.1 2273.9 2271.3 2269.4 2265.4 2261.1 2255.7 2249 2241.1 2232.3 
 2222.6 2213 2201.2 2188.5 2174.7 2161.1 2145.8 2129.5 2113 2094.3 
 2076.6 2057.5 2037.3 2016.8 1995.4 1972.8 1950 1926.8 1902.2 1877.1 
 1851.9 1825.8 1798.7 1772.2 1745 1716.3 1687.9 1659.1 1629.4 1599.1 
 1569 1538.8 1507.5 1476.5 1444.7 1412.7 1380.7 1348 1315.3 1282.4 
 1249.3 1216.1 1182.1 1148.8 1114.7 1081.3 1046.9 1012.8 978.38 944.45 
 909.66 875.18 841.23 806.84 772.34 738.22 703.76 669.61 635.9 602.2 
 568.43 535.28 502.35 469.27 436.78 404.86 373.33 342.16 311.42 281.63 
 251.96 223.08 195.69 168.3 141.43 115.31 90.07 65.657 42.212 20.694 
 4.4345 3.5287 3.2953 3.1727 3.153 3.1594 3.2315 3.3342 3.4708 3.639 
 3.7896 3.9565 4.1262 4.3078 4.4761 4.6578 4.8409 5.0202 5.2044 5.3851 
 5.5743 5.7669 5.9572 6.1497 6.3509 6.5381 6.7478 6.9496 7.1544 7.3573 
 7.5661 7.7779 7.9921 8.2003 8.428 8.6363 8.8622 9.0828 9.31 9.5423 
 9.7713 10.004 10.232 10.466 10.704 10.929 11.165 11.39 11.612 11.839 
 12.068 12.299 12.534 12.741 12.956 13.177 13.391 13.59 13.798 14.013 
 14.215 14.416 14.615 14.798 14.994 15.176 15.362 15.551 15.726 15.906 
 16.083 16.258 16.428 16.59 16.738 16.9 17.043 17.178 17.315 17.426 
 17.542 17.666 17.775 17.867 17.964 18.056 18.133 18.198 18.263 18.321 
 18.353 
2271.1 2277.2 2274.8 2271.6 2267.9 2263.4 2257.3 2250.7 2242.6 2233.6 
 2223.9 2212.7 2200.7 2188.8 2174.2 2160.2 2144.2 2127.7 2110.5 2092.2 
 2073.4 2053.9 2033.2 2012.4 1990.2 1967.9 1944.2 1920.7 1896.1 1870.9 
 1845.1 1819 1791.6 1764.1 1736.1 1707.4 1679.1 1649.6 1620.1 1590.3 
 1559.5 1528.5 1497.4 1465.8 1434 1402 1369.7 1336.9 1304.2 1270.9 
 1237.9 1204.4 1170.7 1137.3 1103.4 1069.4 1035.1 1000.5 965.83 931.61 
 897.3 862.78 828.46 793.72 759.19 724.79 690.31 656.08 622.22 588.7 
 554.8 521.51 488.53 455.76 423.65 392.07 360.5 329.41 298.66 268.68 
 238.96 210.08 181.72 154.2 127.53 101.43 76.333 52.153 29.558 9.668 
 3.0811 2.9907 2.9843 3.0171 3.1152 3.2128 3.3284 3.4729 3.6074 3.7709 
 3.9202 4.0756 4.2447 4.4069 4.5698 4.745 4.9183 5.0884 5.2633 5.4453 
 5.6187 5.8019 5.9837 6.1827 6.3671 6.5656 6.7614 6.962 7.1578 7.3655 
 7.5794 7.7697 7.9891 8.2009 8.4274 8.6363 8.8575 9.0769 9.2982 9.5189 
 9.7479 9.9796 10.208 10.448 10.686 10.922 11.148 11.387 11.621 11.848 
 12.076 12.31 12.541 12.763 12.982 13.204 13.423 13.639 13.853 14.061 
 14.269 14.463 14.675 14.876 15.079 15.266 15.449 15.63 15.818 15.992 
 16.176 16.338 16.505 16.656 16.823 16.959 17.102 17.239 17.356 17.492 
 17.588 17.725 17.822 17.906 17.997 18.075 18.133 18.185 18.257 18.295 
 18.353 
2271.1 2274.5 2272 2268.9 2264.3 2258.6 2251.7 2244.2 2236 2225.7 
 2216 2204 2191.3 2177.7 2163.2 2147.5 2131.4 2114 2096 2077.1 
 2057.8 2037.2 2016 1993.6 1971.1 1947.5 1923.4 1898.9 1873.5 1847.8 
 1821.3 1794.2 1766.7 1738.5 1709.7 1680.8 1651.7 1621.7 1591.2 1560.6 
 1529.6 1498.4 1467 1435.4 1402.9 1370.4 1337.9 1304.7 1271.9 1238.8 
 1205.6 1171.8 1138 1104.2 1070.1 1036.4 1002 967.87 933.52 899.14 
 865.27 830.58 796.6 762.43 728.26 693.69 659.87 625.83 592.14 558.87 
 525.35 492.53 459.73 427.19 395.26 363.7 332.97 302.33 272.3 243.14 
 214.23 187.04 159.86 133.16 107.01 81.865 57.665 34.784 14.852 3.5209 
 2.7891 2.7833 2.7961 2.8933 3.0104 3.1201 3.2619 3.3994 3.5547 3.6983 
 3.8484 4.0024 4.1582 4.3264 4.4951 4.6638 4.8196 4.9952 5.1635 5.3392 
 5.5029 5.6886 5.8847 6.046 6.246 6.4363 6.6122 6.8106 6.9994 7.1957 
 7.4075 7.6028 7.811 8.017 8.2334 8.4475 8.6611 8.8953 9.1089 9.3347 
 9.5554 9.7967 10.018 10.259 10.483 10.722 10.957 11.185 11.412 11.633 
 11.861 12.099 12.328 12.555 12.772 12.989 13.204 13.423 13.629 13.831 
 14.06 14.326 14.632 14.941 15.248 15.544 15.777 15.964 16.142 16.298 
 16.451 16.59 16.712 16.835 16.959 17.095 17.225 17.335 17.432 17.536 
 17.647 17.744 17.822 17.9 17.977 18.055 18.101 18.166 18.237 18.289 
 18.353 
2271.1 2268.3 2265.6 2261.7 2257.2 2251.1 2244.2 2235.9 2226.9 2216.9 
 2205.9 2193.5 2180.5 2167 2151.2 2135.8 2119 2101.1 2082.3 2062.9 
 2042.3 2021.2 1999.7 1977 1954.3 1930.4 1905 1880.1 1853.7 1827.3 
 1800.3 1773 1744.9 1716.2 1687.4 1657.5 1628.1 1597.9 1567.3 1536.4 
 1505.2 1473.4 1441.8 1410.4 1378.1 1345.1 1312.3 1279.4 1246.6 1213.2 
 1180.4 1146.6 1113 1079.4 1045.5 1011.5 977.44 943.66 909.52 875.46 
 841.34 807.36 773.1 739.19 705.12 671.25 637.4 603.89 570.67 537.85 
 504.97 472.31 440.64 408.99 378.17 347.35 316.57 286.87 257.44 228.83 
 200.47 173.12 146.23 119.9 94.761 70.162 46.75 25.35 9.332 2.9015 
 2.602 2.6417 2.7321 2.8293 2.9394 3.0644 3.1936 3.3303 3.4711 3.6143 
 3.7584 3.9145 4.064 4.2321 4.3857 4.535 4.7176 4.8789 5.0551 5.2252 
 5.3938 5.5563 5.7369 5.9037 6.0984 6.2756 6.458 6.6516 6.8408 7.0329 
 7.2222 7.4244 7.6186 7.8192 8.021 8.2328 8.4423 8.6564 8.8646 9.0723 
 9.286 9.5112 9.7319 9.9661 10.201 10.421 10.649 10.889 11.113 11.341 
 11.575 11.815 12.037 12.263 12.49 12.699 12.931 13.138 13.358 13.567 
 13.775 13.983 14.182 14.384 14.58 14.78 14.983 15.163 15.358 15.538 
 15.721 15.917 16.092 16.267 16.442 16.609 16.772 16.922 17.071 17.22 
 17.361 17.485 17.615 17.731 17.842 17.945 18.043 18.107 18.191 18.263 
 18.353 
2271.1 2262.5 2259.8 2256.3 2251.6 2245.3 2237.9 2229.2 2219.8 2209.3 
 2198.4 2185.6 2172.4 2157.9 2142.3 2126 2108.9 2091 2071.9 2052.6 
 2031.9 2010.3 1988.5 1965.4 1941.9 1917.5 1892.9 1867.7 1841.2 1814.2 
 1787.1 1759.9 1731 1702.3 1673.4 1643.9 1614 1583.4 1552.8 1521.9 
 1490.7 1458.9 1427.6 1395.6 1363 1330.8 1298 1265.1 1231.9 1198.8 
 1165.7 1132 1098.6 1065 1031.1 997.53 963.53 929.76 895.8 861.7 
 827.88 794.29 759.85 725.33 692.01 658.44 624.86 591.73 558.99 526.45 
 493.79 461.7 430.03 399.29 368.54 337.9 307.62 278.09 249.01 220.76 
 192.75 165.89 139.21 113.42 88.529 64.343 41.668 21.589 7.7579 3.7758 
 3.7761 3.9006 4.0354 4.186 4.3533 4.5026 4.6929 4.88 5.0602 5.2435 
 5.4385 5.6123 5.8151 6.0146 6.2115 6.411 6.6111 6.8193 7.0194 7.2235 
 7.4428 7.6429 7.8505 8.0593 8.2682 8.4806 8.6936 8.9088 9.1113 9.3295 
 9.5518 9.759 9.9795 10.187 10.407 10.608 10.834 11.045 11.269 11.49 
 11.705 11.927 12.14 12.353 12.555 12.783 12.988 13.19 13.397 13.607 
 13.819 14.015 14.228 14.423 14.618 14.812 14.993 15.175 15.338 15.513 
 15.689 15.849 16.012 16.156 16.311 16.472 16.616 16.752 16.882 17.024 
 17.147 17.277 17.395 17.504 17.589 17.699 17.796 17.913 17.997 18.068 
 18.153 18.217 18.276 18.354 18.418 18.444 18.444 18.444 18.425 18.412 
 18.353 
2271.1 2266.7 2264.7 2260.7 2255.7 2250.1 2242.8 2234.8 2225.1 2215.1 
 2203.5 2191.6 2178.5 2164 2148.7 2132.7 2116 2097.7 2079.2 2060 
 2039.8 2018.7 1996.5 1974.6 1950.9 1926.9 1902.2 1876.6 1850.7 1824.3 
 1797.4 1769.7 1741.5 1713.1 1684 1654.3 1624.6 1595.1 1564.3 1532.9 
 1501.5 1470.5 1439 1406.5 1374.2 1341.7 1308.9 1275.8 1242.7 1209.6 
 1176.4 1142.7 1109.2 1075.2 1041.6 1007.7 973.5 939.65 905.68 871.88 
 837.46 803.03 769.18 734.69 700.87 666.98 633.15 599.89 566.7 533.9 
 501.07 468.87 436.56 404.86 373.96 342.84 312.47 282.82 253.66 224.83 
 197.56 170.31 143.24 117.26 92.025 67.445 44.468 23.459 8.519 3.9439 
 3.841 3.9434 4.0913 4.2293 4.4048 4.5717 4.7477 4.9423 5.1186 5.317 
 5.5009 5.6988 5.8838 6.0844 6.2861 6.4909 6.6868 6.8938 7.1031 7.3108 
 7.5232 7.7443 7.944 8.1479 8.3667 8.5762 8.7968 9.0011 9.2232 9.4305 
 9.6497 9.8657 10.08 10.289 10.509 10.729 10.942 11.165 11.385 11.604 
 11.817 12.038 12.254 12.467 12.688 12.896 13.104 13.33 13.526 13.751 
 13.942 14.142 14.349 14.548 14.745 14.939 15.109 15.277 15.444 15.595 
 15.752 15.893 16.043 16.193 16.334 16.485 16.607 16.732 16.853 16.969 
 17.074 17.191 17.301 17.386 17.471 17.561 17.653 17.75 17.821 17.879 
 17.938 17.99 18.035 18.106 18.152 18.198 18.236 18.263 18.269 18.269 
 18.353 
2271.1 2267.5 2265.1 2262 2258.1 2252.6 2245.8 2238.4 2229.9 2220.5 
 2209.8 2198.2 2185.5 2172 2157.9 2142.8 2126.2 2109.5 2091.8 2072.7 
 2053 2032.5 2011.6 1989.7 1966.9 1944.1 1920.1 1895.2 1869.7 1844.7 
 1817.4 1790.3 1763.1 1735.4 1707 1677.7 1648.7 1618.9 1588.5 1558 
 1527 1495.9 1464.2 1432.5 1400.3 1368.3 1335.3 1302.6 1269.6 1236.8 
 1203 1169.6 1136 1102.2 1068.6 1034.8 1000.5 966.65 932.32 898 
 864.16 829.83 795.61 761.37 727.41 693.36 659.01 625.54 591.71 558.34 
 525.06 492.21 459.67 427.34 395.93 364.53 333.66 303.29 273 243.89 
 214.83 186.93 159.22 132.64 106.46 81.082 56.979 33.971 14.298 4.4456 
 4.0807 4.1665 4.2945 4.4372 4.5948 4.7691 4.9433 5.125 5.316 5.5214 
 5.716 5.9064 6.1054 6.3142 6.5196 6.7225 6.9308 7.1437 7.3502 7.555 
 7.7726 7.989 8.1956 8.4091 8.6174 8.8309 9.0392 9.2592 9.474 9.6946 
 9.907 10.128 10.335 10.552 10.778 10.98 11.2 11.427 11.654 11.868 
 12.096 12.316 12.536 12.749 12.965 13.171 13.372 13.592 13.786 13.996 
 14.189 14.384 14.598 14.805 14.988 15.176 15.352 15.512 15.682 15.843 
 15.999 16.155 16.291 16.446 16.583 16.739 16.869 16.998 17.128 17.245 
 17.348 17.458 17.562 17.647 17.718 17.803 17.887 17.978 18.043 18.101 
 18.152 18.198 18.23 18.269 18.328 18.334 18.334 18.334 18.334 18.334 
 18.353 
2271.1 2267.2 2265.4 2262.6 2258.4 2254 2248 2241.3 2233 2224.2 
 2214.6 2203.6 2191.7 2179 2165.3 2150.7 2135.1 2118.6 2101.2 2083.7 
 2064.9 2045 2025.1 2003.9 1981.7 1958.9 1936.2 1911.9 1887.1 1862.3 
 1836.3 1810.1 1783 1755.6 1727.7 1699.6 1671.1 1641.2 1611.6 1581.5 
 1551.3 1519.8 1488.7 1457.6 1425.5 1393.8 1361.1 1328.5 1295.9 1262.9 
 1229.5 1196.4 1162.5 1128.8 1094.8 1061.4 1026.8 992.67 958.5 924.07 
 889.57 855.47 821.21 786.61 752.81 718.2 683.79 650.17 616.23 582.47 
 548.96 516.2 482.97 450.51 418.2 386.29 354.89 323.74 293.32 263.23 
 233.78 205.74 177.71 150.44 123.55 97.625 72.575 48.471 26.058 7.6015 
 4.3861 4.3597 4.3852 4.4948 4.6505 4.7994 4.9743 5.155 5.358 5.5522 
 5.7453 5.9475 6.1545 6.3633 6.5645 6.771 6.9733 7.1979 7.4069 7.6134 
 7.8211 8.0287 8.2451 8.4587 8.6705 8.8681 9.0887 9.3017 9.517 9.7312 
 9.9552 10.17 10.387 10.599 10.807 11.045 11.248 11.468 11.682 11.896 
 12.119 12.336 12.558 12.765 12.973 13.167 13.381 13.578 13.79 13.978 
 14.18 14.382 14.587 14.772 14.96 15.135 15.316 15.485 15.652 15.802 
 15.958 16.106 16.258 16.413 16.555 16.704 16.835 16.958 17.087 17.203 
 17.315 17.425 17.528 17.607 17.678 17.763 17.847 17.937 17.996 18.048 
 18.094 18.126 18.172 18.217 18.268 18.288 18.321 18.327 18.327 18.327 
 18.353 
2271.1 2274 2272.6 2270.2 2266.6 2262.1 2256.9 2250.7 2243.1 2235.1 
 2226.2 2214.7 2203.2 2191.5 2177.8 2164.5 2149.1 2133.5 2116.8 2099.3 
 2080.9 2061.5 2041.6 2021.2 1999.9 1977.4 1954.6 1931.5 1907.3 1882.3 
 1856.9 1830.8 1804.1 1777.3 1749.6 1721.7 1693.3 1664.3 1634.7 1604.9 
 1574.5 1543.7 1513.1 1482 1449.6 1418.2 1385.8 1353 1320.8 1287.6 
 1254.2 1220.6 1186.8 1153.6 1119.2 1085.4 1050.6 1016.7 982.04 947.54 
 913.08 878.6 843.79 809.2 774.93 740.62 705.83 672.02 637.44 603.56 
 569.74 536.49 503.3 470.2 437.7 405.89 374.07 342.92 312.07 281.75 
 252.06 223.09 194.5 166.89 140.11 113.62 88.62 64.077 41.089 19.715 
 4.8769 4.6646 4.6646 4.684 4.7486 4.8533 4.9953 5.1596 5.3511 5.5598 
 5.7544 5.9772 6.1687 6.3827 6.6045 6.811 7.0193 7.2393 7.44 7.6505 
 7.8705 8.0894 8.3059 8.5171 8.7318 8.9395 9.1412 9.3683 9.5825 9.7972 
 10.01 10.223 10.437 10.652 10.855 11.079 11.293 11.508 11.728 11.936 
 12.145 12.372 12.586 12.792 13 13.196 13.39 13.593 13.791 13.98 
 14.163 14.357 14.54 14.733 14.915 15.096 15.264 15.427 15.582 15.739 
 15.895 16.044 16.205 16.348 16.485 16.622 16.757 16.887 17.011 17.127 
 17.25 17.36 17.459 17.555 17.633 17.718 17.802 17.899 17.964 18.016 
 18.075 18.113 18.165 18.236 18.301 18.341 18.386 18.379 18.379 18.379 
 18.353 
2271.1 2278.1 2276.7 2274.5 2271.3 2266.9 2262 2255.6 2248 2240.2 
 2231.8 2220.5 2209.3 2197.1 2184.2 2169.9 2154.8 2139.2 2123.2 2105.8 
 2087.2 2068.1 2047.6 2027 2005.7 1983.3 1960.8 1937 1912.7 1888.4 
 1862.4 1836.5 1810 1782.6 1755 1727.1 1698.1 1669.2 1639.6 1609.5 
 1579.1 1548.6 1517.6 1485.9 1454.5 1422.2 1389.7 1356.7 1324.1 1290.8 
 1257.5 1224.1 1190.2 1156.6 1122.6 1088.5 1053.8 1019.3 984.96 949.99 
 915.72 880.77 846.26 811.07 776.78 742.28 707.31 673.18 638.72 604.96 
 571.05 537.44 504.06 471.07 438.61 406.14 374.44 342.97 311.95 281.58 
 251.65 222.51 194.71 166.93 139.78 113.34 87.808 63.201 39.799 17.993 
 4.6957 4.2931 4.2883 4.3527 4.4762 4.6125 4.7678 4.9484 5.1504 5.3441 
 5.5323 5.7328 5.9351 6.1352 6.3363 6.5391 6.7462 6.9539 7.1621 7.3627 
 7.5617 7.7692 7.9774 8.1915 8.4004 8.6139 8.8163 9.0292 9.2416 9.4563 
 9.6757 9.8858 10.112 10.319 10.538 10.748 10.969 11.181 11.39 11.612 
 11.826 12.033 12.258 12.469 12.668 12.868 13.064 13.263 13.459 13.672 
 13.869 14.057 14.258 14.445 14.634 14.803 14.985 15.152 15.31 15.473 
 15.62 15.758 15.924 16.062 16.212 16.36 16.485 16.613 16.736 16.847 
 16.964 17.074 17.179 17.257 17.354 17.438 17.541 17.613 17.684 17.763 
 17.814 17.86 17.924 17.996 18.061 18.106 18.158 18.204 18.237 18.25 
 18.353 
2271.1 2276.2 2274.9 2273 2270.4 2266.1 2260.8 2254.8 2247.9 2239.2 
 2230.1 2219.9 2208.8 2196.7 2183.5 2168.9 2154.3 2137.9 2120.6 2103.2 
 2084.3 2065 2045.3 2024.1 2001.8 1978.9 1955.7 1931.8 1907.2 1882.2 
 1856.2 1829.8 1802.8 1775.1 1747.5 1718.9 1690.1 1660.3 1630.9 1600.6 
 1569.7 1538.8 1507.4 1476 1444.2 1412.4 1379.6 1346.7 1314.4 1280.6 
 1247.4 1213.7 1180.3 1146.3 1111.9 1078.3 1043.9 1009.6 975.25 940.56 
 906.38 872.05 837.38 802.97 768.71 734.3 699.47 665.74 631.57 597.54 
 563.81 530.47 497.38 464.49 432.41 400.69 368.97 338.05 307.39 277.33 
 247.94 219.11 190.89 163.39 136.53 110.42 85.306 60.802 37.659 16.939 
 4.7703 3.9382 4.023 4.1327 4.2755 4.4252 4.5995 4.7692 4.9629 5.15 
 5.3452 5.5349 5.7221 5.9173 6.112 6.311 6.5067 6.7214 6.9145 7.1291 
 7.3298 7.5402 7.7473 7.9473 8.1567 8.3626 8.5692 8.7839 8.9968 9.1939 
 9.4127 9.6263 9.8345 10.063 10.263 10.484 10.705 10.919 11.14 11.352 
 11.581 11.795 12.009 12.238 12.455 12.67 12.879 13.092 13.3 13.512 
 13.708 13.923 14.131 14.332 14.538 14.72 14.89 15.072 15.245 15.41 
 15.576 15.732 15.882 16.038 16.205 16.349 16.491 16.621 16.757 16.88 
 16.991 17.107 17.212 17.302 17.393 17.472 17.581 17.659 17.751 17.821 
 17.893 17.945 18.028 18.145 18.198 18.263 18.302 18.308 18.308 18.308 
 18.353 
2271.1 2270.6 2270.4 2267.8 2264.7 2260.8 2255.7 2249.4 2242.2 2233.8 
 2224.6 2213.8 2201.9 2189.7 2175.8 2161.8 2145.7 2129.6 2112.1 2094.2 
 2075.5 2055.4 2034.3 2013.1 1991.2 1967.7 1944 1919.6 1894.7 1869.1 
 1842.9 1816.3 1788.7 1761 1732.7 1704.2 1675.1 1644.9 1615.2 1584.3 
 1553.5 1522.5 1490.9 1459.3 1427.5 1395.2 1362.7 1330 1297 1263.9 
 1230.5 1197.1 1163.7 1130 1095.9 1062.3 1028.1 993.91 960.02 925.74 
 891.62 857.42 822.87 788.53 754.58 720.05 685.88 652.21 618.39 584.98 
 551.62 518.8 486.3 453.95 421.96 390.39 359.38 328.8 298.69 269.17 
 240.07 212.11 184.76 157.97 131.7 105.87 80.993 57.025 34.59 15.467 
 4.8036 3.75 3.782 3.8979 4.0472 4.1968 4.3705 4.5402 4.7159 4.902 
 5.0917 5.2799 5.474 5.6622 5.8514 6.0632 6.2522 6.4468 6.6596 6.8615 
 7.0749 7.2715 7.4855 7.6921 7.8944 8.1067 8.3075 8.5167 8.7355 8.9521 
 9.165 9.378 9.5951 9.8069 10.034 10.242 10.46 10.681 10.896 11.125 
 11.339 11.567 11.785 12.012 12.239 12.455 12.676 12.901 13.123 13.337 
 13.558 13.77 13.998 14.201 14.422 14.614 14.805 14.999 15.187 15.36 
 15.542 15.711 15.867 16.035 16.193 16.348 16.509 16.639 16.782 16.918 
 17.042 17.171 17.282 17.379 17.476 17.567 17.678 17.763 17.841 17.912 
 17.983 18.035 18.081 18.133 18.19 18.217 18.25 18.263 18.263 18.263 
 18.353 
2271.1 2264.6 2264.8 2262.2 2259.3 2255.5 2250 2244 2236 2227.4 
 2217.7 2207 2195.4 2182.5 2169.2 2154.8 2139.5 2123.2 2105.7 2087.2 
 2068.6 2048.4 2028.2 2006.5 1984.2 1960.9 1937.3 1913.5 1888.1 1862.4 
 1836.4 1809 1782.1 1754.2 1725.7 1697.1 1668.1 1638.6 1607.8 1577.3 
 1547.1 1516.1 1484.7 1452.9 1421.2 1388.6 1356.5 1323.7 1290.9 1257.8 
 1224.9 1191.4 1158 1124.4 1090.7 1057.2 1023.2 989.41 954.58 920.64 
 886.69 852.24 818.57 784.4 750.27 716.36 682.53 648.8 615.33 582.25 
 549.32 516.34 484.1 452.11 420.33 388.93 358.08 327.61 297.62 268.4 
 239.52 211.46 184.44 157.65 131.38 105.56 80.693 56.932 34.732 15.503 
 4.087 2.478 2.4653 2.4912 2.5754 2.6857 2.7825 2.9125 3.0365 3.1655 
 3.3139 3.4518 3.5942 3.7422 3.8983 4.046 4.2098 4.3591 4.5217 4.677 
 4.8522 5.0191 5.1896 5.3565 5.5247 5.7067 5.882 6.0646 6.2608 6.4346 
 6.6275 6.8178 7.026 7.2127 7.4154 7.6079 7.8112 8.0189 8.2254 8.4342 
 8.646 8.8548 9.0819 9.2837 9.5141 9.749 9.9691 10.212 10.423 10.65 
 10.877 11.111 11.333 11.567 11.787 11.993 12.22 12.452 12.669 12.89 
 13.105 13.338 13.546 13.759 13.978 14.18 14.395 14.604 14.817 15.011 
 15.224 15.438 15.641 15.834 16.038 16.236 16.42 16.619 16.808 16.991 
 17.171 17.346 17.51 17.646 17.781 17.925 18.023 18.126 18.217 18.321 
 18.353 
2271.1 2268.9 2268.4 2267.2 2264.2 2260.3 2255 2249.2 2241.6 2233.2 
 2224.2 2213.2 2201.4 2188.9 2176 2160.8 2145.8 2129.1 2111.9 2093.7 
 2074.8 2055.1 2034.9 2013.9 1990.9 1968.3 1944.9 1920.8 1895.5 1870.1 
 1844.7 1817.5 1790 1762.5 1734.1 1705.6 1676.3 1646.8 1616.5 1586.3 
 1555.6 1524.9 1493 1461.5 1429.6 1397.4 1365.7 1332.3 1299.5 1266.3 
 1233.3 1199.8 1166.4 1133.3 1098.9 1065.3 1031.4 997.48 963.22 929.31 
 895.04 860.78 826.68 792.34 758.04 724.1 690.12 656.17 622.79 589.44 
 556.12 523.26 490.84 458.6 426.69 395.74 364.79 334.07 303.9 274.36 
 245.28 216.95 189.02 161.59 135.24 109.15 83.945 59.841 36.976 16.974 
 4.5002 2.4719 2.4848 2.5497 2.6351 2.7327 2.8496 2.9722 3.0964 3.2376 
 3.3739 3.511 3.6598 3.8034 3.9533 4.1146 4.2695 4.4265 4.5827 4.7437 
 4.9184 5.082 5.2489 5.4196 5.5942 5.7626 5.9438 6.118 6.3083 6.496 
 6.6851 6.8713 7.0725 7.2672 7.4753 7.669 7.8761 8.0919 8.2985 8.5256 
 8.7421 8.961 9.1894 9.4147 9.6497 9.8904 10.129 10.372 10.607 10.854 
 11.082 11.341 11.582 11.828 12.056 12.296 12.529 12.77 12.995 13.217 
 13.437 13.66 13.886 14.106 14.308 14.533 14.741 14.95 15.156 15.364 
 15.56 15.773 15.957 16.168 16.337 16.52 16.695 16.869 17.03 17.194 
 17.324 17.472 17.614 17.719 17.809 17.919 18.003 18.088 18.172 18.256 
 18.353 
2271.1 2269.1 2268.4 2265.6 2263.1 2258.9 2253.5 2247.3 2240.2 2231.8 
 2222.8 2212.1 2201.2 2188.8 2175.6 2161.4 2146.4 2130.7 2113.1 2094.9 
 2076.6 2057.1 2036.4 2015.3 1993.5 1971 1947.5 1924.1 1899 1874 
 1848 1822 1794.8 1767.4 1739.6 1711.1 1682.7 1653 1623.2 1593.2 
 1562.6 1531.6 1500.7 1469.2 1437.5 1405.1 1373 1340.5 1306.9 1274.1 
 1241.1 1207.7 1174.1 1140.9 1106.7 1073.1 1039.4 1005.2 971.01 936.62 
 902.65 868.36 834.59 800.44 766.15 732.29 698.07 663.92 630.13 596.63 
 563.08 529.59 497.36 464.4 431.75 399.97 368.98 337.83 307.36 277.75 
 248.14 219.32 192.01 164.72 137.83 111.74 86.289 61.544 38.162 17.07 
 3.9502 2.6465 2.608 2.6144 2.6916 2.7885 2.8995 3.0235 3.1579 3.2941 
 3.4437 3.5998 3.7362 3.8914 4.0544 4.2033 4.3642 4.5272 4.7014 4.866 
 5.0329 5.2085 5.3722 5.5455 5.7207 5.9083 6.09 6.2727 6.4658 6.662 
 6.8637 7.1038 7.3439 7.5775 7.7706 7.9073 8.1032 8.3278 8.5409 8.7691 
 8.9898 9.2156 9.4561 9.6969 9.9306 10.177 10.418 10.657 10.897 11.139 
 11.372 11.612 11.851 12.084 12.313 12.546 12.779 13.005 13.219 13.435 
 13.647 13.861 14.059 14.277 14.474 14.674 14.874 15.071 15.265 15.46 
 15.639 15.843 16.029 16.198 16.381 16.563 16.724 16.875 17.036 17.178 
 17.333 17.464 17.588 17.692 17.802 17.905 17.989 18.1 18.172 18.256 
 18.353 
2271.1 2268.6 2268 2264.5 2261.4 2257.1 2251.6 2245.5 2238.3 2229.9 
 2220.6 2210.7 2199.4 2187.5 2174.2 2160 2145.6 2129.4 2112.7 2095.2 
 2076.6 2057.6 2038.1 2017.2 1995.8 1973.4 1950.3 1927.2 1903.1 1877.9 
 1852.4 1826.2 1799.8 1772.8 1745.2 1717.3 1688.7 1659.8 1630.2 1600.7 
 1570.1 1539.4 1508.2 1477.5 1445.9 1414 1382.4 1349.4 1316.9 1284 
 1251 1217.9 1184.3 1151 1116.9 1083.4 1049.5 1015.3 981.33 947.14 
 912.85 878.53 844.51 810.11 775.98 741.83 707.62 673.36 639.6 605.88 
 572.75 539.21 506.4 473.59 441.28 409.67 378.33 347 316.27 286.3 
 256.37 227.48 198.99 171 143.91 117.39 91.738 66.853 43.225 20.842 
 4.252 2.8739 2.8611 2.8681 2.9325 3.0051 3.1142 3.2322 3.3694 3.5166 
 3.6663 3.823 3.9834 4.1461 4.3022 4.4585 4.6282 4.8011 4.9722 5.1476 
 5.3332 5.4969 5.6777 5.8659 6.0545 6.2347 6.4381 6.6376 6.8399 7.0405 
 7.2411 7.4482 7.6642 7.8842 8.0977 8.3113 8.5254 8.7473 8.9732 9.2004 
 9.434 9.6639 9.9094 10.128 10.383 10.621 10.841 11.077 11.305 11.544 
 11.775 12.002 12.224 12.458 12.681 12.899 13.113 13.32 13.54 13.749 
 13.962 14.169 14.364 14.561 14.761 14.95 15.143 15.325 15.508 15.689 
 15.884 16.051 16.234 16.401 16.565 16.721 16.863 17.012 17.141 17.278 
 17.421 17.536 17.653 17.763 17.868 17.971 18.062 18.147 18.237 18.321 
 18.353 
2271.1 2273.9 2271.3 2269.4 2265.4 2261.1 2255.7 2249 2241.1 2232.3 
 2222.6 2213 2201.2 2188.5 2174.7 2161.1 2145.8 2129.5 2113 2094.3 
 2076.6 2057.5 2037.3 2016.8 1995.4 1972.8 1950 1926.8 1902.2 1877.1 
 1851.9 1825.8 1798.7 1772.2 1745 1716.3 1687.9 1659.1 1629.4 1599.1 
 1569 1538.8 1507.5 1476.5 1444.7 1412.7 1380.7 1348 1315.3 1282.4 
 1249.3 1216.1 1182.1 1148.8 1114.7 1081.3 1046.9 1012.8 978.38 944.45 
 909.66 875.18 841.23 806.84 772.34 738.22 703.76 669.61 635.9 602.2 
 568.43 535.28 502.35 469.27 436.78 404.86 373.33 342.16 311.42 281.63 
 251.96 223.08 195.69 168.3 141.43 115.31 90.07 65.657 42.212 20.694 
 4.4345 3.5287 3.2953 3.1727 3.153 3.1594 3.2315 3.3342 3.4708 3.639 
 3.7896 3.9565 4.1262 4.3078 4.4761 4.6578 4.8409 5.0202 5.2044 5.3851 
 5.5743 5.7669 5.9572 6.1497 6.3509 6.5381 6.7478 6.9496 7.1544 7.3573 
 7.5661 7.7779 7.9921 8.2003 8.428 8.6363 8.8622 9.0828 9.31 9.5423 
 9.7713 10.004 10.232 10.466 10.704 10.929 11.165 11.39 11.612 11.839 
 12.068 12.299 12.534 12.741 12.956 13.177 13.391 13.59 13.798 14.013 
 14.215 14.416 14.615 14.798 14.994 15.176 15.362 15.551 15.726 15.906 
 16.083 16.258 16.428 16.59 16.738 16.9 17.043 17.178 17.315 17.426 
 17.542 17.666 17.775 17.867 17.964 18.056 18.133 18.198 18.263 18.321 
 18.353 
