IESNA:LM-63-2002
[TEST] 1
[TESTLAB] 
[TESTDATE] 2025-02-20
[ISSUEDATE] 2025-02-20 20:04:02
[LAMPPOSITION] 0,0
[OTHER] EVERFINE GO-2000A_V1 SYSTEM
[MANUFAC] 
[LUMINAIRE] 50W-4000K
[LAMP] DB77E-4-50L-UD-P-A5W5C5
TILT=NONE
1 6223.4 1 181 17 1 2 0.060 1.200 0.000
1.000 1 45.8977
0.0    1.0    2.0    3.0    4.0    5.0    6.0    7.0    8.0    9.0    
 10.0   11.0   12.0   13.0   14.0   15.0   16.0   17.0   18.0   19.0   
 20.0   21.0   22.0   23.0   24.0   25.0   26.0   27.0   28.0   29.0   
 30.0   31.0   32.0   33.0   34.0   35.0   36.0   37.0   38.0   39.0   
 40.0   41.0   42.0   43.0   44.0   45.0   46.0   47.0   48.0   49.0   
 50.0   51.0   52.0   53.0   54.0   55.0   56.0   57.0   58.0   59.0   
 60.0   61.0   62.0   63.0   64.0   65.0   66.0   67.0   68.0   69.0   
 70.0   71.0   72.0   73.0   74.0   75.0   76.0   77.0   78.0   79.0   
 80.0   81.0   82.0   83.0   84.0   85.0   86.0   87.0   88.0   89.0   
 90.0   91.0   92.0   93.0   94.0   95.0   96.0   97.0   98.0   99.0   
 100.0  101.0  102.0  103.0  104.0  105.0  106.0  107.0  108.0  109.0  
 110.0  111.0  112.0  113.0  114.0  115.0  116.0  117.0  118.0  119.0  
 120.0  121.0  122.0  123.0  124.0  125.0  126.0  127.0  128.0  129.0  
 130.0  131.0  132.0  133.0  134.0  135.0  136.0  137.0  138.0  139.0  
 140.0  141.0  142.0  143.0  144.0  145.0  146.0  147.0  148.0  149.0  
 150.0  151.0  152.0  153.0  154.0  155.0  156.0  157.0  158.0  159.0  
 160.0  161.0  162.0  163.0  164.0  165.0  166.0  167.0  168.0  169.0  
 170.0  171.0  172.0  173.0  174.0  175.0  176.0  177.0  178.0  179.0  
 180.0  
0.0    22.5   45.0   67.5   90.0   112.5  135.0  157.5  180.0  202.5  
 225.0  247.5  270.0  292.5  315.0  337.5  360.0  
2321.6 2324.5 2322.6 2319.7 2315.9 2311.2 2305.6 2298.7 2291.3 2281.6 
 2272 2261.7 2249.9 2237.7 2223.5 2209.1 2193.5 2177.4 2160.2 2142.6 
 2123.1 2103.3 2083.3 2061.4 2040 2017.1 1993.6 1969.8 1945.5 1919.7 
 1894.1 1866.9 1839.9 1812 1784.1 1755.2 1726.4 1696.4 1666.6 1636 
 1605 1573.5 1541.7 1510 1477.7 1445.3 1412.3 1379.4 1345.9 1311.7 
 1277.8 1244.2 1209.5 1175.4 1140.8 1106.2 1071.5 1036.7 1001.2 966.06 
 931.18 895.68 861.15 825.87 790.45 755.69 720.41 685.45 650.92 616.39 
 581.87 547.6 513.94 480.45 447.29 414.59 382.22 350.15 318.89 288.59 
 258.11 228.47 200.39 172.32 144.76 118.11 92.221 67.389 43.628 21.239 
 4.5028 3.6675 3.4344 3.3032 3.2894 3.2957 3.3666 3.476 3.6317 3.8016 
 3.9704 4.1446 4.3268 4.4946 4.6831 4.8713 5.0595 5.2334 5.4347 5.6166 
 5.8106 5.9994 6.2151 6.4082 6.6018 6.8145 7.0281 7.2333 7.4463 7.6529 
 7.8804 8.0952 8.3223 8.5295 8.7706 8.9697 9.2086 9.4378 9.6765 9.9062 
 10.144 10.384 10.625 10.859 11.1 11.343 11.579 11.813 12.044 12.281 
 12.501 12.733 12.958 13.189 13.406 13.624 13.851 14.07 14.282 14.497 
 14.7 14.906 15.101 15.303 15.504 15.68 15.888 16.069 16.263 16.438 
 16.619 16.802 16.969 17.138 17.301 17.451 17.598 17.743 17.88 18.008 
 18.124 18.235 18.346 18.443 18.535 18.625 18.697 18.761 18.84 18.892 
 18.924 
2321.6 2327.8 2325.7 2323 2318.9 2313.7 2308 2300.7 2291.9 2282.8 
 2272.7 2261.5 2249.3 2235.9 2221.9 2207.4 2191 2174.7 2156.9 2138.3 
 2118.6 2098.5 2078.1 2056.2 2034 2010.6 1986.9 1963.2 1937.7 1912.2 
 1885.2 1859 1831.2 1803.4 1775.1 1745.9 1716.5 1686.6 1656 1625.6 
 1594 1562.6 1530.8 1498.7 1466.3 1433.3 1400.5 1367.1 1333 1299.6 
 1265.8 1231.6 1197.2 1163.1 1128 1093.1 1058.4 1023.4 988.12 952.51 
 917.33 882.1 846.97 811.45 776.26 741.18 705.97 670.8 636.23 601.68 
 567.08 532.99 499.46 465.81 432.68 400.57 368.46 336.57 305.1 274.35 
 244.07 214.49 185.75 157.4 129.96 103.48 77.675 52.995 30.056 9.6055 
 3.1914 3.1076 3.108 3.1538 3.2507 3.3485 3.4791 3.6161 3.7765 3.9335 
 4.0885 4.2563 4.4334 4.6022 4.776 4.9507 5.1205 5.3076 5.4849 5.6705 
 5.8592 6.0486 6.2496 6.4378 6.6304 6.8398 7.0527 7.2475 7.4696 7.664 
 7.8795 8.1041 8.3259 8.5407 8.7595 8.9789 9.2156 9.4415 9.6706 9.9036 
 10.137 10.368 10.615 10.843 11.078 11.324 11.57 11.791 12.038 12.282 
 12.51 12.737 12.972 13.205 13.436 13.658 13.881 14.099 14.325 14.539 
 14.759 14.963 15.162 15.371 15.565 15.767 15.963 16.15 16.343 16.519 
 16.694 16.868 17.045 17.205 17.349 17.506 17.654 17.784 17.913 18.043 
 18.174 18.276 18.393 18.484 18.574 18.633 18.711 18.756 18.821 18.853 
 18.924 
2321.6 2324.5 2322.5 2318.8 2314.2 2309.4 2302.3 2293.9 2285 2274.6 
 2264.2 2252.4 2238.9 2225.4 2210.5 2195.6 2177.8 2160.3 2141.9 2123.1 
 2102.9 2082.1 2060.2 2037.7 2014.5 1990.7 1965.9 1940.6 1914.9 1887.8 
 1860.8 1833.5 1805.5 1776.5 1747.7 1717.8 1687.7 1657.3 1626.7 1594.7 
 1563.3 1531.5 1498.9 1466.5 1434.1 1400.8 1367.7 1333.8 1300.1 1266 
 1232.2 1197.7 1163.3 1128.6 1094 1059.3 1024.5 989.09 953.85 919.13 
 884.2 848.89 814.1 779.24 744.19 709.33 674.48 639.59 605.25 571.27 
 536.86 502.9 469.78 436.41 403.62 371.44 339.87 308.47 277.95 248.14 
 218.47 190.51 162.57 135.32 108.97 83.293 58.636 35.096 14.736 3.6121 
 2.8953 2.8935 2.913 3.0162 3.1391 3.2563 3.3917 3.5429 3.6858 3.8535 
 4.0102 4.1711 4.3333 4.509 4.6763 4.8505 5.0286 5.2028 5.3785 5.5602 
 5.7414 5.9226 6.1059 6.3054 6.4985 6.6932 6.8937 7.0847 7.2924 7.5042 
 7.6995 7.9206 8.1295 8.3442 8.5625 8.7831 9.0031 9.2237 9.4566 9.6863 
 9.9251 10.163 10.398 10.64 10.879 11.12 11.357 11.587 11.824 12.048 
 12.288 12.518 12.756 12.986 13.214 13.435 13.662 13.877 14.096 14.311 
 14.526 14.791 15.122 15.448 15.77 16.07 16.335 16.523 16.719 16.875 
 17.017 17.159 17.283 17.413 17.53 17.678 17.801 17.906 18.016 18.12 
 18.23 18.327 18.418 18.495 18.568 18.619 18.697 18.756 18.814 18.866 
 18.924 
2321.6 2318.6 2316 2311.9 2307.2 2301.3 2293.9 2286 2276.3 2266.5 
 2255.1 2242.6 2228.9 2214.5 2199.8 2183.4 2165.6 2147.6 2128.6 2109.2 
 2088 2066.4 2044.4 2021 1997.4 1972.8 1948 1922.6 1895.5 1868.6 
 1840.8 1813.1 1784.2 1755.2 1726.4 1695.4 1665.3 1633.9 1602.7 1571.1 
 1539.2 1507.1 1474.5 1441.9 1408.9 1375.5 1342.5 1308.6 1274.6 1240.8 
 1207 1172.6 1138 1103.8 1068.9 1034.4 999.6 964.89 930.12 895.24 
 860.54 825.33 790.42 755.64 720.8 686.01 651.79 617.23 583.29 549.79 
 515.99 482.83 450.31 417.74 386.14 354.53 323.36 292.75 262.71 233.44 
 204.44 176.38 149.01 122.13 96.261 71.129 47.269 25.438 9.207 2.9642 
 2.6927 2.7583 2.8368 2.9393 3.0562 3.1924 3.3154 3.4582 3.6208 3.7652 
 3.9124 4.0767 4.2304 4.4052 4.5624 4.7388 4.9048 5.0814 5.2503 5.4309 
 5.6017 5.7814 5.971 6.1459 6.339 6.5342 6.7278 6.9182 7.1177 7.3119 
 7.5136 7.7207 7.93 8.1319 8.3442 8.5524 8.7596 8.9738 9.2015 9.4229 
 9.6557 9.8752 10.109 10.337 10.575 10.811 11.049 11.296 11.525 11.756 
 11.998 12.238 12.471 12.7 12.931 13.151 13.387 13.606 13.833 14.048 
 14.269 14.483 14.695 14.896 15.112 15.318 15.527 15.709 15.908 16.111 
 16.286 16.475 16.676 16.851 17.03 17.192 17.362 17.517 17.666 17.816 
 17.971 18.107 18.231 18.354 18.458 18.562 18.652 18.73 18.814 18.872 
 18.924 
2321.6 2312.8 2309.8 2305.9 2300.7 2294.3 2287 2278.8 2269 2258.4 
 2246.5 2233.5 2220.2 2205.3 2189.6 2172.8 2154.8 2136.4 2117.1 2097.3 
 2076 2054.5 2031.6 2008.5 1984.6 1959.5 1934.1 1908.2 1881.4 1854.4 
 1826.5 1798.2 1769.6 1740 1710.1 1680 1649.5 1618.4 1586.8 1555.6 
 1523.4 1491.2 1458.9 1426.2 1393.1 1360.1 1326.7 1293 1259 1225.1 
 1191.3 1156.7 1122.9 1088.5 1053.7 1019.6 984.51 950.14 915.15 880.43 
 845.95 810.83 776.09 741.18 706.99 672.46 638.3 604.28 570.89 537.45 
 503.76 471.46 438.76 406.75 374.75 344.39 313.43 283.4 253.77 224.61 
 196.05 168.52 141.33 114.91 89.324 64.697 41.633 21.157 7.4038 3.815 
 3.8738 3.9968 4.14 4.2949 4.4525 4.6199 4.8033 4.9984 5.1905 5.3786 
 5.5614 5.7556 5.9621 6.1585 6.365 6.5679 6.7733 6.9816 7.1951 7.3992 
 7.6116 7.8198 8.0346 8.2494 8.4675 8.6759 8.9035 9.116 9.3449 9.5637 
 9.7837 9.9991 10.226 10.442 10.654 10.888 11.109 11.329 11.557 11.778 
 11.991 12.231 12.446 12.687 12.907 13.12 13.346 13.554 13.773 13.983 
 14.192 14.41 14.626 14.826 15.028 15.227 15.428 15.611 15.791 15.987 
 16.156 16.336 16.511 16.693 16.842 16.999 17.141 17.285 17.433 17.556 
 17.712 17.835 17.953 18.063 18.166 18.27 18.4 18.503 18.588 18.679 
 18.743 18.814 18.879 18.951 19.016 19.054 19.054 19.054 19.035 19.022 
 18.924 
2321.6 2317.7 2315.2 2311.1 2306.2 2300.5 2292.8 2284.9 2275.6 2264.5 
 2253 2240.2 2226.8 2212.3 2197.1 2180.8 2163.5 2145.6 2126.1 2106.1 
 2085.3 2063.8 2042 2018.4 1995.2 1970.4 1944.8 1919.2 1892.1 1865.3 
 1837.5 1809.5 1780.8 1751.8 1722.2 1692 1661.7 1630.8 1599.5 1567.7 
 1535.6 1503.8 1471.3 1438.5 1405.8 1372.1 1339 1305 1271.3 1237.2 
 1203.3 1168.6 1134.2 1099.9 1065.4 1030.7 995.49 960.82 926.2 891.06 
 856.41 821.27 786.33 751.22 716.81 682.09 647.28 613.34 579.38 545.6 
 511.85 478.99 445.94 413.36 381.47 350.02 319 288.5 258.63 229.25 
 201.37 173.5 145.87 119.18 93.219 68.281 44.619 23.183 8.1991 3.9634 
 3.9445 4.0469 4.1891 4.352 4.5142 4.6874 4.8769 5.0656 5.2586 5.4619 
 5.6437 5.8426 6.0384 6.2395 6.4337 6.6535 6.8549 7.0689 7.2783 7.506 
 7.7044 7.9207 8.1343 8.3472 8.5806 8.7891 9.0044 9.2284 9.4561 9.671 
 9.8968 10.12 10.339 10.555 10.785 11.002 11.227 11.448 11.669 11.889 
 12.119 12.35 12.571 12.797 13.026 13.245 13.46 13.675 13.894 14.108 
 14.33 14.542 14.743 14.953 15.148 15.348 15.522 15.706 15.875 16.063 
 16.23 16.405 16.549 16.717 16.86 16.996 17.125 17.268 17.392 17.515 
 17.632 17.75 17.859 17.951 18.034 18.138 18.243 18.326 18.398 18.47 
 18.528 18.561 18.632 18.691 18.748 18.788 18.814 18.853 18.853 18.853 
 18.924 
2321.6 2318.4 2315.1 2311.9 2307.4 2301.9 2295 2287.3 2279.5 2269.5 
 2258.8 2246.8 2234.1 2220.6 2205.5 2190.2 2173.4 2156.2 2137.9 2118.8 
 2098.9 2078 2056.8 2034.5 2011.3 1987.8 1963.2 1937.9 1912.2 1886 
 1858.4 1831.4 1803.2 1774.6 1745.4 1716.4 1686.2 1655.5 1624.9 1593.4 
 1561.6 1530 1497.9 1465.2 1432.7 1399.8 1366.2 1332.2 1298.8 1264.7 
 1230.7 1196.7 1162.4 1127.8 1092.8 1058.7 1023.6 988.64 953.61 918.54 
 883.63 848.89 813.75 778.58 744.1 709.05 674.15 639.4 605.21 571.04 
 536.49 503.14 469.97 436.83 404.77 372.73 340.82 309.52 278.9 248.91 
 219.35 190.66 162.3 135.13 108.26 82.404 57.644 34.21 14.193 4.4878 
 4.1789 4.2813 4.4048 4.5492 4.7111 4.8859 5.0741 5.2682 5.4644 5.6452 
 5.8534 6.0594 6.2659 6.4741 6.6748 6.8835 7.0994 7.3059 7.5248 7.7395 
 7.9625 8.176 8.3832 8.6149 8.8297 9.0515 9.2657 9.4858 9.7246 9.9393 
 10.159 10.386 10.595 10.822 11.041 11.268 11.483 11.716 11.944 12.179 
 12.399 12.639 12.852 13.091 13.312 13.521 13.746 13.948 14.168 14.377 
 14.586 14.797 14.999 15.213 15.409 15.597 15.779 15.959 16.14 16.315 
 16.486 16.647 16.817 16.966 17.116 17.251 17.387 17.524 17.641 17.776 
 17.879 18.01 18.101 18.192 18.282 18.373 18.477 18.555 18.613 18.678 
 18.736 18.775 18.821 18.872 18.911 18.931 18.931 18.931 18.931 18.931 
 18.924 
2321.6 2317.9 2316.9 2313.8 2309.5 2304.6 2298.2 2291.5 2283 2274.1 
 2264.8 2253.2 2241 2228 2214.1 2199.1 2183.8 2166.7 2149 2131.1 
 2111.7 2091.6 2070.6 2049.3 2027.3 2004.4 1980.9 1956.2 1931.4 1905.6 
 1879.1 1852.2 1825.1 1796.9 1768 1739.3 1709.5 1680 1650.1 1618.3 
 1587.3 1555.8 1523.9 1491.6 1458.9 1426.5 1393.5 1360.1 1326.7 1292.5 
 1258.5 1224.7 1190.7 1155.6 1121.3 1086.9 1051.8 1016.5 981.6 946.45 
 911.33 876.05 841.04 805.46 770.51 735.53 700.08 665.72 630.74 596.4 
 562.06 528.36 494.45 461.13 428.38 395.35 363.37 331.46 300.11 269.45 
 239.17 209.99 181.61 153.65 126.26 99.647 74.028 49.392 26.335 7.6375 
 4.4944 4.4635 4.4958 4.6125 4.7604 4.9234 5.1055 5.2932 5.5008 5.6895 
 5.8826 6.0983 6.3107 6.5237 6.7138 6.9413 7.1549 7.369 7.5756 7.7955 
 8.0091 8.225 8.438 8.658 8.8722 9.0939 9.3017 9.5332 9.7635 9.9777 
 10.195 10.429 10.646 10.873 11.093 11.32 11.54 11.754 11.986 12.203 
 12.433 12.651 12.875 13.092 13.316 13.538 13.74 13.947 14.147 14.354 
 14.581 14.783 14.979 15.179 15.38 15.544 15.745 15.919 16.094 16.271 
 16.437 16.601 16.762 16.925 17.074 17.21 17.347 17.489 17.6 17.717 
 17.84 17.957 18.054 18.144 18.235 18.321 18.423 18.496 18.547 18.613 
 18.658 18.69 18.736 18.787 18.839 18.859 18.872 18.898 18.898 18.898 
 18.924 
2321.6 2324.8 2323.3 2320.9 2317.3 2312.8 2307.3 2301 2293.8 2285.2 
 2275.2 2264.9 2253.3 2240.5 2227.3 2213.1 2197.9 2181.7 2164.1 2147.3 
 2128.4 2109 2088.4 2067.5 2045.8 2023.7 2000.1 1976.9 1952.3 1926.8 
 1900.1 1873.6 1847.2 1818.9 1791 1762 1733.2 1702.9 1673.4 1643.3 
 1611.8 1580.5 1548.8 1517 1484.3 1451.9 1418.9 1385.5 1352.2 1318.3 
 1284.1 1250 1215.4 1180.8 1146.4 1111.5 1076.2 1041.6 1006.1 970.6 
 935.31 899.92 864.56 828.97 793.99 758.54 722.99 688.2 653.25 618.3 
 583.65 549.39 515.27 481.48 448.34 415.46 383.32 351.19 319.65 288.69 
 258.16 228.66 199.46 171.07 143.31 116.38 90.61 65.711 42.074 20.16 
 4.9914 4.7814 4.7814 4.7944 4.8613 4.9781 5.1194 5.2836 5.4964 5.6848 
 5.8937 6.113 6.3226 6.5402 6.7567 6.9685 7.1839 7.4092 7.6298 7.8439 
 8.0516 8.2874 8.4946 8.7095 8.9341 9.1542 9.3766 9.596 9.8225 10.026 
 10.266 10.479 10.699 10.922 11.134 11.36 11.583 11.791 12.009 12.245 
 12.465 12.679 12.918 13.133 13.341 13.548 13.741 13.948 14.152 14.341 
 14.547 14.735 14.944 15.129 15.318 15.5 15.675 15.849 16.026 16.194 
 16.362 16.519 16.695 16.849 16.986 17.122 17.258 17.394 17.524 17.647 
 17.751 17.875 17.984 18.081 18.159 18.264 18.368 18.451 18.516 18.568 
 18.633 18.671 18.724 18.795 18.86 18.899 18.938 18.957 18.957 18.957 
 18.924 
2321.6 2328.5 2327.7 2325.1 2322.3 2317.4 2312.3 2305.9 2298.7 2290.2 
 2280.9 2270.9 2259.3 2247.1 2233.7 2219.9 2204.5 2188.5 2171.4 2153.5 
 2135.1 2115.4 2095.2 2074.6 2053.2 2030 2006.5 1982.9 1957.8 1932.6 
 1906.4 1879.8 1852.8 1825.1 1796.5 1767.8 1738.7 1708.9 1678.9 1647.9 
 1617 1585.2 1553.8 1521.9 1488.9 1456.8 1423.5 1389.6 1356.3 1322.6 
 1288.4 1253.9 1219.5 1184.8 1150.1 1115.1 1079.8 1044.6 1009.4 974.03 
 938.34 902.66 867.45 831.47 796.16 761.06 725.42 690.14 654.99 620.39 
 585.27 551.18 517.02 483.27 449.98 416.62 384.04 351.99 320.38 288.97 
 258.27 228.69 200.11 171.55 143.72 116.47 90.514 65.149 41.048 18.742 
 4.9746 4.3964 4.3921 4.4563 4.5854 4.7289 4.8975 5.0771 5.2716 5.4673 
 5.661 5.8684 6.0633 6.2777 6.4855 6.6862 6.9001 7.1101 7.3237 7.5314 
 7.739 7.9578 8.172 8.3856 8.5933 8.8144 9.0222 9.2503 9.4744 9.6852 
 9.9028 10.139 10.361 10.568 10.799 11.019 11.24 11.45 11.677 11.896 
 12.112 12.344 12.565 12.779 12.995 13.214 13.414 13.611 13.822 14.032 
 14.231 14.452 14.639 14.842 15.025 15.206 15.401 15.562 15.738 15.901 
 16.08 16.236 16.386 16.548 16.697 16.833 16.97 17.106 17.223 17.347 
 17.464 17.581 17.684 17.788 17.88 17.97 18.073 18.159 18.229 18.3 
 18.353 18.405 18.47 18.554 18.613 18.678 18.729 18.768 18.794 18.807 
 18.924 
2321.6 2325.8 2325.2 2324 2320.5 2316.5 2311.6 2305.6 2298.3 2289.6 
 2280.8 2270.4 2258.8 2246.1 2233 2218.1 2203.5 2187 2169.4 2151.5 
 2131.7 2112 2091.5 2070.8 2048 2025 2001.8 1977.6 1951.6 1926.5 
 1900.2 1872.8 1845.2 1817.3 1789 1759.8 1730.6 1700.2 1669.8 1639.1 
 1607.5 1576.2 1544 1512 1479.7 1446.8 1413.4 1380.1 1346.4 1312.5 
 1278.3 1244.2 1209.5 1174.8 1140 1105.3 1070.1 1035.1 999.92 964.68 
 929.39 893.92 858.96 823.3 788.54 753.31 717.95 682.86 647.95 613.19 
 578.71 544.53 510.55 476.72 444.13 411.15 379.13 347.12 315.81 285.12 
 254.94 225.45 196.35 168.36 140.66 113.83 88.219 62.908 39.239 17.896 
 4.9709 4.0402 4.1192 4.238 4.3746 4.5342 4.7033 4.8785 5.0726 5.2684 
 5.4695 5.6534 5.8535 6.0519 6.2623 6.4565 6.6706 6.8777 7.0772 7.286 
 7.5072 7.7154 7.9231 8.1355 8.349 8.5714 8.7849 8.9856 9.2068 9.4262 
 9.6492 9.8604 10.088 10.302 10.516 10.73 10.958 11.177 11.404 11.627 
 11.867 12.092 12.322 12.555 12.781 12.996 13.215 13.431 13.657 13.872 
 14.091 14.293 14.528 14.728 14.929 15.13 15.325 15.498 15.693 15.869 
 16.045 16.214 16.388 16.557 16.705 16.855 16.997 17.14 17.27 17.401 
 17.523 17.641 17.73 17.848 17.938 18.043 18.153 18.237 18.321 18.393 
 18.464 18.516 18.6 18.723 18.782 18.853 18.898 18.905 18.905 18.905 
 18.924 
2321.6 2320.9 2320.3 2318.2 2315.5 2311.8 2306.6 2300.3 2292.8 2284.5 
 2274.7 2263.9 2252.3 2239.3 2225.5 2210.5 2194.9 2178.5 2160 2142.2 
 2122.3 2102.3 2081.1 2059.4 2036.8 2012.9 1989.4 1964.3 1938.8 1912.9 
 1886.4 1858.7 1830.8 1802.2 1773.6 1744.1 1714.2 1684.1 1653.6 1622.5 
 1590.9 1559.1 1526.8 1494.3 1461.8 1429 1395.5 1362.4 1328.8 1294.7 
 1260.6 1226.4 1192.2 1157.8 1123.1 1088.7 1053.7 1019 984.07 948.9 
 913.94 878.63 843.66 808.34 773.43 738.72 703.6 669.07 634.73 600.55 
 566.41 532.52 499.14 466.05 433.48 400.88 369.17 337.94 306.92 276.77 
 247 218.02 190.5 162.98 135.81 109.35 83.822 59.21 36.115 16.346 
 5.0836 3.84 3.8598 3.9953 4.1441 4.2933 4.4619 4.6449 4.838 5.0188 
 5.2095 5.4042 5.5898 5.7908 5.9989 6.1942 6.4024 6.6072 6.8182 7.0259 
 7.2371 7.4477 7.6607 7.8748 8.0872 8.2949 8.5224 8.732 8.9438 9.1649 
 9.3855 9.605 9.8216 10.047 10.26 10.496 10.722 10.934 11.165 11.396 
 11.624 11.864 12.086 12.32 12.558 12.776 13.014 13.239 13.472 13.693 
 13.921 14.154 14.373 14.595 14.81 15.022 15.226 15.432 15.621 15.802 
 15.996 16.18 16.367 16.535 16.704 16.861 17.016 17.166 17.309 17.444 
 17.58 17.703 17.828 17.937 18.022 18.138 18.249 18.333 18.425 18.49 
 18.573 18.625 18.677 18.742 18.781 18.814 18.846 18.866 18.866 18.866 
 18.924 
2321.6 2314.6 2314.2 2312.3 2309.5 2305.4 2300.1 2293.6 2285.9 2277.4 
 2267.4 2256.7 2244.9 2232.6 2218.5 2203.8 2187.9 2171.1 2153.8 2135.7 
 2116.5 2096.2 2074.3 2052.8 2030.2 2006.8 1982.8 1957.8 1932.4 1906.6 
 1879.4 1852 1824.4 1795.8 1767.4 1737.6 1708 1677.8 1647.1 1615.9 
 1584.4 1552.7 1520.5 1488.5 1456.1 1422.8 1390.1 1356.4 1322.9 1288.9 
 1255.2 1220.9 1186.5 1152.6 1118 1083.6 1048.7 1014.2 979.36 944.48 
 909.52 874.09 839.49 804.61 770.06 735.2 700.72 666.19 631.85 598.18 
 564.26 530.6 497.53 464.54 432.03 399.72 368.3 337.21 306.39 276.6 
 246.91 218.11 190.52 162.94 136.05 109.8 84.168 59.648 36.698 16.79 
 4.5756 2.5898 2.5691 2.5947 2.685 2.7884 2.906 3.0282 3.1772 3.3018 
 3.4441 3.5941 3.7478 3.8983 4.054 4.2144 4.3659 4.5387 4.7033 4.8711 
 5.0468 5.2324 5.3954 5.5764 5.7586 5.9467 6.128 6.3186 6.5068 6.7015 
 6.9004 7.0898 7.2979 7.491 7.7038 7.9138 8.1198 8.3344 8.5538 8.7692 
 8.9839 9.1992 9.4198 9.6381 9.8837 10.118 10.345 10.584 10.827 11.053 
 11.295 11.526 11.76 11.995 12.222 12.459 12.669 12.901 13.143 13.37 
 13.595 13.808 14.036 14.265 14.485 14.711 14.921 15.134 15.353 15.562 
 15.77 15.989 16.197 16.412 16.613 16.821 17.021 17.21 17.406 17.579 
 17.786 17.944 18.118 18.262 18.404 18.522 18.638 18.736 18.833 18.924 
 18.924 
2321.6 2320.6 2319.9 2317.9 2315.4 2311.4 2305.8 2299.7 2291.9 2283.6 
 2274.2 2263.2 2251.7 2238.8 2224.8 2210.2 2193.7 2177.6 2160.2 2141.4 
 2122.7 2102.4 2081.5 2059.5 2036.8 2013.8 1989.3 1965.3 1939.8 1913.5 
 1886.8 1859.3 1831.3 1803.3 1775.1 1745.2 1715.9 1685.1 1654.6 1623.9 
 1592.3 1560.5 1528.9 1496.9 1464.2 1430.8 1398.3 1364.9 1331 1296.8 
 1263.5 1229.3 1195 1161.4 1125.9 1091.9 1057.3 1022.7 987.3 952.5 
 917.19 882.2 847.57 812.4 777.73 742.68 707.76 673.14 639.01 604.91 
 570.9 536.98 503.77 470.71 438.22 406.14 374.07 343.19 312.32 282.33 
 252.27 223.34 194.78 166.74 139.53 112.88 87.086 62.137 38.968 18.22 
 5.0197 2.5756 2.5953 2.6611 2.7458 2.8495 2.9661 3.0956 3.2319 3.3693 
 3.5105 3.6545 3.8018 3.9589 4.1262 4.2779 4.4516 4.6143 4.777 4.946 
 5.1329 5.2957 5.4695 5.6457 5.8264 6.0086 6.1839 6.3732 6.5673 6.762 
 6.9571 7.1461 7.3509 7.5609 7.7674 7.9816 8.1946 8.4106 8.637 8.857 
 9.0726 9.3056 9.545 9.7794 10.025 10.267 10.526 10.764 11.019 11.265 
 11.513 11.76 12.003 12.263 12.506 12.755 12.991 13.224 13.465 13.712 
 13.926 14.159 14.377 14.611 14.832 15.054 15.268 15.494 15.709 15.915 
 16.116 16.331 16.532 16.732 16.927 17.109 17.291 17.467 17.627 17.796 
 17.94 18.082 18.218 18.335 18.426 18.517 18.594 18.673 18.769 18.84 
 18.924 
2321.6 2319.9 2319.1 2316.1 2313.6 2308.7 2303.7 2297.5 2289.7 2281.1 
 2271.8 2261.2 2249.8 2237.6 2224.2 2209.5 2194.2 2176.9 2159.9 2141.5 
 2122.4 2102.7 2081.4 2060.1 2038.6 2015.6 1991.7 1967.4 1941.9 1916.3 
 1889.9 1863.1 1836.1 1807.5 1779.6 1750.3 1720.7 1690.9 1660.5 1629.3 
 1598.8 1566.8 1534.9 1502.9 1470 1437.4 1404.7 1371.1 1337.7 1303.5 
 1270.4 1236 1202 1167.5 1133 1098.5 1064 1029.1 994.19 959 
 924.44 889.42 854.7 819.63 784.67 749.93 715.15 680.31 645.88 611.45 
 577.34 542.97 509.75 476.35 443.1 410.45 378.31 346.52 315.35 285.17 
 254.8 225.31 197.38 169.48 141.82 115.21 89.083 64.033 40.074 18.127 
 4.2019 2.7377 2.7248 2.7248 2.8211 2.9185 3.0303 3.159 3.296 3.4436 
 3.6014 3.7438 3.9162 4.0726 4.2223 4.3969 4.5528 4.7288 4.9049 5.0741 
 5.2484 5.4286 5.6063 5.7865 5.9731 6.1549 6.3558 6.5382 6.7409 6.9281 
 7.1498 7.39 7.6553 7.89 8.0895 8.2458 8.427 8.6599 8.8794 9.1089 
 9.3354 9.5827 9.8337 10.074 10.327 10.562 10.819 11.072 11.3 11.554 
 11.801 12.052 12.3 12.538 12.778 13.002 13.248 13.461 13.702 13.936 
 14.144 14.357 14.565 14.772 14.993 15.212 15.406 15.609 15.803 16.009 
 16.194 16.386 16.588 16.771 16.951 17.127 17.284 17.451 17.621 17.768 
 17.918 18.049 18.177 18.275 18.386 18.49 18.58 18.678 18.769 18.846 
 18.924 
2321.6 2318.4 2317.4 2315.2 2311.4 2307.3 2302.4 2295.2 2288 2279.4 
 2270.3 2260.3 2249.5 2236.4 2222.3 2208.2 2192.7 2176.6 2160 2142.2 
 2123.4 2104.1 2083.6 2062.7 2040.9 2018 1995 1970.5 1945.5 1920.4 
 1894.6 1867.8 1840.9 1813.3 1785.1 1756.3 1727.3 1697.2 1667.3 1637.1 
 1605.9 1574.9 1543.2 1511.7 1479.4 1446.6 1413.8 1380.7 1347.2 1313.7 
 1280.3 1246.3 1212 1178.2 1143.4 1109 1074.2 1039.6 1004.4 969.55 
 934.57 899.43 864.77 829.35 794.54 759.59 724.61 689.75 655.09 620.77 
 586.65 552.31 518.64 485.2 452.18 419.48 387.59 355.71 324.12 293.21 
 262.94 233.2 203.93 175.38 147.68 120.55 94.137 68.746 44.6 21.7 
 4.5996 3.0291 2.9845 3.0041 3.0624 3.1411 3.2524 3.3883 3.5255 3.6723 
 3.8363 3.9977 4.1612 4.3227 4.49 4.6543 4.84 5.0216 5.1928 5.3721 
 5.5547 5.7306 5.9242 6.12 6.3153 6.5158 6.7084 6.9253 7.1302 7.3378 
 7.5484 7.7614 7.9809 8.2074 8.43 8.661 8.8783 9.1088 9.3398 9.5767 
 9.8129 10.05 10.293 10.539 10.786 11.017 11.263 11.499 11.74 11.985 
 12.223 12.453 12.691 12.92 13.145 13.372 13.596 13.815 14.028 14.243 
 14.45 14.652 14.857 15.067 15.273 15.468 15.663 15.85 16.046 16.239 
 16.415 16.603 16.778 16.952 17.122 17.271 17.434 17.582 17.726 17.867 
 17.997 18.127 18.25 18.348 18.458 18.561 18.659 18.731 18.828 18.892 
 18.924 
2321.6 2324.5 2322.6 2319.7 2315.9 2311.2 2305.6 2298.7 2291.3 2281.6 
 2272 2261.7 2249.9 2237.7 2223.5 2209.1 2193.5 2177.4 2160.2 2142.6 
 2123.1 2103.3 2083.3 2061.4 2040 2017.1 1993.6 1969.8 1945.5 1919.7 
 1894.1 1866.9 1839.9 1812 1784.1 1755.2 1726.4 1696.4 1666.6 1636 
 1605 1573.5 1541.7 1510 1477.7 1445.3 1412.3 1379.4 1345.9 1311.7 
 1277.8 1244.2 1209.5 1175.4 1140.8 1106.2 1071.5 1036.7 1001.2 966.06 
 931.18 895.68 861.15 825.87 790.45 755.69 720.41 685.45 650.92 616.39 
 581.87 547.6 513.94 480.45 447.29 414.59 382.22 350.15 318.89 288.59 
 258.11 228.47 200.39 172.32 144.76 118.11 92.221 67.389 43.628 21.239 
 4.5028 3.6675 3.4344 3.3032 3.2894 3.2957 3.3666 3.476 3.6317 3.8016 
 3.9704 4.1446 4.3268 4.4946 4.6831 4.8713 5.0595 5.2334 5.4347 5.6166 
 5.8106 5.9994 6.2151 6.4082 6.6018 6.8145 7.0281 7.2333 7.4463 7.6529 
 7.8804 8.0952 8.3223 8.5295 8.7706 8.9697 9.2086 9.4378 9.6765 9.9062 
 10.144 10.384 10.625 10.859 11.1 11.343 11.579 11.813 12.044 12.281 
 12.501 12.733 12.958 13.189 13.406 13.624 13.851 14.07 14.282 14.497 
 14.7 14.906 15.101 15.303 15.504 15.68 15.888 16.069 16.263 16.438 
 16.619 16.802 16.969 17.138 17.301 17.451 17.598 17.743 17.88 18.008 
 18.124 18.235 18.346 18.443 18.535 18.625 18.697 18.761 18.84 18.892 
 18.924 
