IESNA:LM-63-2002
[TEST] 1
[TESTLAB] 
[TESTDATE] 2025-02-20
[ISSUEDATE] 2025-02-20 19:30:43
[LAMPPOSITION] 0,0
[OTHER] EVERFINE GO-2000A_V1 SYSTEM
[MANUFAC] 
[LUMINAIRE] 50W-6500K
[LAMP] DB77E-4-50L-UD-P-A5W5C5
TILT=NONE
1 6170.3 1 181 17 1 2 0.060 1.200 0.000
1.000 1 48.581
0.0    1.0    2.0    3.0    4.0    5.0    6.0    7.0    8.0    9.0    
 10.0   11.0   12.0   13.0   14.0   15.0   16.0   17.0   18.0   19.0   
 20.0   21.0   22.0   23.0   24.0   25.0   26.0   27.0   28.0   29.0   
 30.0   31.0   32.0   33.0   34.0   35.0   36.0   37.0   38.0   39.0   
 40.0   41.0   42.0   43.0   44.0   45.0   46.0   47.0   48.0   49.0   
 50.0   51.0   52.0   53.0   54.0   55.0   56.0   57.0   58.0   59.0   
 60.0   61.0   62.0   63.0   64.0   65.0   66.0   67.0   68.0   69.0   
 70.0   71.0   72.0   73.0   74.0   75.0   76.0   77.0   78.0   79.0   
 80.0   81.0   82.0   83.0   84.0   85.0   86.0   87.0   88.0   89.0   
 90.0   91.0   92.0   93.0   94.0   95.0   96.0   97.0   98.0   99.0   
 100.0  101.0  102.0  103.0  104.0  105.0  106.0  107.0  108.0  109.0  
 110.0  111.0  112.0  113.0  114.0  115.0  116.0  117.0  118.0  119.0  
 120.0  121.0  122.0  123.0  124.0  125.0  126.0  127.0  128.0  129.0  
 130.0  131.0  132.0  133.0  134.0  135.0  136.0  137.0  138.0  139.0  
 140.0  141.0  142.0  143.0  144.0  145.0  146.0  147.0  148.0  149.0  
 150.0  151.0  152.0  153.0  154.0  155.0  156.0  157.0  158.0  159.0  
 160.0  161.0  162.0  163.0  164.0  165.0  166.0  167.0  168.0  169.0  
 170.0  171.0  172.0  173.0  174.0  175.0  176.0  177.0  178.0  179.0  
 180.0  
0.0    22.5   45.0   67.5   90.0   112.5  135.0  157.5  180.0  202.5  
 225.0  247.5  270.0  292.5  315.0  337.5  360.0  
2297 2297.5 2295.6 2292.3 2289.4 2284.1 2278.2 2271.5 2263.9 2255.6 
 2245.9 2235.1 2224.3 2211.1 2197.6 2183.3 2168.2 2152.1 2135.1 2116.9 
 2098.4 2079.5 2059.3 2038.4 2016.8 1994.6 1971.2 1947.9 1923.4 1897.9 
 1872.3 1846.9 1819.9 1792.3 1764.2 1736.3 1707.4 1677.9 1648.2 1618.2 
 1588.2 1557.4 1526.1 1494.7 1462.5 1430.6 1398.3 1365.1 1332.1 1298.9 
 1265.4 1232 1197.5 1164.1 1129.6 1095.6 1061.2 1026.5 991.6 957.07 
 922.59 887.46 852.8 817.99 783.28 748.39 713.82 679.22 644.9 610.99 
 576.68 542.89 509.52 476.18 443.39 410.65 378.84 347.01 316 285.83 
 255.63 226.25 198.49 170.75 143.46 116.82 91.144 66.451 43.011 20.963 
 4.5271 3.6086 3.3741 3.2522 3.2311 3.2308 3.3144 3.425 3.5725 3.7294 
 3.9045 4.0742 4.2485 4.4237 4.6038 4.785 4.9627 5.1489 5.345 5.5258 
 5.7214 5.9081 6.0978 6.3043 6.498 6.7136 6.9014 7.1218 7.322 7.5307 
 7.733 7.9589 8.179 8.3937 8.612 8.8396 9.0603 9.2873 9.5157 9.7505 
 9.9835 10.222 10.463 10.696 10.931 11.175 11.403 11.631 11.869 12.092 
 12.335 12.553 12.767 12.998 13.213 13.429 13.63 13.842 14.052 14.271 
 14.465 14.675 14.876 15.082 15.278 15.471 15.653 15.841 16.03 16.206 
 16.387 16.555 16.717 16.893 17.055 17.211 17.372 17.497 17.631 17.754 
 17.886 18.003 18.119 18.217 18.301 18.385 18.463 18.535 18.606 18.678 
 18.704 
2297 2298.4 2296.5 2293.4 2289.1 2283.9 2277.9 2271 2263.1 2253.8 
 2243.6 2232.4 2220.3 2207.4 2193.4 2178.6 2162.8 2146.3 2128.9 2110.3 
 2091.6 2072 2051.5 2030.3 2008 1985.2 1962.2 1938.1 1913.2 1887.8 
 1862.4 1835.8 1808.7 1780.8 1752.4 1723.8 1695.1 1665.5 1635.3 1605.5 
 1574.4 1543.5 1511.9 1480.8 1448.2 1416.2 1383.8 1350.4 1317.8 1283.7 
 1250.4 1216.7 1182.5 1149 1114.5 1080 1045.5 1010.7 976.03 941.21 
 906.33 871.61 836.73 801.77 766.63 731.92 697.08 662.44 628.1 593.73 
 559.85 526.13 492.78 459.25 426.69 394.92 363.15 331.59 300.38 269.98 
 239.95 210.75 182.15 154.22 127.13 100.81 75.291 50.953 28.32 8.4769 
 3.1391 3.0559 3.0758 3.1209 3.2123 3.3091 3.4268 3.5685 3.7251 3.8876 
 4.0357 4.2053 4.3727 4.5483 4.6991 4.8803 5.0615 5.2303 5.413 5.5949 
 5.7625 5.9591 6.1459 6.3449 6.5461 6.7365 6.9375 7.1307 7.3412 7.5519 
 7.7562 7.983 8.1885 8.4096 8.6187 8.8509 9.0651 9.2852 9.5188 9.7408 
 9.979 10.22 10.448 10.689 10.921 11.156 11.392 11.616 11.854 12.096 
 12.33 12.564 12.803 13.018 13.258 13.47 13.684 13.898 14.104 14.332 
 14.535 14.741 14.95 15.151 15.364 15.553 15.74 15.928 16.092 16.278 
 16.455 16.623 16.792 16.953 17.103 17.265 17.414 17.549 17.674 17.797 
 17.92 18.043 18.139 18.218 18.308 18.38 18.444 18.497 18.561 18.606 
 18.704 
2297 2293.7 2291.4 2287.2 2282.6 2277.3 2270.2 2262.4 2253.8 2243.5 
 2233 2220.8 2208.3 2194.7 2179.7 2163.9 2147.7 2130.6 2112 2093 
 2073.2 2052.4 2031.5 2009.4 1986.5 1962.5 1938.1 1913.5 1887.6 1861.4 
 1834.9 1808 1779.9 1751.3 1723.2 1693.7 1664.5 1634.3 1603.7 1572.9 
 1542.5 1510.4 1478.2 1446.7 1414.2 1381.5 1348.5 1315.7 1282.3 1248.4 
 1215 1181.5 1147.3 1113.4 1078.9 1044.5 1009.9 975.11 940.79 906.03 
 871.86 836.91 802.4 767.73 733.28 698.63 664.1 629.82 595.69 562.05 
 528.04 494.74 461.72 428.87 396.58 364.71 333.36 302.33 272.3 242.76 
 213.56 186.04 158.53 131.54 105.18 79.953 55.59 32.753 12.953 3.2842 
 2.8731 2.8546 2.8866 2.9962 3.1006 3.2228 3.3593 3.5036 3.6645 3.813 
 3.9635 4.1266 4.2884 4.4566 4.624 4.7927 4.9669 5.1366 5.3132 5.4953 
 5.6627 5.8642 6.038 6.2276 6.4084 6.6147 6.7992 6.9998 7.1999 7.4081 
 7.6082 7.8239 8.0251 8.2387 8.4569 8.6717 8.8858 9.1147 9.3418 9.5677 
 9.807 10.043 10.293 10.523 10.762 10.993 11.228 11.462 11.69 11.917 
 12.151 12.39 12.618 12.845 13.076 13.291 13.488 13.707 13.916 14.128 
 14.338 14.64 14.971 15.302 15.61 15.906 16.148 16.335 16.492 16.639 
 16.784 16.893 17.011 17.134 17.256 17.393 17.515 17.612 17.711 17.832 
 17.925 18.034 18.125 18.217 18.263 18.346 18.412 18.47 18.535 18.587 
 18.704 
2297 2285.2 2282.3 2278.1 2273.5 2267.8 2260.9 2252.2 2243.5 2233.2 
 2222 2209.1 2195.8 2181.7 2166.9 2150.7 2133.3 2115.6 2096.6 2077 
 2056.7 2035.8 2013.7 1990.7 1967.3 1943.4 1918.7 1892.8 1866.7 1840 
 1813 1785.7 1757.4 1728.7 1699.4 1669.3 1639.7 1609.3 1578.5 1547.3 
 1515.9 1484.4 1452.3 1420.6 1387.6 1355.1 1321.9 1288.8 1255.4 1221.9 
 1188.5 1154.7 1120.9 1086.6 1052.7 1018.5 983.77 949.39 914.98 880.89 
 846.62 812.14 777.56 742.75 708.39 674.44 640.29 606.53 572.8 539.77 
 506.3 473.35 441.39 409.47 378.19 346.91 316.11 285.77 256.27 227.17 
 198.76 171.02 143.92 117.48 91.89 67.347 43.922 22.65 7.5666 2.7697 
 2.68 2.7391 2.8351 2.9328 3.0428 3.1791 3.3096 3.4464 3.5944 3.7391 
 3.8814 4.0495 4.2049 4.3727 4.5349 4.6976 4.8668 5.0346 5.2059 5.3874 
 5.5607 5.7378 5.9117 6.0984 6.2763 6.4747 6.6581 6.8522 7.0485 7.242 
 7.4315 7.6363 7.8386 8.041 8.2528 8.4605 8.6693 8.8848 9.1088 9.3177 
 9.5396 9.7661 9.9953 10.231 10.465 10.701 10.932 11.156 11.39 11.627 
 11.855 12.096 12.324 12.541 12.772 12.99 13.206 13.426 13.639 13.86 
 14.062 14.275 14.49 14.71 14.911 15.111 15.314 15.506 15.696 15.889 
 16.084 16.258 16.455 16.623 16.803 16.972 17.129 17.279 17.433 17.564 
 17.713 17.855 17.978 18.088 18.198 18.289 18.38 18.47 18.548 18.613 
 18.704 
2297 2299.7 2296.7 2292.5 2286.8 2280 2272.5 2263.9 2253.6 2242.9 
 2231 2218.1 2204.2 2189.3 2173.5 2156.8 2138.9 2120.7 2101.2 2081.3 
 2060.1 2038.3 2016.2 1992.8 1968.7 1943.7 1918.4 1892.3 1866 1839 
 1811 1782.5 1754.1 1724.8 1694.7 1665.3 1635 1604 1572.5 1541.2 
 1509.3 1477.1 1444.9 1412.4 1379.2 1346.7 1312.9 1279.2 1245.7 1211.8 
 1178.1 1143.9 1110.3 1075.7 1041.3 1007.1 972.34 937.91 903.21 868.64 
 833.99 799.2 764.53 729.82 695.68 661.46 627.42 593.65 560.11 526.82 
 493.65 461.19 428.95 397.54 366.13 334.93 304.24 274.25 244.94 216 
 187.87 160.37 133.37 107.49 82.178 57.824 35.278 16.313 5.1364 3.8085 
 3.9002 4.0361 4.1716 4.3283 4.5031 4.6798 4.86 5.0482 5.2364 5.4256 
 5.6123 5.8134 6.0092 6.2022 6.4133 6.6181 6.8269 7.0351 7.2411 7.4509 
 7.6506 7.8764 8.0737 8.2994 8.5059 8.7201 8.9419 9.1549 9.3749 9.5927 
 9.8162 10.038 10.26 10.462 10.692 10.92 11.146 11.369 11.589 11.821 
 12.041 12.27 12.504 12.726 12.956 13.158 13.38 13.593 13.821 14.022 
 14.241 14.449 14.644 14.857 15.047 15.236 15.437 15.624 15.81 15.993 
 16.163 16.323 16.493 16.649 16.791 16.946 17.082 17.227 17.363 17.51 
 17.647 17.739 17.849 17.953 18.076 18.179 18.27 18.374 18.49 18.569 
 18.639 18.704 18.769 18.847 18.905 18.944 18.944 18.944 18.911 18.898 
 18.704 
2297 2299.2 2296.3 2292.3 2286.4 2280.4 2273.3 2264.8 2254.9 2244.5 
 2233.4 2220.5 2207.3 2193.2 2177.1 2161.1 2144.1 2126.1 2107.1 2086.6 
 2065.8 2044.3 2022.2 1999.2 1975.4 1950.6 1926 1899.9 1873.6 1846.9 
 1819.2 1791.1 1762.5 1733.9 1704.3 1674.4 1644 1613.4 1582.2 1551 
 1519 1487.2 1455.1 1422.3 1389.6 1356.6 1323.5 1289.8 1256.3 1222.7 
 1188.7 1154.4 1120.2 1085.9 1051.3 1017 982.46 947.87 913.34 878.46 
 843.83 809.05 774.45 739.4 705.44 670.7 636.13 602.69 568.52 535.24 
 501.53 468.91 436.22 403.97 372.47 340.82 310.25 279.96 250.33 221.17 
 193.62 166.07 138.78 112.31 86.645 62.043 38.976 18.5 5.8211 3.9407 
 3.9443 4.0739 4.2102 4.3714 4.5406 4.7207 4.9019 5.0926 5.2915 5.4804 
 5.667 5.8642 6.0654 6.2697 6.4784 6.6819 6.8808 7.1006 7.3113 7.5178 
 7.7308 7.9321 8.1484 8.3661 8.5802 8.7891 9.0161 9.235 9.4562 9.6663 
 9.8857 10.099 10.322 10.547 10.775 10.995 11.21 11.437 11.664 11.888 
 12.116 12.343 12.569 12.797 13.007 13.23 13.447 13.665 13.881 14.083 
 14.302 14.504 14.704 14.901 15.101 15.288 15.473 15.646 15.828 15.996 
 16.158 16.314 16.457 16.6 16.751 16.898 17.028 17.14 17.269 17.404 
 17.497 17.594 17.69 17.789 17.905 17.996 18.074 18.152 18.236 18.313 
 18.366 18.412 18.444 18.522 18.574 18.613 18.652 18.678 18.678 18.678 
 18.704 
2297 2296.9 2294.4 2290.7 2285.9 2280.8 2274.2 2266.3 2257.9 2248.4 
 2236.9 2225 2212.9 2198.5 2184.7 2168.8 2152.4 2135.3 2116.9 2097.9 
 2078.2 2057.6 2036 2014.1 1990.9 1968 1943.8 1918.7 1893 1867.2 
 1840.2 1812.9 1785.9 1757.2 1728.3 1699.1 1669.2 1639.2 1608.7 1577.6 
 1546.1 1514.5 1482.7 1450.3 1417.6 1384.8 1351.7 1318.2 1285.2 1251.4 
 1217.4 1183.4 1149.3 1115 1080.6 1046.6 1011.4 976.94 942.17 907.39 
 872.86 838.1 803.52 768.43 733.95 699.37 664.49 630.3 596.25 562.46 
 528.39 495.14 461.86 428.85 397.12 365.38 333.77 302.82 272.29 242.56 
 213.23 184.93 156.95 129.8 103.13 77.576 53.157 30.214 11.375 4.255 
 4.1783 4.2819 4.4056 4.5632 4.7321 4.9108 5.0947 5.2893 5.4829 5.6711 
 5.8671 6.0816 6.28 6.4888 6.6912 6.9024 7.1101 7.32 7.5266 7.7413 
 7.962 8.1819 8.3896 8.5968 8.8303 9.0433 9.258 9.4728 9.694 9.9081 
 10.124 10.361 10.582 10.785 11.016 11.244 11.459 11.691 11.919 12.151 
 12.392 12.606 12.832 13.068 13.288 13.491 13.714 13.917 14.137 14.359 
 14.547 14.759 14.967 15.157 15.345 15.539 15.721 15.909 16.089 16.253 
 16.409 16.576 16.721 16.869 16.999 17.147 17.284 17.414 17.536 17.659 
 17.757 17.854 17.939 18.029 18.126 18.231 18.301 18.373 18.457 18.503 
 18.567 18.607 18.639 18.691 18.723 18.749 18.749 18.749 18.743 18.743 
 18.704 
2297 2293.8 2291.8 2289.4 2285.3 2280.2 2274.6 2267.4 2259.1 2250.3 
 2240.4 2229.1 2217.8 2204.8 2190.8 2176.1 2160.4 2144.2 2127.3 2108.9 
 2089.3 2069.7 2049.5 2028.2 2006.4 1983.5 1960.3 1936.3 1911.3 1886.3 
 1860 1833.5 1806.2 1778.8 1750.3 1721.6 1692.8 1662.9 1633.4 1602.6 
 1571.8 1540.7 1508.9 1477.3 1444.9 1412.5 1380 1346.3 1313.8 1280.5 
 1246.4 1212.8 1178.6 1144.3 1110.1 1076 1041.4 1006.5 971.94 937.11 
 902.01 867.27 832.5 797.58 762.97 727.88 692.97 658.7 624.27 590 
 555.9 522.32 489.04 455.62 423.06 390.46 358.7 327 295.96 265.48 
 235.51 206.7 178.64 150.72 123.69 97.191 71.765 47.429 24.676 6.5764 
 4.4736 4.4505 4.489 4.6108 4.7472 4.916 5.097 5.291 5.4857 5.683 
 5.882 6.089 6.2914 6.5048 6.7125 6.9149 7.1336 7.3403 7.5572 7.7644 
 7.9661 8.1867 8.4113 8.628 8.8351 9.048 9.2692 9.4828 9.7045 9.9228 
 10.138 10.365 10.579 10.799 11.026 11.235 11.476 11.69 11.914 12.142 
 12.372 12.591 12.811 13.027 13.245 13.451 13.674 13.875 14.082 14.29 
 14.491 14.687 14.894 15.081 15.278 15.46 15.641 15.834 15.998 16.158 
 16.327 16.478 16.632 16.769 16.924 17.061 17.205 17.314 17.437 17.574 
 17.665 17.755 17.847 17.95 18.047 18.138 18.204 18.288 18.372 18.437 
 18.47 18.502 18.554 18.593 18.645 18.665 18.684 18.691 18.697 18.697 
 18.704 
2297 2297.4 2296.1 2294.3 2290.8 2286.7 2281.2 2274.7 2267.6 2259.1 
 2250 2239.2 2228.4 2216.1 2203.2 2189 2173.6 2158.5 2141.7 2124.3 
 2105.9 2086.7 2066.7 2046.1 2024.3 2002.2 1979.3 1955.8 1931.7 1906.8 
 1880.9 1855.3 1828.1 1800.9 1773 1745 1716.4 1687 1657.4 1627.3 
 1596.4 1565.7 1534.5 1503 1470.6 1438.7 1406.1 1373.2 1340.4 1306.7 
 1273.1 1239.1 1205.3 1170.9 1136.7 1102.2 1067.2 1032.9 997.8 962.66 
 927.91 892.65 857.96 822.65 787.79 752.86 717.76 683.07 648.24 613.64 
 579.38 545.59 511.57 478.13 445.3 412.79 380.85 348.91 317.53 286.99 
 256.71 227.24 198.16 170.16 142.66 115.9 90.354 65.465 41.958 20.177 
 4.9858 4.7554 4.7492 4.7684 4.8415 4.9571 5.0949 5.2639 5.4598 5.6641 
 5.8665 6.0795 6.2889 6.5019 6.7241 6.9314 7.1529 7.3532 7.5745 7.7991 
 8.0127 8.2356 8.4492 8.6675 8.8763 9.0905 9.3052 9.5258 9.7394 9.96 
 10.175 10.396 10.605 10.83 11.056 11.264 11.477 11.704 11.932 12.153 
 12.382 12.603 12.823 13.047 13.251 13.451 13.657 13.853 14.054 14.262 
 14.449 14.638 14.827 15.013 15.197 15.371 15.553 15.728 15.895 16.065 
 16.221 16.381 16.519 16.674 16.803 16.947 17.084 17.213 17.343 17.466 
 17.569 17.674 17.765 17.868 17.977 18.075 18.153 18.237 18.308 18.373 
 18.431 18.477 18.516 18.587 18.639 18.691 18.73 18.743 18.743 18.743 
 18.704 
2297 2299.7 2298.3 2296.8 2293.5 2289.3 2284.8 2279 2270.7 2262.7 
 2254.5 2243.8 2233.6 2221.3 2207.7 2194.1 2179.5 2163.7 2146.6 2129.6 
 2111.3 2092.5 2072.4 2051.6 2030.3 2007.6 1985.1 1961.4 1937 1912.5 
 1886.3 1860.4 1833.4 1806.7 1778.7 1750.2 1721.6 1692 1662.6 1632.2 
 1601.7 1570.9 1539.6 1507.7 1476.1 1444.3 1411.3 1378.2 1345.3 1311.5 
 1278 1244.1 1210 1175.2 1141.3 1106.8 1071.8 1036.9 1002.1 967.06 
 931.68 896.65 861.53 826.15 791.43 756.21 720.83 686.35 651.61 617.08 
 582.34 548.58 514.9 481.16 448.42 415.17 382.88 351.01 319.59 288.72 
 258.2 228.6 200.26 171.94 144.39 117.5 91.43 66.326 42.246 20.131 
 5.0736 4.3757 4.3726 4.4303 4.5402 4.6964 4.8504 5.0337 5.2283 5.4214 
 5.6155 5.8113 6.0247 6.2147 6.4212 6.6277 6.8365 7.0488 7.2529 7.4583 
 7.6654 7.8753 8.0888 8.3018 8.5101 8.7225 8.933 9.1454 9.352 9.5724 
 9.789 10.028 10.236 10.462 10.677 10.903 11.118 11.338 11.564 11.787 
 12.007 12.221 12.446 12.657 12.871 13.07 13.29 13.487 13.692 13.887 
 14.094 14.284 14.493 14.679 14.861 15.045 15.224 15.401 15.568 15.73 
 15.893 16.048 16.192 16.341 16.483 16.632 16.749 16.885 17.01 17.139 
 17.249 17.334 17.438 17.536 17.638 17.73 17.808 17.892 17.971 18.048 
 18.107 18.146 18.217 18.282 18.353 18.411 18.444 18.496 18.522 18.542 
 18.704 
2297 2295.6 2294.8 2293.4 2290.2 2286.4 2281.2 2275.4 2269 2261 
 2251.8 2241.8 2230.9 2218.5 2205.4 2191.2 2176.1 2160.2 2143.6 2126.5 
 2107.7 2088.5 2067.5 2046.5 2025 2002.3 1979 1955.6 1930.9 1906.1 
 1879.7 1853.2 1826.5 1799.2 1771 1742.5 1713.3 1683.6 1653.9 1623.2 
 1592.6 1561.8 1530.4 1498.4 1466.1 1434.3 1401.5 1368.2 1334.9 1301.7 
 1268.1 1234.3 1200.1 1166 1131.6 1097.3 1062.6 1028 992.89 958.36 
 923.6 888.9 854.14 818.87 784.37 749.46 714.42 680.01 645.29 611.03 
 576.74 542.92 509.35 475.89 443.23 410.76 379.03 347.3 316.23 285.67 
 255.82 226.51 197.51 169.67 142.39 115.6 90.055 64.947 41.387 19.69 
 5.6139 3.9901 4.0811 4.1972 4.3274 4.497 4.6539 4.836 5.0148 5.2116 
 5.4052 5.5988 5.7881 5.9908 6.1846 6.3975 6.5928 6.8052 7.0092 7.2146 
 7.4111 7.631 7.8305 8.0399 8.2541 8.4681 8.6676 8.8818 9.0888 9.3053 
 9.5177 9.7513 9.959 10.173 10.4 10.621 10.835 11.064 11.276 11.504 
 11.727 11.96 12.197 12.42 12.64 12.849 13.076 13.296 13.515 13.727 
 13.95 14.152 14.367 14.558 14.761 14.955 15.149 15.345 15.525 15.689 
 15.864 16.025 16.188 16.338 16.492 16.641 16.777 16.913 17.043 17.179 
 17.29 17.393 17.484 17.601 17.705 17.797 17.886 17.977 18.069 18.146 
 18.218 18.269 18.354 18.458 18.522 18.581 18.619 18.626 18.626 18.626 
 18.704 
2297 2287.7 2287.1 2285.7 2283.1 2279.4 2274.5 2268.6 2261.4 2253.2 
 2244.1 2233 2221.8 2210 2196.2 2181.6 2166.2 2150.3 2132.6 2114.9 
 2095.7 2076 2055.3 2034.4 2012 1989.3 1965.8 1941.8 1917.2 1891.5 
 1865.1 1838.2 1810.6 1783 1754.7 1725.7 1697 1666.8 1636.7 1606.1 
 1575 1543.6 1512 1480.6 1448.4 1416.1 1383.3 1350.2 1317.4 1284 
 1250.4 1216.5 1182.6 1148.8 1114.7 1080.6 1046.5 1011.9 977.31 942.86 
 908.24 873.49 838.87 803.9 769.72 734.96 700.22 666.16 632.04 598.29 
 564.45 531.3 498.14 465.46 433.1 400.84 369.23 338.23 307.94 277.72 
 248.22 219.68 192.28 164.89 137.95 111.59 86.386 61.814 38.613 18.433 
 5.8535 3.8107 3.8207 3.9377 4.0865 4.235 4.403 4.5777 4.7603 4.9484 
 5.1356 5.3317 5.507 5.7016 5.9081 6.1098 6.303 6.511 6.7181 6.9135 
 7.1221 7.3362 7.5422 7.7557 7.9657 8.1722 8.3927 8.6005 8.8158 9.0334 
 9.2494 9.4693 9.6794 9.9041 10.126 10.345 10.572 10.793 11.018 11.243 
 11.468 11.701 11.93 12.164 12.391 12.615 12.842 13.076 13.291 13.52 
 13.747 13.965 14.178 14.382 14.61 14.804 15.003 15.2 15.395 15.589 
 15.77 15.945 16.12 16.284 16.45 16.614 16.749 16.894 17.036 17.191 
 17.302 17.411 17.515 17.64 17.75 17.853 17.944 18.054 18.152 18.235 
 18.301 18.353 18.399 18.47 18.522 18.561 18.574 18.593 18.593 18.593 
 18.704 
2297 2301.9 2301.8 2300.1 2297.3 2293.6 2288.5 2282.9 2275.8 2267.2 
 2258.2 2247.8 2237.1 2224.3 2211.1 2196.6 2181.1 2164.7 2147.8 2129.6 
 2111.3 2090.9 2070.1 2048.8 2026.7 2003.4 1980.1 1955.9 1930.8 1905.2 
 1878.7 1851.7 1824.1 1796.5 1768.2 1738.8 1709.7 1679.1 1649.1 1618.5 
 1587.1 1555.6 1524 1491.6 1459.5 1427.1 1394.5 1361.3 1328.1 1294.8 
 1260.8 1227.4 1193.2 1159.1 1124.5 1090.8 1056.2 1021.4 986.87 951.99 
 917.34 882.18 847.95 812.95 778.21 743.8 709.13 674.65 640.72 606.74 
 573.04 539.28 506.4 473.17 440.86 408.61 377.04 345.78 315.09 284.88 
 255.08 226.39 198.6 170.83 143.84 117.41 91.565 66.97 43.465 22.116 
 7.3792 2.7348 2.5696 2.5756 2.6464 2.7632 2.8671 2.9971 3.1266 3.2617 
 3.404 3.5548 3.7036 3.8585 4.0078 4.1703 4.3514 4.4942 4.6685 4.8245 
 4.993 5.1682 5.3448 5.5136 5.6947 5.8754 6.0586 6.2403 6.4284 6.6295 
 6.8237 7.0189 7.219 7.4073 7.6072 7.8282 8.0301 8.2372 8.4501 8.6712 
 8.8742 9.0988 9.3207 9.5496 9.7755 10.013 10.247 10.476 10.721 10.949 
 11.19 11.418 11.652 11.869 12.099 12.338 12.572 12.791 13.027 13.24 
 13.472 13.701 13.933 14.149 14.373 14.595 14.803 15.025 15.238 15.453 
 15.652 15.859 16.061 16.282 16.49 16.685 16.885 17.075 17.256 17.436 
 17.618 17.8 17.963 18.099 18.236 18.358 18.47 18.574 18.683 18.762 
 18.704 
2297 2302.3 2301.9 2300.5 2298 2294.2 2289.7 2283.2 2276.2 2268.5 
 2259.6 2248.8 2237.3 2225.4 2211.6 2197.1 2181.6 2165.6 2148.4 2130.5 
 2112 2092 2071.6 2050.7 2028.5 2006.2 1981.8 1958.2 1932.6 1907.2 
 1881.2 1854.1 1826.7 1799.1 1770.6 1742.1 1712.5 1682.5 1652.8 1622.4 
 1590.8 1559.7 1528.1 1496.3 1464 1431.4 1398.8 1365.6 1332.3 1299 
 1265.3 1231.6 1197.4 1163.6 1129.2 1095.4 1060.9 1026 991.72 957.38 
 922.59 887.43 852.94 817.75 783.08 748.56 713.79 679.25 645.2 611.08 
 577.17 543.56 510.49 477.49 444.96 412.9 381.42 349.95 319.28 289.06 
 259.06 230.06 201.35 173.26 146.13 119.42 93.385 68.372 44.858 23.018 
 7.6602 2.6659 2.5823 2.6409 2.7195 2.817 2.9274 3.0494 3.1875 3.3232 
 3.4716 3.6096 3.7641 3.9136 4.0502 4.218 4.3797 4.5365 4.7056 4.8725 
 5.0487 5.2193 5.3936 5.5678 5.7381 5.9173 6.1005 6.2807 6.4684 6.6566 
 6.8528 7.0401 7.2556 7.4442 7.6571 7.8602 8.079 8.2996 8.5138 8.7344 
 8.9545 9.1817 9.4147 9.6677 9.904 10.144 10.387 10.63 10.882 11.129 
 11.371 11.626 11.874 12.116 12.361 12.593 12.84 13.069 13.302 13.533 
 13.769 13.991 14.241 14.452 14.689 14.899 15.117 15.327 15.551 15.754 
 15.948 16.167 16.364 16.56 16.76 16.94 17.122 17.29 17.447 17.602 
 17.764 17.907 18.055 18.152 18.244 18.335 18.426 18.529 18.6 18.671 
 18.704 
2297 2298.2 2297.8 2296.1 2292.7 2288.5 2283.2 2277.3 2270 2262.3 
 2253 2242.6 2231.3 2219.2 2206.4 2192.2 2176.7 2160.5 2143.7 2125.8 
 2107 2087.2 2067.3 2046 2024.4 2001.7 1978.2 1954.5 1929.8 1904.8 
 1878.6 1852.1 1825.2 1797.6 1770 1741.2 1711.9 1682.4 1652.7 1622.6 
 1591.5 1560.6 1528.8 1497.3 1465.2 1432.7 1400.1 1367 1334.1 1300.5 
 1267.1 1233.5 1199.7 1165.8 1131.5 1097.2 1062.4 1028.5 993.62 959.05 
 924.49 889.3 855.32 820.54 785.91 751.43 716.53 681.98 647.57 613.61 
 579.48 545.62 512.23 479.03 446.3 413.54 381.56 350.09 318.94 288.49 
 258.34 228.99 201.12 173.25 145.81 119.04 93.013 67.835 43.788 21.55 
 5.8632 2.7688 2.7184 2.7119 2.7757 2.8728 2.9845 3.1139 3.2559 3.385 
 3.5349 3.6837 3.8445 3.9952 4.1578 4.3274 4.4758 4.6384 4.8136 4.9883 
 5.1626 5.3318 5.5001 5.6743 5.8643 6.0461 6.2407 6.4224 6.6086 6.8047 
 7.0324 7.2763 7.5171 7.7565 7.9576 8.1027 8.2892 8.5083 8.7326 8.9662 
 9.1914 9.4308 9.6715 9.9167 10.158 10.404 10.649 10.891 11.139 11.39 
 11.63 11.866 12.112 12.358 12.59 12.812 13.039 13.26 13.498 13.713 
 13.947 14.161 14.389 14.602 14.805 15.018 15.219 15.419 15.619 15.802 
 16.003 16.19 16.366 16.563 16.738 16.92 17.081 17.235 17.393 17.542 
 17.691 17.827 17.958 18.06 18.158 18.268 18.379 18.457 18.541 18.619 
 18.704 
2297 2295.2 2293.9 2291.5 2288.2 2284.2 2278.4 2272.1 2265.1 2257 
 2247.6 2236.8 2225.9 2213.7 2200.4 2186.1 2171.7 2155.4 2139.1 2121.3 
 2103.3 2084 2064.3 2043.1 2021.9 1999.4 1976.4 1952.8 1928.9 1903.7 
 1878.1 1852.2 1825.2 1797.9 1770.4 1742.1 1714.1 1684.7 1655 1625 
 1594.2 1563.4 1532.1 1500.6 1469.1 1437.2 1404.6 1371.7 1338.6 1305.4 
 1272.3 1238.5 1204.6 1171 1136.8 1102.9 1068.2 1033.9 999.23 964.35 
 929.94 895.41 860.74 825.81 791.05 756.54 721.48 687.11 652.72 618.92 
 584.68 550.87 517.42 484.17 451.36 419.09 387.34 355.59 324.28 293.72 
 263.2 233.75 204.75 176.4 148.68 121.7 95.461 70.23 46.231 23.3 
 5.3328 2.9841 2.9456 2.9652 3.0175 3.1012 3.2051 3.3296 3.4716 3.6224 
 3.7697 3.9277 4.0895 4.2518 4.419 4.5768 4.7514 4.9194 5.1015 5.2757 
 5.452 5.6327 5.8199 6.0086 6.2022 6.3904 6.5878 6.788 7.0004 7.2081 
 7.4244 7.6234 7.8446 8.0594 8.2872 8.5141 8.7272 8.955 9.1867 9.4098 
 9.638 9.8953 10.128 10.368 10.624 10.856 11.09 11.331 11.562 11.814 
 12.041 12.295 12.524 12.732 12.965 13.186 13.408 13.627 13.834 14.04 
 14.262 14.469 14.677 14.884 15.072 15.272 15.474 15.656 15.851 16.026 
 16.202 16.394 16.565 16.734 16.902 17.065 17.232 17.369 17.511 17.642 
 17.789 17.925 18.042 18.147 18.251 18.347 18.444 18.529 18.62 18.697 
 18.704 
2297 2297.5 2295.6 2292.3 2289.4 2284.1 2278.2 2271.5 2263.9 2255.6 
 2245.9 2235.1 2224.3 2211.1 2197.6 2183.3 2168.2 2152.1 2135.1 2116.9 
 2098.4 2079.5 2059.3 2038.4 2016.8 1994.6 1971.2 1947.9 1923.4 1897.9 
 1872.3 1846.9 1819.9 1792.3 1764.2 1736.3 1707.4 1677.9 1648.2 1618.2 
 1588.2 1557.4 1526.1 1494.7 1462.5 1430.6 1398.3 1365.1 1332.1 1298.9 
 1265.4 1232 1197.5 1164.1 1129.6 1095.6 1061.2 1026.5 991.6 957.07 
 922.59 887.46 852.8 817.99 783.28 748.39 713.82 679.22 644.9 610.99 
 576.68 542.89 509.52 476.18 443.39 410.65 378.84 347.01 316 285.83 
 255.63 226.25 198.49 170.75 143.46 116.82 91.144 66.451 43.011 20.963 
 4.5271 3.6086 3.3741 3.2522 3.2311 3.2308 3.3144 3.425 3.5725 3.7294 
 3.9045 4.0742 4.2485 4.4237 4.6038 4.785 4.9627 5.1489 5.345 5.5258 
 5.7214 5.9081 6.0978 6.3043 6.498 6.7136 6.9014 7.1218 7.322 7.5307 
 7.733 7.9589 8.179 8.3937 8.612 8.8396 9.0603 9.2873 9.5157 9.7505 
 9.9835 10.222 10.463 10.696 10.931 11.175 11.403 11.631 11.869 12.092 
 12.335 12.553 12.767 12.998 13.213 13.429 13.63 13.842 14.052 14.271 
 14.465 14.675 14.876 15.082 15.278 15.471 15.653 15.841 16.03 16.206 
 16.387 16.555 16.717 16.893 17.055 17.211 17.372 17.497 17.631 17.754 
 17.886 18.003 18.119 18.217 18.301 18.385 18.463 18.535 18.606 18.678 
 18.704 
