IESNA:LM-63-2002
[TEST] 1
[TESTLAB] 
[TESTDATE] 2025-02-20
[ISSUEDATE] 2025-02-20 21:12:54
[LAMPPOSITION] 0,0
[OTHER] EVERFINE GO-2000A_V1 SYSTEM
[MANUFAC] 
[LUMINAIRE] 50W-3000K
[LAMP] DB77E-4-50L-UD-P-A5W5C5
TILT=NONE
1 5846.6 1 181 17 1 2 0.060 1.200 0.000
1.000 1 48.1467
0.0    1.0    2.0    3.0    4.0    5.0    6.0    7.0    8.0    9.0    
 10.0   11.0   12.0   13.0   14.0   15.0   16.0   17.0   18.0   19.0   
 20.0   21.0   22.0   23.0   24.0   25.0   26.0   27.0   28.0   29.0   
 30.0   31.0   32.0   33.0   34.0   35.0   36.0   37.0   38.0   39.0   
 40.0   41.0   42.0   43.0   44.0   45.0   46.0   47.0   48.0   49.0   
 50.0   51.0   52.0   53.0   54.0   55.0   56.0   57.0   58.0   59.0   
 60.0   61.0   62.0   63.0   64.0   65.0   66.0   67.0   68.0   69.0   
 70.0   71.0   72.0   73.0   74.0   75.0   76.0   77.0   78.0   79.0   
 80.0   81.0   82.0   83.0   84.0   85.0   86.0   87.0   88.0   89.0   
 90.0   91.0   92.0   93.0   94.0   95.0   96.0   97.0   98.0   99.0   
 100.0  101.0  102.0  103.0  104.0  105.0  106.0  107.0  108.0  109.0  
 110.0  111.0  112.0  113.0  114.0  115.0  116.0  117.0  118.0  119.0  
 120.0  121.0  122.0  123.0  124.0  125.0  126.0  127.0  128.0  129.0  
 130.0  131.0  132.0  133.0  134.0  135.0  136.0  137.0  138.0  139.0  
 140.0  141.0  142.0  143.0  144.0  145.0  146.0  147.0  148.0  149.0  
 150.0  151.0  152.0  153.0  154.0  155.0  156.0  157.0  158.0  159.0  
 160.0  161.0  162.0  163.0  164.0  165.0  166.0  167.0  168.0  169.0  
 170.0  171.0  172.0  173.0  174.0  175.0  176.0  177.0  178.0  179.0  
 180.0  
0.0    22.5   45.0   67.5   90.0   112.5  135.0  157.5  180.0  202.5  
 225.0  247.5  270.0  292.5  315.0  337.5  360.0  
2185.4 2188.3 2186.8 2183.9 2180.6 2176.6 2170.8 2164.5 2156.8 2149 
 2139.6 2130.1 2119.4 2107.7 2094.3 2080.8 2066.3 2050.9 2034.9 2017.4 
 2000.1 1981.3 1962 1942.3 1921.6 1899.5 1877.8 1855.2 1831.4 1807.9 
 1783.2 1758.4 1733.3 1706.5 1680.1 1652.9 1625.6 1597.2 1568.7 1540 
 1511.2 1481.6 1451.6 1421.6 1391.2 1360.6 1329.7 1298.2 1266.6 1235.1 
 1203 1170.8 1138.4 1106.1 1073.5 1040.9 1007.9 975.19 942.13 908.42 
 875.92 842.78 809.85 776.71 743.66 710.3 677.49 644.92 611.91 579.77 
 547.38 515.05 483.65 451.81 420.49 389.59 359.34 329.32 299.82 271.11 
 242.72 214.95 188.52 162.11 136.13 111.11 86.767 63.22 40.953 20.06 
 4.139 3.3796 3.1599 3.0364 3.0167 3.0167 3.0814 3.1716 3.3143 3.4647 
 3.614 3.7818 3.9372 4.1058 4.2685 4.4442 4.612 4.7881 4.9678 5.1362 
 5.3257 5.5019 5.6826 5.8688 6.0595 6.2472 6.4413 6.6236 6.8236 7.0129 
 7.2211 7.4158 7.634 7.8295 8.0376 8.2588 8.4724 8.6859 8.8925 9.1252 
 9.3396 9.5613 9.7838 10.008 10.243 10.449 10.671 10.903 11.118 11.338 
 11.558 11.769 11.989 12.204 12.409 12.616 12.824 13.021 13.213 13.409 
 13.615 13.803 13.988 14.181 14.367 14.558 14.738 14.915 15.097 15.258 
 15.434 15.588 15.745 15.901 16.056 16.199 16.341 16.472 16.602 16.711 
 16.828 16.926 17.035 17.126 17.212 17.295 17.374 17.452 17.51 17.575 
 17.614 
2185.4 2191.3 2189.6 2186.8 2183.2 2178.3 2172.8 2166.4 2158.6 2149.8 
 2140.3 2130.2 2118.6 2106.4 2093.5 2079.3 2064.4 2048.3 2032.3 2015.2 
 1996.8 1977.9 1958.2 1938.2 1916.7 1894.8 1872.6 1849.6 1825.7 1801.8 
 1776.7 1751.7 1725.4 1699 1672.3 1644.4 1617.3 1588.8 1559.9 1530.8 
 1501.7 1472.2 1441.8 1411.7 1381.1 1349.6 1318.9 1287.3 1255.6 1223.9 
 1192 1159.8 1127.5 1095 1062.4 1029.5 996.69 963.56 930.12 897.15 
 864.12 830.86 797.79 764.25 731.01 697.94 664.83 631.8 599.07 566.76 
 534.29 502.24 470.6 438.91 408.49 377.93 347.37 317.31 287.98 259.02 
 230.44 202.46 175.37 148.81 123.2 97.971 73.884 50.713 28.772 9.4278 
 2.9449 2.8546 2.8611 2.887 2.9714 3.0762 3.1873 3.3109 3.4532 3.5892 
 3.7381 3.8938 4.0487 4.204 4.3603 4.5302 4.6843 4.8544 5.03 5.1983 
 5.3676 5.5482 5.7166 5.8988 6.0869 6.2617 6.4579 6.6467 6.8398 7.0334 
 7.2357 7.438 7.6391 7.8391 8.0323 8.2534 8.46 8.6747 8.8918 9.1089 
 9.3165 9.5385 9.7708 9.9869 10.222 10.44 10.662 10.888 11.109 11.336 
 11.557 11.777 12.005 12.218 12.445 12.654 12.862 13.068 13.276 13.488 
 13.678 13.867 14.062 14.267 14.449 14.631 14.819 15 15.176 15.351 
 15.519 15.663 15.825 15.974 16.123 16.265 16.407 16.531 16.642 16.759 
 16.888 16.985 17.089 17.166 17.244 17.322 17.387 17.439 17.497 17.543 
 17.614 
2185.4 2187.9 2185.7 2182.6 2178.2 2173.4 2167 2159.5 2151.6 2142 
 2132.1 2120.9 2108.7 2096 2082 2067.5 2051.4 2035.1 2017.7 1999.3 
 1980.5 1960.9 1940.3 1919.2 1897.7 1875.1 1851.5 1827.8 1803.5 1778.1 
 1752.6 1727.1 1700.2 1673.4 1645.7 1617.7 1589.2 1560.4 1531.5 1501.8 
 1472.1 1442.2 1411.5 1381 1349.8 1318.9 1287.4 1255.7 1224 1192.1 
 1160.1 1127.6 1095.2 1062.6 1030 997.31 964.23 931.47 898.12 865.37 
 832.74 799.61 766.51 733.49 700.57 667.83 635.19 602.43 570.08 537.85 
 505.79 473.76 442.49 411.19 380.49 350.16 320.51 290.93 262.19 234.23 
 206.6 180.27 154.09 128.4 103.4 79.121 55.95 33.883 14.506 3.5048 
 2.6684 2.6535 2.6662 2.7622 2.8665 2.9761 3.107 3.2358 3.3792 3.5166 
 3.6638 3.8078 3.9687 4.112 4.281 4.442 4.5978 4.7613 4.929 5.0968 
 5.2678 5.437 5.6039 5.7795 5.9612 6.1369 6.3176 6.5003 6.689 6.8767 
 7.0654 7.253 7.4612 7.6602 7.856 8.0512 8.2777 8.4913 8.7107 8.9137 
 9.1213 9.3491 9.5808 9.8067 10.027 10.249 10.469 10.69 10.912 11.132 
 11.353 11.568 11.788 12.008 12.214 12.435 12.632 12.826 13.034 13.232 
 13.434 13.705 13.998 14.302 14.615 14.887 15.139 15.324 15.479 15.635 
 15.777 15.906 16.031 16.154 16.264 16.406 16.517 16.627 16.737 16.834 
 16.926 17.023 17.107 17.185 17.243 17.315 17.367 17.438 17.484 17.555 
 17.614 
2185.4 2182.1 2180 2176.3 2171.3 2166.1 2159.7 2152 2143.4 2133.3 
 2122.7 2111.8 2099 2085.2 2071.3 2055.4 2039.2 2022.4 2004.3 1985.5 
 1966 1946 1924.7 1903.2 1880.5 1857.7 1833.7 1809.8 1784.4 1759 
 1733.1 1706.6 1679.5 1652.1 1624.5 1595.9 1567.3 1537.9 1508.6 1478.9 
 1449 1418.5 1388.3 1357.4 1326.4 1294.5 1263.7 1231.8 1200 1167.9 
 1136 1103.7 1071.4 1039 1006.1 973.69 941.19 908.27 875.46 843.08 
 810.14 777.23 744.5 711.62 678.82 646.52 613.83 581.65 549.82 518.26 
 486.31 455.33 424.52 394.5 364.49 334.63 305.33 276.75 248.26 220.87 
 193.59 167.22 141.37 116.13 91.898 68.208 45.715 25.108 9.3845 2.8204 
 2.4915 2.5237 2.6094 2.7063 2.8092 2.9199 3.045 3.1727 3.3168 3.4467 
 3.5824 3.7387 3.8757 4.0289 4.1846 4.3416 4.4905 4.6518 4.8085 4.9785 
 5.1395 5.3138 5.4902 5.6447 5.8222 5.9906 6.1709 6.352 6.5279 6.7279 
 6.8902 7.0939 7.2806 7.4753 7.6754 7.8646 8.0577 8.2589 8.473 8.677 
 8.8836 9.0912 9.3006 9.5114 9.7514 9.9739 10.193 10.41 10.635 10.848 
 11.065 11.282 11.509 11.73 11.939 12.141 12.355 12.576 12.776 12.989 
 13.173 13.384 13.573 13.774 13.963 14.157 14.348 14.534 14.714 14.891 
 15.077 15.242 15.422 15.591 15.746 15.908 16.077 16.22 16.357 16.492 
 16.63 16.746 16.875 16.978 17.076 17.173 17.257 17.342 17.419 17.491 
 17.614 
2185.4 2177.8 2175.5 2171.7 2167 2161.2 2154.5 2146 2137.2 2126.7 
 2115.8 2103.6 2090.6 2076.8 2062.2 2046.9 2029.9 2012.6 1994.4 1975.4 
 1955.7 1935.2 1913.8 1891.8 1868.8 1845.4 1821.8 1797.1 1771.5 1746.2 
 1720 1693 1666.1 1638.5 1610.2 1581.5 1553.1 1524.4 1494.6 1465 
 1434.9 1404.2 1373.5 1343.1 1311.8 1280.4 1249.3 1217.4 1185.5 1153.7 
 1121.6 1089.5 1057.5 1025.3 992.33 959.82 927.25 894.83 862.35 829.64 
 796.99 764.03 731.43 698.64 666.5 633.99 601.71 570.24 538.44 506.85 
 475.5 445.14 414.3 384.62 354.94 325.65 296.55 268.21 240.55 213.04 
 186.2 160.41 134.69 109.84 86.011 62.661 40.836 21.362 7.8973 3.6652 
 3.6277 3.7323 3.8679 4.0103 4.1674 4.3284 4.5036 4.6779 4.8486 5.0303 
 5.2105 5.3997 5.5864 5.7691 5.9504 6.1521 6.3526 6.535 6.7356 6.9436 
 7.1309 7.3326 7.5354 7.7355 7.9425 8.1315 8.3456 8.5591 8.7656 8.9674 
 9.1761 9.3778 9.5838 9.7874 10 10.206 10.415 10.614 10.816 11.052 
 11.266 11.477 11.675 11.896 12.1 12.309 12.509 12.703 12.91 13.101 
 13.294 13.47 13.664 13.835 14.023 14.203 14.386 14.54 14.733 14.897 
 15.052 15.215 15.357 15.506 15.656 15.793 15.928 16.058 16.207 16.325 
 16.454 16.569 16.687 16.79 16.902 16.999 17.084 17.18 17.265 17.361 
 17.414 17.485 17.537 17.614 17.679 17.698 17.698 17.698 17.685 17.679 
 17.614 
2185.4 2181.3 2179 2174.9 2170.6 2164.5 2158.3 2150.6 2141.7 2131.6 
 2120.6 2109.3 2096.8 2083.5 2068.2 2053 2036.3 2019.3 2001.5 1982.7 
 1963.3 1942.8 1921.4 1899.4 1877.4 1854.1 1829.9 1805.5 1780.6 1755.2 
 1729.1 1702.5 1675.5 1648.3 1620.1 1591.6 1562.9 1533.6 1504.3 1474.7 
 1444.3 1414.1 1383.8 1352.7 1321.6 1290.7 1258.8 1227 1195.4 1163.4 
 1131.3 1099.1 1066.6 1034.3 1001.4 969.19 936.38 903.68 871.23 838.26 
 805.32 772.79 739.76 706.61 674.52 641.91 609.5 577.5 545.33 513.93 
 482.07 451.29 420.43 389.84 359.86 330.28 301.29 272.62 244.56 216.81 
 190.78 164.76 138.8 113.82 89.36 65.845 43.562 23.333 8.6984 3.8031 
 3.6928 3.788 3.9172 4.067 4.2219 4.3776 4.5586 4.7274 4.9169 5.0922 
 5.2916 5.4671 5.6419 5.8357 6.025 6.2261 6.4198 6.623 6.8172 7.0183 
 7.2115 7.4217 7.6336 7.8354 8.0355 8.2512 8.4454 8.6594 8.8612 9.0624 
 9.2753 9.4842 9.6837 9.8989 10.094 10.308 10.513 10.729 10.938 11.15 
 11.363 11.58 11.781 11.995 12.214 12.415 12.629 12.823 13.025 13.221 
 13.419 13.617 13.796 13.973 14.147 14.322 14.497 14.666 14.822 14.978 
 15.129 15.265 15.406 15.537 15.674 15.797 15.927 16.055 16.166 16.283 
 16.394 16.504 16.589 16.679 16.775 16.861 16.945 17.01 17.088 17.159 
 17.211 17.256 17.302 17.36 17.419 17.451 17.484 17.51 17.523 17.517 
 17.614 
2185.4 2181.9 2179.7 2176.4 2172.6 2166.7 2160.6 2153 2145.1 2135.9 
 2125.8 2114.4 2102.4 2089.6 2075.5 2060.4 2044.9 2028.6 2011.4 1993.3 
 1974.3 1954.7 1934.4 1913.6 1891.6 1868.6 1846 1822.2 1797.5 1773 
 1747.4 1721.6 1695 1668.2 1640.7 1612.8 1584.5 1555.5 1526.8 1497.5 
 1467.3 1437.5 1407.2 1376.9 1345.9 1314.9 1283.4 1251.5 1220.2 1188.1 
 1156 1123.9 1091.7 1059.2 1026.2 994.13 961.11 928.85 896.16 863.04 
 830.35 797.36 764.54 731.71 698.72 666.37 633.8 601.31 568.89 536.62 
 504.83 473.4 442.03 410.91 380.75 350.6 321.07 291.64 262.78 234.67 
 206.93 180.14 153.5 128.01 102.87 78.488 55.368 33.3 14.186 4.3316 
 3.9254 4.0032 4.1187 4.256 4.4117 4.58 4.7552 4.9299 5.1205 5.2998 
 5.5024 5.6718 5.8713 6.0741 6.2656 6.4667 6.6614 6.8625 7.0659 7.2612 
 7.4795 7.6807 7.8749 8.0765 8.2901 8.4972 8.7066 8.9195 9.1266 9.3242 
 9.5425 9.7432 9.9513 10.154 10.354 10.562 10.777 10.989 11.204 11.433 
 11.631 11.851 12.073 12.282 12.489 12.696 12.896 13.087 13.279 13.48 
 13.664 13.85 14.046 14.221 14.403 14.572 14.734 14.901 15.065 15.214 
 15.37 15.511 15.648 15.791 15.921 16.044 16.173 16.31 16.439 16.544 
 16.66 16.751 16.861 16.952 17.036 17.108 17.172 17.25 17.315 17.367 
 17.413 17.451 17.497 17.549 17.588 17.588 17.588 17.588 17.588 17.588 
 17.614 
2185.4 2182.6 2180.2 2177.5 2173.8 2168.5 2162.8 2156 2148.2 2139.2 
 2129.8 2119.2 2107.7 2095.3 2082 2068.4 2053 2037.5 2020.7 2003.1 
 1984.8 1966.1 1947 1926.2 1904.9 1883.1 1860.6 1837.6 1813.9 1789.8 
 1765.1 1739.4 1713.3 1687.3 1660.3 1632.8 1605 1576.7 1548.3 1519.2 
 1489.7 1459.8 1430.3 1399.9 1369.1 1338.8 1307.6 1275.8 1244.1 1212.6 
 1180.7 1148.9 1116.8 1083.7 1051.5 1018.7 986.11 953.07 920.3 887.26 
 854.46 821.31 788.47 755.21 722.24 689.16 656.29 623.95 591.62 559.27 
 526.81 495.38 463.73 432.16 401.42 370.81 340.38 310.56 281.38 252.86 
 224.58 197.66 170.75 144.46 118.86 93.956 69.838 46.893 25.267 7.4815 
 4.224 4.1846 4.2169 4.3322 4.4618 4.6232 4.7867 4.9609 5.1559 5.3441 
 5.5339 5.7323 5.9157 6.1146 6.3185 6.5121 6.718 6.9214 7.1204 7.3221 
 7.5244 7.7267 7.9251 8.1284 8.3414 8.5497 8.7503 8.972 9.1769 9.3728 
 9.5873 9.7891 10.004 10.195 10.404 10.618 10.819 11.04 11.249 11.455 
 11.674 11.892 12.093 12.293 12.506 12.706 12.896 13.085 13.28 13.472 
 13.66 13.844 14.02 14.2 14.369 14.55 14.713 14.869 15.031 15.187 
 15.349 15.472 15.62 15.758 15.894 16.023 16.159 16.289 16.425 16.524 
 16.628 16.725 16.821 16.919 16.99 17.068 17.14 17.198 17.276 17.328 
 17.38 17.412 17.438 17.483 17.535 17.562 17.588 17.601 17.594 17.594 
 17.614 
2185.4 2187.8 2186.9 2184.4 2181 2176.5 2171.4 2165 2157.7 2149.5 
 2140.2 2130.1 2119 2108.6 2095.1 2081.3 2067.6 2051.5 2035.6 2018.9 
 2001.6 1982.5 1963.2 1943.2 1922.8 1901 1879.1 1856.6 1832.7 1809.4 
 1784.4 1759.7 1734.4 1707.9 1681.5 1654.4 1626.8 1598.7 1570.4 1541.1 
 1512.4 1482.7 1452.9 1423 1392.1 1361.5 1330.4 1298.7 1267.8 1236 
 1203.7 1171.7 1139.3 1106.5 1073.7 1041.5 1008.5 975.31 942.5 909.27 
 875.99 843.04 809.77 776.21 743.42 710.26 676.9 644.01 611.39 578.81 
 546.45 514.38 482.52 450.84 419.85 389.29 358.73 328.71 299.15 270.13 
 241.6 213.74 186.26 159.87 134.14 108.97 84.761 61.378 39.108 18.704 
 4.6696 4.4894 4.483 4.4959 4.5624 4.672 4.8075 4.9655 5.164 5.3539 
 5.5609 5.7566 5.9486 6.1374 6.3537 6.5586 6.7538 6.9633 7.1767 7.3709 
 7.5796 7.7814 7.9885 8.1961 8.401 8.6162 8.8239 9.031 9.2339 9.4431 
 9.6421 9.8551 10.058 10.258 10.465 10.66 10.868 11.08 11.295 11.503 
 11.712 11.926 12.128 12.328 12.523 12.73 12.923 13.111 13.282 13.477 
 13.652 13.826 14.001 14.163 14.332 14.488 14.658 14.812 14.975 15.124 
 15.273 15.408 15.552 15.687 15.819 15.953 16.076 16.214 16.335 16.447 
 16.556 16.653 16.752 16.835 16.927 17.011 17.089 17.16 17.231 17.296 
 17.341 17.38 17.426 17.497 17.536 17.588 17.614 17.62 17.62 17.62 
 17.614 
2185.4 2192.1 2191.3 2188.6 2185.4 2181.1 2176.3 2169.8 2162.6 2154.8 
 2145.7 2135.7 2124.7 2113.1 2100.4 2086.8 2072.5 2057 2041.1 2024.2 
 2006.4 1987.7 1968.7 1948.5 1927.9 1906.3 1884.4 1861.6 1838.3 1814.5 
 1789.6 1764.6 1738.7 1712.2 1685.4 1658.4 1630.8 1602.5 1574.3 1545.3 
 1516.1 1486.4 1456.7 1426.2 1395.6 1364.9 1333.3 1301.9 1270.4 1238.8 
 1206.6 1174.2 1141.9 1109.3 1076.6 1044 1010.7 977.73 944.44 910.99 
 877.81 844.59 811.33 777.92 744.73 711.45 677.99 645.26 612.25 579.9 
 547.01 515.01 482.95 451.13 420.09 389.09 358.64 328.45 298.68 269.45 
 240.64 212.97 186.21 159.47 133.64 108.14 83.899 60.145 37.788 17.004 
 4.5025 4.1267 4.1325 4.1778 4.3075 4.4568 4.5991 4.7608 4.9558 5.1361 
 5.3247 5.5139 5.707 5.8963 6.1044 6.2986 6.4858 6.6915 6.8875 7.0886 
 7.2828 7.4801 7.6797 7.8878 8.0868 8.2902 8.4984 8.6985 8.9131 9.1063 
 9.3126 9.5296 9.7243 9.9366 10.144 10.351 10.559 10.76 10.968 11.176 
 11.395 11.597 11.813 12.013 12.222 12.408 12.598 12.797 12.979 13.175 
 13.351 13.537 13.708 13.882 14.056 14.219 14.388 14.544 14.692 14.855 
 15.004 15.153 15.291 15.44 15.556 15.692 15.809 15.959 16.076 16.186 
 16.283 16.386 16.484 16.575 16.66 16.744 16.809 16.886 16.971 17.042 
 17.088 17.14 17.198 17.269 17.334 17.367 17.419 17.458 17.478 17.497 
 17.614 
2185.4 2189.8 2188.5 2186.2 2183.1 2179.2 2174.2 2168.6 2161.2 2153 
 2144.1 2134.2 2123.7 2112.1 2098.9 2084.7 2070.3 2055 2038.4 2021.7 
 2003.1 1984.7 1965.1 1944.7 1923.7 1901.7 1879.2 1856.7 1832.1 1807.8 
 1782.9 1757.6 1731.6 1705.3 1678.2 1650.7 1622.8 1594.1 1565.4 1537 
 1507 1477.6 1447.5 1416.9 1386.2 1355.3 1324.1 1292.6 1260.8 1228.7 
 1196.6 1164.9 1132.2 1099.5 1067.1 1034.6 1001 968.22 935.33 902.07 
 869.24 836.38 803 769.74 737.05 703.91 670.54 638.34 605.51 572.63 
 540.24 508.21 476.43 445.11 414.21 383.81 353.42 323.65 294.17 265.4 
 237.24 209.63 182.39 156.28 130.49 105.34 81.304 57.88 35.545 15.869 
 4.4709 3.7823 3.8676 3.9777 4.1153 4.2643 4.4243 4.5876 4.7747 4.9445 
 5.1407 5.3278 5.5075 5.6977 5.8779 6.0801 6.2737 6.471 6.6642 6.8663 
 7.0589 7.2601 7.4494 7.6554 7.8512 8.0593 8.2541 8.4606 8.6682 8.8629 
 9.07 9.2771 9.4793 9.6671 9.8806 10.082 10.284 10.506 10.719 10.931 
 11.146 11.354 11.57 11.79 11.997 12.204 12.413 12.605 12.814 13.015 
 13.203 13.39 13.592 13.774 13.955 14.132 14.306 14.489 14.656 14.819 
 14.975 15.129 15.272 15.422 15.553 15.688 15.817 15.967 16.09 16.207 
 16.33 16.434 16.537 16.641 16.718 16.797 16.887 16.966 17.05 17.127 
 17.173 17.232 17.297 17.42 17.471 17.529 17.568 17.575 17.575 17.575 
 17.614 
2185.4 2184.3 2183.1 2181.9 2178.5 2174.6 2169.6 2163.9 2156.5 2148.2 
 2139.2 2128.6 2117.4 2105.8 2091.9 2077.9 2063.3 2047.2 2030.5 2012.8 
 1994.1 1975.2 1955.5 1934.6 1913 1890.6 1867.9 1844.5 1820.1 1795.6 
 1770.2 1744.7 1718.4 1691.5 1664.2 1636.2 1608.2 1579.4 1550.4 1521.3 
 1491.6 1461.6 1431.3 1400.6 1369.9 1339.2 1307.6 1275.9 1244.2 1212.5 
 1180.7 1148.5 1116.2 1083.6 1051 1018.6 985.72 952.98 920.37 887.7 
 854.69 821.54 788.69 755.42 722.72 689.73 657 624.84 592.26 560.28 
 528.15 496.98 465.48 434.18 403.79 373.19 343.6 314.39 285.72 257.13 
 229.31 202.96 176.64 150.61 125.43 100.63 76.818 53.857 32.451 14.264 
 4.5191 3.5981 3.6323 3.7493 3.879 4.0338 4.2033 4.3642 4.5338 4.7144 
 4.8961 5.0842 5.2586 5.4491 5.6373 5.8255 6.0132 6.2132 6.4095 6.6016 
 6.7984 6.999 7.199 7.3932 7.5874 7.7965 7.9988 8.1989 8.4118 8.6218 
 8.809 9.0276 9.2226 9.4324 9.6453 9.8542 10.054 10.268 10.476 10.709 
 10.91 11.126 11.345 11.558 11.793 12.001 12.215 12.429 12.63 12.836 
 13.052 13.247 13.445 13.655 13.838 14.025 14.219 14.387 14.564 14.739 
 14.914 15.07 15.23 15.393 15.544 15.685 15.822 15.97 16.107 16.218 
 16.341 16.47 16.574 16.684 16.764 16.861 16.944 17.023 17.113 17.178 
 17.231 17.289 17.341 17.387 17.426 17.458 17.484 17.497 17.497 17.497 
 17.614 
2185.4 2180 2179.3 2176.9 2173.5 2170.2 2165.1 2158.8 2151.4 2142.9 
 2134.6 2124.1 2112.6 2100.6 2086.9 2073.1 2058.4 2042.6 2026 2008.4 
 1990.2 1970.9 1950.8 1930 1908.5 1886 1863.4 1839.9 1815.7 1791.2 
 1765.5 1739.9 1713.5 1686.6 1659 1631.3 1603.5 1574.5 1545.2 1516.2 
 1486.6 1456.7 1426.5 1396.1 1365.5 1334.5 1302.9 1271.6 1239.7 1208 
 1176 1144 1111.8 1079.5 1047.2 1014.7 982.18 949.29 916.81 883.62 
 850.65 817.83 785.23 752.24 719.6 687.02 654.38 622.22 589.89 558.36 
 526.43 495.04 464.08 432.93 402.49 372.27 342.66 313.4 284.81 256.63 
 229 202.66 176.33 150.32 125.25 100.59 76.736 53.702 32.448 14.262 
 3.7511 2.3817 2.3615 2.3808 2.4647 2.5684 2.6713 2.7889 2.9128 3.0355 
 3.1717 3.3068 3.4442 3.5858 3.7217 3.8772 4.0265 4.1945 4.326 4.4893 
 4.6515 4.8056 4.9737 5.1428 5.3047 5.4856 5.6374 5.8126 5.9933 6.175 
 6.3552 6.5379 6.7196 6.9131 7.1029 7.3088 7.4918 7.6923 7.8821 8.0892 
 8.294 8.4958 8.7092 8.8999 9.128 9.348 9.5616 9.7752 10.008 10.221 
 10.443 10.659 10.878 11.098 11.308 11.52 11.735 11.949 12.169 12.384 
 12.589 12.806 13.014 13.22 13.426 13.628 13.823 14.039 14.226 14.434 
 14.628 14.83 15.017 15.206 15.4 15.589 15.782 15.952 16.126 16.301 
 16.476 16.633 16.801 16.939 17.056 17.184 17.295 17.386 17.483 17.562 
 17.614 
2185.4 2183.5 2183.5 2181.6 2178.9 2174.9 2170.2 2164.4 2157.3 2149 
 2140.4 2129.6 2118.6 2106.4 2093.7 2079.5 2064.4 2048.9 2032.2 2014.4 
 1996.5 1977.1 1957.4 1936.9 1915.4 1893.6 1870.6 1847.3 1823.5 1798.9 
 1773.6 1747.7 1721.3 1694.5 1667.5 1639.7 1611.6 1583 1554.3 1524.9 
 1495.3 1465.2 1435 1405.2 1374.2 1343.3 1312.1 1280.1 1248.3 1216.6 
 1185.1 1153.2 1120.3 1088.3 1055.6 1023 990.31 957.46 924.85 891.92 
 859.36 825.82 793.43 760.11 727.21 694.71 662.1 629.5 597.27 565.28 
 533.31 501.73 470.6 439.35 409.27 379.29 349.31 319.75 290.82 262.42 
 234.54 207.12 180.38 154.2 128.72 103.67 79.727 56.423 34.491 15.502 
 3.9699 2.3615 2.3945 2.4461 2.5317 2.6341 2.7327 2.8432 2.9716 3.096 
 3.2326 3.3614 3.5106 3.6533 3.7905 3.9393 4.0817 4.2246 4.3872 4.5502 
 4.7043 4.8665 5.0233 5.1966 5.3602 5.5275 5.6963 5.8605 6.0426 6.2159 
 6.3971 6.5853 6.7756 6.9693 7.165 7.3581 7.5528 7.7481 7.9629 8.1768 
 8.3777 8.5993 8.8066 9.0279 9.2525 9.4797 9.7217 9.9533 10.168 10.413 
 10.641 10.874 11.114 11.341 11.563 11.782 12.003 12.238 12.465 12.677 
 12.885 13.108 13.315 13.534 13.75 13.962 14.158 14.373 14.567 14.762 
 14.949 15.144 15.331 15.507 15.684 15.864 16.032 16.194 16.343 16.492 
 16.635 16.759 16.9 16.992 17.076 17.18 17.27 17.348 17.439 17.491 
 17.614 
2185.4 2183.3 2182.6 2180.5 2177.9 2173.8 2168.3 2162.3 2155.5 2147.6 
 2138.6 2128.6 2118.2 2106.3 2093.1 2079.9 2064.6 2049.3 2033.2 2016 
 1998 1979.1 1959.3 1939.1 1918 1896.6 1873.7 1850.8 1827.2 1802.7 
 1777.9 1752.2 1726.8 1700.5 1673.6 1645.9 1618.3 1589.5 1560.8 1531.6 
 1502.6 1472.9 1442.9 1412.6 1382 1351.1 1320 1287.8 1256.3 1224.6 
 1193 1160.9 1128.5 1096.2 1063.8 1031.2 998.43 965.84 932.73 900.12 
 867.28 834.1 801.43 768.66 735.66 702.85 669.78 637.24 605.03 572.77 
 540.5 508.46 477.06 445.57 414.36 383.76 353.53 323.89 294.32 265.96 
 237.55 210.02 183.83 157.52 131.74 106.57 82.075 58.38 36.129 15.771 
 3.5163 2.5172 2.5043 2.498 2.5761 2.6603 2.7639 2.8994 3.0228 3.1541 
 3.2953 3.4327 3.569 3.7114 3.8602 4.0229 4.1725 4.3205 4.484 4.639 
 4.8068 4.9694 5.1377 5.3079 5.4886 5.6448 5.8186 5.9957 6.177 6.3658 
 6.5777 6.8008 7.0336 7.2466 7.4467 7.5837 7.7583 7.9652 8.1758 8.3946 
 8.6141 8.8307 9.0611 9.283 9.5224 9.7502 9.9786 10.206 10.437 10.665 
 10.906 11.126 11.354 11.581 11.806 12.034 12.244 12.457 12.672 12.879 
 13.072 13.285 13.48 13.682 13.885 14.079 14.266 14.462 14.642 14.837 
 15.018 15.199 15.369 15.538 15.713 15.875 16.043 16.199 16.343 16.478 
 16.627 16.744 16.868 16.958 17.068 17.159 17.257 17.354 17.426 17.497 
 17.614 
2185.4 2183.4 2181.6 2179.3 2176.5 2172.9 2167.6 2161.8 2154.6 2146.7 
 2137.7 2127.7 2117.1 2105.5 2093.5 2079.6 2065.3 2050.1 2034 2017 
 1999.1 1980.8 1962.2 1941.6 1921 1900 1877.8 1854.8 1831.7 1807.9 
 1783.1 1758.3 1732.7 1706.9 1679.8 1652.9 1625.3 1597.2 1569 1540.6 
 1511.3 1481.7 1452 1422.1 1391.3 1360.7 1329.8 1298.5 1267.1 1235.4 
 1203.5 1171.5 1139.5 1107.1 1074.7 1042.4 1009.5 976.61 943.82 910.84 
 878.02 845 812.13 779.1 746.27 713.17 680.44 647.59 614.89 582.66 
 550.51 518.14 486.64 454.9 424.04 393.87 363.7 333.4 303.85 274.82 
 246.22 218.41 191.04 164 137.95 112.46 87.816 63.839 41.215 19.704 
 3.925 2.7506 2.7378 2.7444 2.7962 2.8754 2.9853 3.0895 3.2257 3.3609 
 3.5109 3.6533 3.7975 3.9579 4.1149 4.2638 4.4192 4.5874 4.7579 4.9202 
 5.0876 5.2564 5.437 5.5934 5.7875 5.9632 6.1461 6.3396 6.5288 6.7162 
 6.9302 7.1255 7.3279 7.5401 7.7291 7.9432 8.1557 8.3779 8.5852 8.8116 
 9.0264 9.2452 9.4742 9.6969 9.9337 10.154 10.381 10.603 10.831 11.036 
 11.276 11.49 11.711 11.92 12.135 12.341 12.563 12.768 12.97 13.171 
 13.374 13.575 13.756 13.963 14.157 14.339 14.521 14.714 14.896 15.067 
 15.241 15.403 15.573 15.727 15.883 16.026 16.183 16.324 16.453 16.569 
 16.701 16.823 16.946 17.03 17.14 17.231 17.323 17.42 17.497 17.575 
 17.614 
2185.4 2188.3 2186.8 2183.9 2180.6 2176.6 2170.8 2164.5 2156.8 2149 
 2139.6 2130.1 2119.4 2107.7 2094.3 2080.8 2066.3 2050.9 2034.9 2017.4 
 2000.1 1981.3 1962 1942.3 1921.6 1899.5 1877.8 1855.2 1831.4 1807.9 
 1783.2 1758.4 1733.3 1706.5 1680.1 1652.9 1625.6 1597.2 1568.7 1540 
 1511.2 1481.6 1451.6 1421.6 1391.2 1360.6 1329.7 1298.2 1266.6 1235.1 
 1203 1170.8 1138.4 1106.1 1073.5 1040.9 1007.9 975.19 942.13 908.42 
 875.92 842.78 809.85 776.71 743.66 710.3 677.49 644.92 611.91 579.77 
 547.38 515.05 483.65 451.81 420.49 389.59 359.34 329.32 299.82 271.11 
 242.72 214.95 188.52 162.11 136.13 111.11 86.767 63.22 40.953 20.06 
 4.139 3.3796 3.1599 3.0364 3.0167 3.0167 3.0814 3.1716 3.3143 3.4647 
 3.614 3.7818 3.9372 4.1058 4.2685 4.4442 4.612 4.7881 4.9678 5.1362 
 5.3257 5.5019 5.6826 5.8688 6.0595 6.2472 6.4413 6.6236 6.8236 7.0129 
 7.2211 7.4158 7.634 7.8295 8.0376 8.2588 8.4724 8.6859 8.8925 9.1252 
 9.3396 9.5613 9.7838 10.008 10.243 10.449 10.671 10.903 11.118 11.338 
 11.558 11.769 11.989 12.204 12.409 12.616 12.824 13.021 13.213 13.409 
 13.615 13.803 13.988 14.181 14.367 14.558 14.738 14.915 15.097 15.258 
 15.434 15.588 15.745 15.901 16.056 16.199 16.341 16.472 16.602 16.711 
 16.828 16.926 17.035 17.126 17.212 17.295 17.374 17.452 17.51 17.575 
 17.614 
