IESNA:LM-63-2002 
[TEST] 4791498147.1-5a
[TESTLAB] UL-CCIC Company Limited
[ISSUEDATE] 2025-02-10
[MANUFAC] Foshan MLS Technology Co., Ltd.
[LUMINAIRE] High-Bay Luminaires (Commercial and Industrial)
[LUMCAT] HBB-300S-UNV-8SC1-10V-90D-L-BK-M-PRO
[BALLAST] 120VAC 60Hz 
TILT=NONE
1 -1 1 181 17 1 2 -0.25 -0.25 0
1 1 290.7
0 1 2 3 4 5 6 7 8 9 10 11 12 13 14 15 16 17 18 19 20 21 22 23 24 25 26 27 28 29 30 31 32 33 34 35 36 37 38 39 40 41 42 43 44 45 46 47 48 49 50 51 52 53 54 55 56 57 58 59 60 61 62 63 64 65 66 67 68 69 70 71 72 73 74 75 76 77 78 79 80 81 82 83 84 85 86 87 88 89 90 91 92 93 94 95 96 97 98 99 100 101 102 103 104 105 106 107 108 109 110 111 112 113 114 115 116 117 118 119 120 121 122 123 124 125 126 127 128 129 130 131 132 133 134 135 136 137 138 139 140 141 142 143 144 145 146 147 148 149 150 151 152 153 154 155 156 157 158 159 160 161 162 163 164 165 166 167 168 169 170 171 172 173 174 175 176 177 178 179 180 
0 22.5 45 67.5 90 112.5 135 157.5 180 202.5 225 247.5 270 292.5 315 337.5 360 
21828.756 21820.600 21829.500 21804.200 21789.700 21779.200 21757.400 21751.700 21744.900 21732.300 21722.600 21701.500 21671.800 21634.800 21590.900 21543.500 21480.300 21427.700 21372.000 21301.400 21218.300 21101.300 20983.200 20852.500 20715.000 20578.200 20429.700 20291.500 20149.400 19981.600 19823.400 19653.700 19465.000 19246.500 18955.600 18569.000 18080.100 17503.400 16792.300 15958.300 15025.900 14020.300 12987.000 12044.700 11171.800 10376.300 9585.520 8825.000 8076.350 7315.600 6667.350 6113.700 5595.060 5132.380 4724.250 4353.200 4006.190 3693.260 3402.130 3147.580 2902.180 2663.250 2416.470 2197.440 1988.560 1806.670 1629.510 1472.910 1324.640 1183.780 1055.180 940.129 843.771 757.058 676.998 607.000 538.863 478.318 420.195 368.111 319.924 274.998 230.124 184.584 139.079 91.727 47.007 17.922 7.472 3.404 3.793 3.465 3.299 3.455 2.501 3.668 2.634 3.783 3.128 3.542 3.443 3.252 4.195 3.768 4.732 4.040 5.194 4.800 6.030 6.119 6.773 7.512 7.937 9.083 9.053 10.597 10.672 12.155 12.371 13.737 13.957 14.430 15.279 14.746 15.798 15.219 16.389 16.488 16.969 17.918 18.066 19.644 19.741 21.367 21.561 22.777 22.959 24.103 24.986 25.415 26.912 27.211 28.938 29.403 31.076 31.644 32.868 33.613 34.612 35.469 36.245 37.110 37.970 38.427 39.504 40.241 41.269 41.469 43.063 43.143 44.691 45.917 46.366 48.097 49.139 49.953 51.912 53.274 54.147 55.889 57.576 58.697 59.902 60.678 61.827 62.640 63.163 62.705 63.206 62.926 63.440
21828.756 21798.100 21807.000 21796.300 21781.200 21758.300 21751.100 21750.400 21743.200 21740.700 21734.300 21709.800 21689.800 21650.000 21597.500 21540.100 21487.100 21418.800 21347.200 21279.200 21198.600 21119.600 21034.300 20925.900 20779.400 20633.100 20472.200 20312.200 20140.300 19967.100 19768.500 19566.600 19342.100 19080.200 18778.900 18447.300 18046.900 17601.100 17044.500 16381.600 15522.200 14566.900 13514.000 12506.800 11566.600 10722.000 9825.070 8942.770 8137.360 7391.450 6694.140 6082.130 5533.300 5052.190 4602.220 4205.630 3844.680 3524.900 3243.410 2998.680 2773.440 2551.560 2344.420 2143.880 1962.770 1801.340 1650.030 1507.630 1377.710 1259.430 1143.050 1026.000 912.272 809.605 717.556 634.464 555.206 482.260 414.067 355.426 301.428 249.724 200.274 154.828 111.508 69.217 29.021 13.348 5.678 4.347 3.223 3.678 3.212 3.369 2.967 2.567 3.024 2.379 3.334 3.115 3.959 3.402 4.241 3.827 4.368 4.801 4.801 5.949 5.637 7.172 6.836 7.993 7.977 8.984 9.726 10.597 11.771 12.271 13.774 13.977 15.507 15.162 15.815 15.096 15.528 16.136 16.330 17.617 17.645 19.146 18.994 20.432 20.707 21.829 22.303 23.135 24.113 24.584 26.124 26.102 27.716 27.854 29.124 29.618 30.703 32.232 32.469 34.074 34.399 36.056 36.268 37.609 37.652 39.335 39.316 40.864 41.346 42.215 43.196 43.558 45.423 46.190 47.117 48.942 49.583 50.811 52.633 53.797 54.602 56.089 57.674 58.846 59.950 60.603 61.579 62.559 62.608 62.876 62.874 63.045 63.440
21828.756 21806.600 21809.800 21807.800 21781.500 21777.300 21754.900 21746.500 21742.500 21731.200 21725.400 21705.800 21684.700 21662.400 21618.600 21563.400 21507.500 21436.300 21377.000 21308.100 21230.000 21158.000 21065.800 20943.000 20808.000 20662.100 20488.200 20354.900 20181.400 20027.100 19839.800 19636.200 19407.000 19163.300 18881.900 18555.000 18221.100 17781.500 17221.900 16412.400 15464.700 14381.400 13382.700 12436.400 11556.600 10681.100 9762.300 8872.280 8037.300 7248.820 6572.130 5971.970 5434.120 4960.320 4526.400 4148.890 3818.700 3511.100 3247.060 3017.340 2789.910 2574.350 2364.090 2176.840 2003.420 1839.700 1685.860 1541.260 1406.160 1283.020 1163.330 1057.260 954.523 857.557 768.303 675.709 588.136 507.987 438.401 371.818 312.193 259.346 206.448 157.446 107.764 63.011 24.585 10.338 5.517 3.162 3.776 3.147 3.552 3.503 2.835 3.738 2.561 3.447 3.548 3.189 3.922 3.214 4.104 3.545 4.569 4.666 5.078 5.628 6.198 6.826 7.519 8.443 8.371 9.824 10.098 11.365 11.906 12.623 13.624 13.733 15.273 15.125 16.007 16.548 16.850 18.003 17.859 19.230 19.171 20.439 20.312 21.274 21.925 22.208 23.253 23.200 24.669 24.586 26.128 26.118 27.620 28.283 29.342 30.294 30.973 32.677 32.817 34.309 34.540 35.795 36.277 37.483 37.551 38.810 39.108 40.342 40.749 42.147 42.220 43.825 44.521 45.329 47.062 47.628 48.890 50.574 51.358 52.449 54.515 55.616 56.539 57.712 58.833 60.215 61.249 61.752 62.369 63.601 62.836 63.439 63.440
21828.756 21801.400 21808.900 21800.500 21790.800 21777.600 21753.200 21751.100 21721.400 21722.100 21706.800 21696.500 21667.600 21646.600 21605.700 21566.200 21510.000 21441.100 21376.900 21312.700 21252.300 21184.000 21090.500 20964.600 20849.300 20708.400 20554.200 20404.300 20252.800 20085.000 19914.300 19711.100 19499.000 19249.600 18972.900 18662.800 18287.700 17859.800 17322.200 16576.600 15649.800 14584.800 13547.300 12585.300 11676.300 10791.100 9869.030 8980.880 8144.450 7372.650 6675.700 6073.900 5532.880 5034.370 4586.760 4189.470 3841.740 3524.720 3244.460 3004.110 2778.330 2557.470 2353.760 2162.900 1984.600 1820.780 1665.700 1523.640 1390.300 1267.650 1155.070 1050.530 950.805 855.958 763.986 672.731 588.289 509.234 438.291 372.732 315.350 261.637 209.608 159.737 110.897 67.463 28.229 12.992 5.389 4.170 3.254 3.591 2.662 3.139 3.263 3.148 3.187 2.655 3.421 2.746 3.839 3.539 3.935 4.156 4.083 4.685 4.570 5.761 5.688 7.159 6.923 8.323 8.457 9.431 10.127 10.669 11.963 11.938 13.670 13.902 15.617 15.615 16.353 16.832 17.123 17.871 18.129 19.076 19.085 20.333 20.141 21.626 21.298 22.511 22.700 23.279 24.260 24.623 26.233 26.258 27.915 28.215 29.745 30.291 31.391 32.226 32.903 34.245 34.356 35.690 35.973 37.170 37.453 38.455 39.135 39.799 40.627 41.023 42.382 42.696 43.934 44.978 45.522 47.251 48.114 48.815 50.682 52.218 53.160 54.374 56.088 57.430 59.150 60.217 61.311 61.982 62.147 63.177 63.267 63.520 63.440
21828.756 21807.700 21806.700 21818.800 21796.800 21791.400 21769.400 21754.600 21737.700 21718.600 21708.800 21690.800 21674.100 21647.000 21621.500 21585.000 21525.600 21459.800 21406.600 21345.500 21269.500 21200.100 21104.300 20983.700 20858.800 20716.600 20576.900 20434.200 20287.700 20131.100 19972.800 19800.800 19603.700 19365.200 19105.200 18817.400 18488.000 18077.400 17525.200 16783.000 15820.500 14710.000 13620.900 12642.800 11770.300 10890.600 9978.780 9050.900 8226.380 7502.060 6827.690 6217.220 5674.430 5166.160 4707.760 4301.600 3942.940 3609.040 3310.460 3051.950 2817.640 2596.290 2394.330 2203.790 2026.820 1860.530 1708.500 1566.130 1426.490 1302.040 1182.350 1073.230 974.209 872.373 781.557 690.084 602.982 523.289 449.834 382.873 323.653 268.230 216.441 165.805 118.804 73.814 31.614 14.159 5.627 4.229 3.252 3.631 3.078 3.608 3.631 3.167 3.669 3.203 3.662 3.374 3.472 3.575 3.882 4.154 4.038 4.808 4.555 5.861 5.638 6.930 7.211 7.797 8.654 9.533 10.537 10.897 12.387 12.350 14.077 14.207 15.507 15.793 16.453 16.804 17.408 17.903 18.225 19.251 19.195 20.337 20.149 21.591 21.423 22.763 22.835 23.686 24.350 24.903 25.943 26.111 27.872 28.031 29.563 30.152 31.228 32.229 32.944 33.920 34.197 35.730 35.844 37.078 37.465 38.820 38.729 40.247 40.447 41.680 41.910 43.374 44.344 44.887 46.424 47.689 48.420 50.271 51.584 52.456 53.865 55.874 57.182 58.262 59.196 60.249 61.275 62.394 62.960 62.552 63.273 62.776 63.440
21828.756 21815.400 21810.500 21823.400 21820.400 21795.000 21777.200 21760.400 21746.700 21740.200 21708.200 21674.600 21663.900 21639.600 21617.200 21576.500 21532.900 21479.000 21423.700 21365.000 21295.800 21226.500 21152.900 21034.400 20901.700 20781.900 20636.500 20484.900 20354.200 20195.900 20038.800 19865.500 19674.300 19436.300 19203.400 18924.800 18601.700 18226.800 17745.200 17060.400 16152.200 15110.700 14005.300 12965.000 12011.500 11117.900 10232.100 9289.500 8397.360 7655.760 6923.170 6311.340 5764.010 5266.030 4816.680 4408.200 4058.120 3725.200 3426.000 3173.750 2934.090 2706.480 2487.710 2279.980 2088.530 1915.710 1754.230 1604.390 1465.740 1339.560 1218.270 1105.300 1000.430 895.516 801.136 705.097 616.174 533.757 459.707 394.414 330.763 276.944 224.648 173.949 125.276 80.867 38.246 16.363 6.422 4.256 3.575 3.548 3.539 3.089 3.516 3.512 3.717 2.978 3.229 3.355 3.177 3.939 3.304 4.276 3.935 4.571 5.073 4.863 6.204 6.189 7.556 7.396 8.416 8.645 10.056 10.678 11.326 12.469 12.884 14.250 14.524 15.878 16.100 16.629 17.291 17.642 18.515 18.346 19.375 19.387 20.650 20.547 21.895 21.831 23.133 23.176 24.183 24.879 25.601 26.597 27.057 28.490 28.919 30.345 30.675 32.320 32.612 34.035 34.206 35.507 36.005 36.978 37.366 38.535 39.062 40.116 40.213 41.832 41.881 43.242 44.122 44.904 46.573 47.182 48.350 50.093 51.272 52.088 53.943 55.726 56.694 57.767 58.907 59.892 60.797 62.001 63.098 62.730 63.214 63.116 63.440
21828.756 21814.900 21810.800 21825.300 21832.200 21809.200 21795.300 21771.600 21747.400 21735.900 21713.700 21689.300 21667.200 21644.300 21620.100 21587.600 21550.700 21487.300 21451.400 21397.200 21338.100 21271.600 21198.500 21096.700 20979.200 20843.000 20716.100 20571.800 20427.400 20274.100 20121.800 19943.400 19762.600 19554.600 19319.000 19044.400 18758.600 18406.000 17965.200 17344.200 16523.600 15500.200 14379.300 13282.400 12342.800 11441.600 10551.600 9619.570 8672.930 7829.260 7052.120 6387.020 5792.530 5263.930 4806.280 4393.200 4025.740 3689.850 3387.520 3120.870 2882.470 2668.190 2466.310 2273.770 2092.360 1921.470 1762.250 1614.790 1479.430 1355.390 1237.570 1120.550 1007.220 896.816 792.872 695.306 611.071 533.487 461.105 392.586 333.195 277.306 227.668 175.836 129.938 87.292 45.032 18.709 7.000 4.796 3.440 3.682 3.087 2.909 3.199 2.319 2.987 2.513 3.258 2.821 3.521 3.377 3.359 4.015 3.676 4.514 4.211 5.406 5.295 6.358 6.639 7.480 8.166 8.549 9.862 9.974 11.605 12.003 13.291 13.602 14.725 15.436 16.043 16.938 16.844 17.627 17.703 18.844 18.597 19.984 19.878 21.097 21.277 22.031 22.588 23.127 23.959 24.314 25.582 25.739 27.480 27.626 29.203 29.444 31.170 31.506 32.602 33.361 34.200 35.166 35.699 36.463 37.094 37.806 39.283 39.508 41.188 40.987 42.370 42.979 44.025 45.641 45.898 47.642 48.775 49.623 51.225 52.991 53.958 54.992 56.287 57.632 58.937 59.952 60.922 61.716 62.887 63.157 63.358 63.209 63.440
21828.756 21807.000 21812.400 21826.900 21826.200 21802.700 21801.900 21773.400 21748.800 21741.000 21715.800 21689.100 21678.000 21654.100 21623.900 21608.200 21575.400 21535.100 21495.600 21444.900 21386.100 21313.200 21222.200 21111.600 20998.600 20877.900 20751.900 20614.200 20464.600 20326.000 20193.300 20027.700 19880.700 19691.400 19505.900 19247.300 18926.100 18546.600 18032.700 17406.300 16579.000 15536.300 14353.900 13266.500 12279.700 11391.800 10501.200 9581.480 8679.340 7856.070 7083.420 6444.530 5859.520 5320.230 4853.810 4426.370 4049.350 3705.530 3402.070 3129.930 2885.800 2664.380 2463.740 2273.040 2088.010 1927.020 1770.250 1627.480 1491.780 1365.120 1251.670 1131.030 1011.370 895.284 788.464 696.904 611.184 534.035 458.989 393.596 333.648 281.224 228.898 180.037 133.634 91.133 46.695 19.160 7.606 4.829 3.465 3.548 2.845 3.184 3.168 2.733 3.575 2.771 3.934 2.866 3.437 3.016 4.016 3.575 3.913 4.076 4.316 5.087 4.951 6.269 6.181 7.693 7.750 8.469 9.367 9.722 10.813 11.261 12.487 12.912 14.384 14.609 15.773 15.822 16.801 17.023 17.765 18.246 18.578 19.253 19.623 20.741 20.867 22.032 22.015 23.218 23.554 24.422 25.285 25.618 27.023 27.348 29.007 29.292 30.830 31.436 32.547 33.167 34.185 35.050 35.459 37.059 37.026 38.128 38.432 39.620 40.578 41.102 42.461 42.894 44.606 45.213 46.417 48.058 48.729 50.543 52.261 52.746 54.294 56.014 57.518 58.793 59.821 60.739 61.531 61.732 62.631 63.344 63.422 63.627 63.440
21828.756 21815.000 21805.800 21828.700 21823.500 21794.700 21786.900 21757.500 21742.700 21716.300 21697.000 21677.900 21657.600 21644.000 21630.600 21606.800 21555.300 21536.700 21486.000 21438.300 21391.100 21327.700 21244.000 21132.700 21022.500 20884.500 20747.500 20616.000 20467.200 20317.100 20156.800 19993.700 19822.700 19633.600 19429.900 19168.800 18891.700 18566.000 18177.400 17617.400 16813.100 15864.500 14757.800 13629.200 12584.100 11654.900 10767.900 9871.560 8861.430 8014.230 7177.890 6477.110 5876.480 5339.990 4856.450 4448.780 4073.870 3741.880 3449.540 3183.910 2940.620 2712.580 2498.090 2299.210 2110.180 1933.310 1775.240 1626.450 1489.340 1359.580 1242.320 1133.580 1030.420 926.882 827.038 726.227 632.391 553.483 478.440 407.822 344.444 288.999 238.613 188.254 139.363 94.049 52.450 20.722 8.466 4.730 3.242 3.597 2.776 3.210 2.502 3.174 3.190 3.296 3.422 2.564 3.550 2.942 3.778 3.484 4.121 4.190 4.434 5.021 5.019 6.290 6.181 7.543 7.633 8.593 8.946 10.025 11.032 11.302 12.902 13.091 14.627 14.586 15.617 15.784 16.780 17.057 17.315 18.466 18.461 19.824 19.437 20.797 21.061 21.894 22.437 22.953 24.284 24.200 25.521 25.688 26.918 27.656 28.839 29.799 30.727 31.847 32.151 33.703 33.818 35.320 35.519 37.130 37.243 38.615 38.776 39.839 40.407 41.572 42.841 43.271 44.911 45.629 46.813 48.323 49.021 50.712 52.349 53.271 54.194 55.412 56.847 58.541 59.670 60.457 61.465 61.943 62.356 63.303 63.023 63.651 63.440
21828.756 21806.900 21810.100 21817.900 21803.000 21780.200 21755.800 21734.900 21714.000 21702.400 21690.100 21667.600 21650.200 21637.900 21614.300 21574.700 21539.200 21496.000 21446.300 21393.100 21323.800 21268.300 21167.700 21065.700 20941.300 20824.600 20679.300 20526.400 20386.500 20253.200 20096.000 19936.400 19774.900 19591.600 19385.400 19156.800 18875.600 18527.600 18054.300 17436.600 16647.800 15646.400 14563.300 13476.500 12432.200 11532.600 10657.600 9747.030 8816.050 7989.620 7176.570 6514.390 5932.190 5417.400 4955.770 4540.060 4162.100 3818.540 3514.740 3243.580 2992.340 2767.130 2559.800 2353.920 2160.720 1978.140 1811.350 1652.600 1512.090 1380.580 1265.300 1154.550 1043.660 929.973 823.839 721.669 633.214 551.144 477.508 407.643 346.764 291.811 239.424 189.427 141.253 97.688 54.037 22.161 8.289 5.283 3.391 3.768 3.021 3.430 3.328 3.010 3.420 2.456 3.705 2.837 3.386 3.112 3.856 3.454 4.274 3.898 4.660 4.909 5.363 6.034 6.343 7.586 7.340 8.846 8.926 10.321 10.507 11.827 12.111 13.017 14.164 14.352 15.796 15.619 16.860 16.595 17.823 17.700 18.870 19.063 19.887 20.740 20.949 22.082 21.982 23.407 23.531 24.987 25.008 26.046 27.146 27.598 29.057 29.410 31.073 31.413 33.019 33.094 34.706 34.854 36.315 36.437 37.912 38.408 39.409 39.569 41.259 41.483 42.587 43.628 44.277 46.274 46.886 48.161 49.911 50.611 51.730 53.637 54.879 55.794 56.815 58.373 59.591 60.755 61.508 61.876 62.409 63.183 63.081 63.695 63.440
21828.756 21807.700 21796.400 21803.800 21793.100 21765.500 21739.800 21727.500 21711.800 21705.000 21690.100 21672.800 21649.000 21617.200 21588.600 21547.800 21500.900 21438.500 21390.600 21332.000 21259.900 21190.100 21091.900 20971.200 20862.000 20724.500 20582.500 20449.300 20315.300 20160.800 20008.700 19846.800 19660.200 19454.500 19229.300 18984.700 18684.800 18324.400 17820.100 17188.500 16313.500 15368.600 14313.300 13310.000 12347.600 11447.100 10552.100 9678.550 8764.830 7958.830 7122.010 6419.950 5813.230 5278.910 4803.080 4388.970 3999.660 3670.370 3379.410 3121.880 2882.840 2665.370 2465.980 2272.980 2082.810 1907.830 1743.640 1591.380 1453.920 1329.610 1212.130 1105.490 999.499 895.425 793.847 697.481 614.501 534.618 463.414 396.015 335.846 283.313 233.999 183.575 137.943 94.945 53.188 22.013 8.955 4.668 3.465 3.585 2.936 3.992 3.265 3.889 2.969 3.428 3.501 3.235 3.709 3.138 4.121 3.453 4.459 3.958 4.823 4.840 5.685 6.147 6.559 7.408 7.650 8.964 8.847 10.254 10.455 11.690 12.381 13.253 14.152 14.566 15.524 15.502 16.735 16.624 17.683 17.827 18.741 19.418 19.539 20.703 20.809 22.199 22.165 23.246 23.932 24.421 25.802 25.675 27.294 27.466 29.198 29.439 31.161 31.438 32.809 33.378 34.529 34.955 35.900 36.676 37.638 38.216 39.122 40.045 41.271 41.514 42.997 43.417 44.853 46.046 46.589 48.471 49.591 50.636 52.494 53.772 54.400 55.919 57.297 58.754 59.827 60.964 61.748 62.317 62.556 63.313 63.030 63.679 63.440
21828.756 21814.100 21801.600 21806.500 21788.800 21756.500 21747.400 21727.100 21720.500 21703.800 21687.700 21665.200 21639.700 21608.900 21571.600 21519.500 21463.300 21399.300 21342.000 21284.300 21216.900 21137.300 21027.200 20903.200 20785.300 20656.800 20531.900 20393.400 20245.000 20091.200 19933.100 19757.400 19555.400 19346.200 19119.800 18840.300 18513.700 18078.400 17499.400 16737.800 15876.300 14865.900 13825.700 12864.200 11954.600 11084.800 10228.100 9334.170 8435.990 7680.600 6947.840 6298.300 5715.710 5222.760 4767.040 4362.060 3993.260 3674.300 3385.580 3124.970 2888.920 2677.430 2474.440 2274.750 2086.170 1913.030 1757.260 1611.450 1474.830 1353.170 1235.260 1124.190 1011.480 899.240 791.936 698.196 611.523 532.402 457.819 392.440 334.417 280.884 230.912 181.582 136.934 91.880 48.599 20.033 8.389 4.265 3.728 3.310 2.882 3.164 2.871 3.521 2.414 3.793 2.971 3.440 2.987 3.622 3.788 3.664 4.320 4.190 5.149 4.631 6.015 5.669 6.989 7.179 7.772 8.705 9.324 10.222 10.582 11.758 11.859 13.514 13.655 14.965 15.139 16.204 16.262 16.875 17.637 17.732 18.898 18.761 20.208 20.238 21.445 21.403 22.628 23.127 23.981 24.562 25.177 26.387 26.707 28.203 28.362 30.197 30.502 32.101 32.619 33.770 34.519 35.290 36.117 36.828 37.646 38.456 38.996 40.335 40.424 41.873 42.551 43.594 45.205 45.641 47.211 48.633 49.295 51.013 52.460 53.345 54.667 56.518 57.866 58.929 59.770 60.713 61.860 62.619 62.577 63.729 63.185 63.945 63.440
21828.756 21797.900 21797.200 21794.700 21777.400 21758.700 21741.800 21732.500 21720.300 21713.400 21690.500 21673.300 21646.400 21613.900 21564.200 21503.700 21452.300 21393.100 21325.200 21273.200 21199.900 21111.900 21001.200 20882.000 20754.800 20626.000 20484.100 20332.900 20185.300 20030.800 19858.100 19674.200 19477.000 19239.400 18993.800 18694.200 18320.600 17856.800 17242.600 16407.600 15507.600 14518.800 13475.600 12558.500 11689.800 10835.800 10023.200 9175.200 8321.180 7611.920 6943.560 6339.870 5795.550 5286.560 4823.640 4406.560 4028.090 3695.250 3405.470 3148.950 2906.580 2689.900 2473.900 2271.530 2082.410 1913.100 1754.490 1604.370 1466.470 1343.140 1227.560 1118.590 1008.150 903.807 802.433 705.563 616.799 535.195 458.820 394.272 334.604 280.111 228.926 180.350 133.344 88.137 43.990 18.508 7.693 3.774 4.083 3.023 3.634 2.751 2.856 2.593 2.684 2.511 2.817 3.710 2.884 3.898 3.367 4.271 3.810 4.433 4.899 5.153 5.879 6.086 7.243 7.125 8.467 8.275 9.755 10.395 11.256 12.195 12.682 13.851 14.085 15.328 15.490 16.117 16.826 17.182 17.907 18.012 19.125 19.105 20.689 20.494 21.700 21.636 22.640 23.483 24.074 25.200 25.160 26.677 26.795 28.189 28.738 29.889 31.216 31.719 33.233 33.477 35.023 35.126 36.445 36.830 38.286 38.318 39.833 40.569 40.619 42.207 42.578 44.034 45.053 45.954 47.640 48.187 49.767 51.320 52.329 53.330 55.101 56.609 57.663 58.454 59.386 60.340 61.221 62.462 63.307 62.829 63.590 63.282 63.440
21828.756 21796.000 21795.200 21780.300 21772.400 21750.900 21749.600 21740.200 21729.000 21720.200 21697.400 21674.500 21650.500 21612.400 21554.600 21497.800 21438.900 21368.700 21304.900 21248.000 21172.200 21087.500 20986.900 20856.800 20721.600 20580.900 20417.700 20276.500 20113.400 19938.700 19753.200 19561.200 19342.800 19096.900 18827.500 18504.000 18131.200 17688.700 17111.600 16321.500 15447.700 14485.900 13474.700 12530.500 11647.200 10754.000 9878.630 9028.510 8227.830 7470.470 6788.910 6172.860 5630.780 5146.060 4709.480 4318.900 3956.530 3641.880 3362.830 3111.420 2878.260 2656.680 2437.650 2235.890 2049.740 1885.890 1727.390 1578.190 1442.600 1315.870 1197.780 1085.910 980.173 877.340 781.575 687.529 598.564 519.069 447.649 381.966 323.701 268.827 220.277 170.216 124.079 79.202 37.542 16.851 6.353 4.420 3.154 3.636 2.968 3.120 3.106 2.748 3.752 2.940 3.329 3.046 3.712 3.320 4.094 3.883 4.165 4.371 4.394 5.505 5.279 6.694 6.465 7.674 7.705 8.766 9.367 10.085 11.266 11.552 12.588 12.867 14.184 13.956 15.671 15.536 16.708 16.636 17.538 17.805 18.683 19.164 19.672 20.896 20.868 22.067 22.045 23.559 23.653 25.090 25.011 26.537 26.985 28.146 28.989 30.066 31.174 31.904 33.217 33.669 34.999 35.423 36.472 36.959 38.261 38.868 39.361 40.867 41.416 42.351 42.823 44.425 44.989 46.441 47.529 48.359 50.016 51.360 52.062 53.841 55.391 56.506 57.270 58.373 59.335 60.303 61.283 62.260 63.367 63.041 63.541 63.140 63.440
21828.756 21801.700 21798.800 21797.200 21777.300 21761.400 21753.000 21747.900 21734.400 21731.200 21714.300 21683.600 21648.600 21612.800 21561.800 21498.900 21429.700 21370.700 21298.500 21231.200 21156.000 21077.300 20979.300 20846.700 20697.800 20561.300 20416.900 20260.500 20092.000 19907.700 19721.400 19516.500 19303.800 19052.500 18785.900 18466.000 18100.900 17652.000 17073.300 16317.900 15427.700 14461.400 13448.300 12467.800 11538.200 10625.400 9725.400 8872.700 8083.020 7266.060 6540.170 5904.800 5338.350 4847.250 4407.460 4026.250 3682.430 3376.960 3117.250 2893.070 2673.610 2472.660 2269.720 2082.850 1913.100 1751.600 1601.910 1462.220 1334.290 1224.470 1114.510 1010.460 915.069 817.227 730.513 642.708 562.453 486.742 418.641 358.658 301.873 252.581 204.313 157.709 112.913 71.202 33.189 14.229 6.320 3.417 3.706 2.752 3.662 3.135 3.720 3.596 3.568 3.761 3.360 3.822 3.259 3.939 3.332 4.344 3.920 4.643 4.665 5.276 6.037 5.989 7.178 7.220 8.312 8.657 8.927 10.189 10.270 11.391 11.413 12.595 12.441 13.235 13.612 14.056 14.979 14.935 16.492 16.454 17.892 17.933 18.787 19.361 20.185 21.218 21.488 22.905 23.062 24.485 24.675 26.082 26.645 27.960 28.943 29.801 31.193 31.688 33.466 33.622 34.988 35.388 36.529 37.204 38.332 38.985 39.733 40.496 41.320 42.028 43.446 43.641 45.103 46.721 47.004 48.982 50.143 50.839 52.605 54.310 55.110 56.116 57.671 58.988 60.179 60.871 61.736 62.153 62.815 63.450 63.686 63.890 63.440
21828.756 21799.300 21792.100 21781.300 21767.600 21761.500 21747.600 21732.100 21732.600 21733.500 21711.100 21684.600 21649.600 21616.600 21570.100 21514.600 21461.800 21390.900 21323.400 21255.300 21186.100 21107.500 20988.400 20866.600 20719.800 20577.800 20415.100 20263.700 20091.500 19921.000 19736.900 19535.600 19330.200 19104.800 18864.400 18572.400 18208.300 17731.800 17076.700 16210.200 15263.800 14218.900 13171.300 12210.300 11286.800 10357.700 9488.640 8657.410 7830.750 6995.400 6289.440 5693.960 5183.090 4718.120 4315.630 3945.320 3605.580 3309.500 3052.200 2828.460 2614.040 2411.600 2222.640 2046.710 1879.170 1725.500 1586.740 1455.650 1337.940 1221.710 1109.720 1007.490 904.110 809.294 714.776 626.220 547.526 474.420 409.495 348.562 294.516 244.606 196.214 149.606 105.615 64.409 26.994 11.262 5.451 3.590 3.724 2.908 3.740 2.793 3.547 3.143 3.883 3.009 3.248 3.122 3.426 3.752 3.563 4.295 3.858 4.706 4.577 5.750 5.798 6.236 7.087 7.566 8.494 8.378 9.632 9.525 10.959 10.906 12.075 11.949 12.864 13.289 13.526 14.374 14.123 15.390 15.249 16.388 16.756 18.296 18.317 19.082 20.046 20.328 21.399 21.795 23.352 23.419 25.095 25.341 26.796 27.753 28.806 30.046 30.726 32.342 32.657 34.471 34.426 36.047 36.263 37.772 37.893 39.148 39.469 40.730 41.042 42.333 42.873 44.083 45.367 45.867 47.518 48.627 49.550 51.456 52.558 53.402 54.947 56.532 57.901 58.994 59.849 61.125 62.000 62.453 62.895 63.745 63.635 63.609 63.440
21828.756 21808.400 21796.600 21787.000 21775.500 21765.300 21751.900 21744.100 21742.200 21739.600 21717.800 21700.000 21677.200 21636.800 21590.100 21533.600 21471.900 21414.500 21345.300 21284.100 21217.200 21124.800 21023.500 20885.900 20750.700 20584.800 20440.500 20285.200 20119.100 19952.800 19773.200 19582.900 19380.400 19152.100 18896.400 18588.200 18203.300 17731.400 17119.100 16300.900 15320.700 14282.500 13163.100 12156.500 11212.700 10326.300 9481.450 8650.510 7819.700 7055.120 6373.250 5806.400 5277.940 4800.270 4378.170 4004.070 3648.140 3353.010 3088.300 2860.120 2646.940 2436.030 2240.680 2067.250 1900.670 1745.750 1604.930 1474.170 1350.260 1230.820 1118.000 1015.760 908.562 812.921 718.000 629.261 550.296 477.374 409.596 346.586 293.087 241.834 194.304 145.646 101.205 59.240 23.532 10.217 4.457 4.035 3.146 3.779 2.689 3.436 3.166 3.593 3.580 3.113 3.274 3.125 3.689 3.184 4.100 3.848 4.499 4.570 4.910 5.594 6.036 6.718 6.856 8.258 7.999 9.362 9.318 10.608 11.168 11.611 12.873 13.206 14.642 14.298 15.182 14.989 16.236 16.326 16.919 17.412 18.093 19.018 19.343 20.512 20.804 21.863 21.846 23.367 23.198 24.663 25.070 26.071 26.763 27.721 29.231 29.535 31.302 31.913 33.414 33.553 35.279 35.312 36.759 37.010 38.604 38.960 39.705 40.974 41.322 42.486 42.836 44.596 44.928 46.442 47.757 48.355 50.101 51.566 52.228 53.617 55.296 56.747 57.665 58.630 59.390 60.328 61.181 62.193 63.218 63.075 63.712 63.681 63.440
