IESNA:LM-63-2002
[TEST] JDE240301-A
[TESTLAB] Ningbo TengLi Testing Co., Ltd
[TESTDATE] 07 March 2024
[ISSUEDATE] 2024-03-08
[NEARFIELD] 
[LAMPPOSITION] 0,0
[OTHER] EVERFINE GO-R5000_V2 SYSTEM
[MANUFAC] Torshare Ltd.
[LUMCAT]  TS-LHB5-2FT225W-H-TCP(0%,4000K)
[LUMINAIRE] High Bay Luminaires (Commercial and Industrial)
[OTHER] Input Voltage=120.0 PF=0.9983 THD=3.82
[OTHER] Gamma(deg)    Fz(lm)      Ft(lm)     %Lum    %Lamp
[OTHER]   0- 10      1239.36     1239.36     4.15     4.15
[OTHER]  10- 20      3564.71     4804.07    16.11    16.11
[OTHER]  20- 30      5445.60    10249.68    34.36    34.36
[OTHER]  30- 40      6505.58    16755.26    56.17    56.17
[OTHER]  40- 50      5531.01    22286.27    74.71    74.71
[OTHER]  50- 60      3456.44    25742.71    86.30    86.30
[OTHER]  60- 70      2202.29    27945.01    93.69    93.69
[OTHER]  70- 80      1390.40    29335.40    98.35    98.35
[OTHER]  80- 90       403.17    29738.58    99.70    99.70
[OTHER]  90-100         4.07    29742.65    99.71    99.71
[OTHER] 100-110         6.70    29749.34    99.73    99.73
[OTHER] 110-120        10.95    29760.29    99.77    99.77
[OTHER] 120-130        16.19    29776.48    99.83    99.83
[OTHER] 130-140        16.96    29793.44    99.88    99.88
[OTHER] 140-150        14.47    29807.91    99.93    99.93
[OTHER] 150-160        11.15    29819.05    99.97    99.97
[OTHER] 160-170         6.66    29825.72    99.99    99.99
[OTHER] 170-180         2.69    29828.41   100.00   100.00
[OTHER] 
TILT=NONE
1 -1 1 181 17 1 2 0.305 0.604 0.000
1.000 1 208.7
0.0    1.0    2.0    3.0    4.0    5.0    6.0    7.0    8.0    9.0    
 10.0   11.0   12.0   13.0   14.0   15.0   16.0   17.0   18.0   19.0   
 20.0   21.0   22.0   23.0   24.0   25.0   26.0   27.0   28.0   29.0   
 30.0   31.0   32.0   33.0   34.0   35.0   36.0   37.0   38.0   39.0   
 40.0   41.0   42.0   43.0   44.0   45.0   46.0   47.0   48.0   49.0   
 50.0   51.0   52.0   53.0   54.0   55.0   56.0   57.0   58.0   59.0   
 60.0   61.0   62.0   63.0   64.0   65.0   66.0   67.0   68.0   69.0   
 70.0   71.0   72.0   73.0   74.0   75.0   76.0   77.0   78.0   79.0   
 80.0   81.0   82.0   83.0   84.0   85.0   86.0   87.0   88.0   89.0   
 90.0   91.0   92.0   93.0   94.0   95.0   96.0   97.0   98.0   99.0   
 100.0  101.0  102.0  103.0  104.0  105.0  106.0  107.0  108.0  109.0  
 110.0  111.0  112.0  113.0  114.0  115.0  116.0  117.0  118.0  119.0  
 120.0  121.0  122.0  123.0  124.0  125.0  126.0  127.0  128.0  129.0  
 130.0  131.0  132.0  133.0  134.0  135.0  136.0  137.0  138.0  139.0  
 140.0  141.0  142.0  143.0  144.0  145.0  146.0  147.0  148.0  149.0  
 150.0  151.0  152.0  153.0  154.0  155.0  156.0  157.0  158.0  159.0  
 160.0  161.0  162.0  163.0  164.0  165.0  166.0  167.0  168.0  169.0  
 170.0  171.0  172.0  173.0  174.0  175.0  176.0  177.0  178.0  179.0  
 180.0  
0.0    22.5   45.0   67.5   90.0   112.5  135.0  157.5  180.0  202.5  
 225.0  247.5  270.0  292.5  315.0  337.5  360.0  
13089 13087 13078 13066 13055 13042 13029 13011 12987 12958 
 12923 12879 12826 12778 12731 12678 12614 12545 12477 12406 
 12329 12248 12158 12074 11988 11902 11804 11704 11602 11486 
 11361 11235 11096 10948 10791 10626 10456 10264 10051 9806.3 
 9532.9 9213.8 8851.1 8448.6 8026 7596.5 7190.3 6810.5 6455.5 6124.6 
 5819.9 5521.9 5238.8 4969 4705.9 4457.1 4214.6 3989.2 3772.1 3565.1 
 3369.9 3189 3018.3 2847.7 2691.7 2546 2409.8 2279.6 2146.8 2016.6 
 1891.6 1771.7 1662.2 1558.5 1462.3 1371.2 1281.1 1193.2 1108.3 1025.9 
 945.25 869.29 789.07 695.97 592.18 478.76 360.53 239.46 120.18 20.489 
 17.615 14.741 11.867 10.979 10.09 9.2017 8.3133 7.4249 7.9321 8.5494 
 9.3317 9.6389 10.133 10.839 11.151 11.745 12.732 13.648 14.568 15.847 
 16.266 17.261 17.557 17.854 18.055 18.155 18.156 18.248 17.462 17.784 
 21.971 26.881 30.202 30.905 31.299 31.704 31.999 32.203 32.499 32.809 
 33.307 33.502 33.508 33.702 33.601 33.503 33.094 32.488 31.982 29.4 
 25.884 23.249 21.787 18.756 18.117 20.671 22.169 22.267 22.06 21.243 
 20.261 19.75 19.239 18.545 17.63 16.747 15.832 14.946 14.031 13.43 
 12.936 12.338 12.338 12.237 12.238 12.354 13.14 13.652 13.711 13.77 
 13.829 13.888 13.947 14.006 14.065 14.124 14.183 14.242 13.736 13.44 
 13.14 
13089 13086 13073 13063 13054 13039 13014 12993 12974 12951 
 12915 12876 12822 12767 12715 12657 12597 12526 12454 12377 
 12295 12213 12127 12036 11944 11843 11742 11636 11525 11410 
 11285 11157 11012 10870 10719 10561 10390 10193 9972.8 9721.1 
 9437.7 9124.1 8779.4 8403.6 8001.8 7576.6 7128.8 6671.4 6207.7 5756.4 
 5323.5 4919.7 4553.1 4223.8 3925.4 3650.3 3403.9 3174.8 2966.2 2758.5 
 2583.3 2418.9 2275.6 2144.4 2028.5 1927.3 1836.2 1753.4 1679.7 1612.4 
 1554.8 1503.6 1457.9 1412.1 1363.7 1313.5 1255.5 1189.7 1112.4 1022.2 
 923.03 818.52 713.79 610.64 510.04 408.96 303.35 197.75 93.781 19.346 
 5.018 4.8175 4.7198 4.8182 4.7348 5.2216 5.2239 5.324 5.5293 5.9349 
 6.2241 6.1253 6.1279 6.4367 6.858 7.7406 8.3335 9.0432 9.6563 10.444 
 11.054 11.454 11.65 11.739 11.441 10.303 8.5308 7.8683 9.9957 14.503 
 17.897 18.778 19.187 19.602 20.192 20.795 21.094 21.603 22.193 22.505 
 23.02 23.801 24.015 24.5 24.41 24.804 24.785 24.767 24.748 24.73 
 24.711 24.693 24.282 23.694 23.193 23.092 22.785 22.379 21.987 21.682 
 21.386 20.972 20.471 20.079 19.87 19.477 19.179 19.178 19.158 19.138 
 19.118 19.098 19.078 18.996 19.598 20.712 20.927 21.143 21.359 21.574 
 21.79 20.869 19.645 18.365 17.639 16.651 15.656 14.756 13.741 13.148 
 13.14 
13089 13084 13092 13070 13055 13031 13005 12972 12947 12911 
 12875 12831 12780 12727 12674 12611 12545 12475 12399 12321 
 12240 12155 12065 11968 11870 11765 11659 11554 11436 11319 
 11195 11062 10921 10771 10613 10438 10253 10041 9803.9 9533.2 
 9217.2 8861.2 8457.5 8027.9 7575.3 7129.4 6709.7 6307.9 5939 5587.5 
 5263.4 4950.1 4655.9 4384.6 4128.4 3890.6 3680.4 3483.9 3303.5 3147.1 
 2990.7 2834.8 2696.3 2562.7 2431.7 2309.7 2196.1 2090.4 1994.7 1898.9 
 1804 1710.2 1618.4 1529.8 1444 1363 1279.8 1191.3 1103 1012.5 
 922.74 832.13 738.31 640.44 534.33 422.75 298.88 171.94 39.669 9.0861 
 4.1049 4.2025 4.1043 4.2051 4.3065 4.4046 4.6066 4.7069 5.2097 5.8137 
 6.1082 6.3183 6.8085 7.4116 7.7214 8.2108 8.5071 9.011 9.3139 9.624 
 10.12 10.728 11.32 12.128 12.713 13.428 14.318 15.329 16.244 17.219 
 17.721 17.917 18.425 18.819 18.92 19.226 19.263 19.301 19.338 19.375 
 19.413 19.45 19.488 18.31 16.791 15.419 14.004 12.801 12.211 12.009 
 11.912 12.019 12.448 13.817 15.458 17.234 19.353 21.405 23.743 25.467 
 27.328 28.756 29.931 30.639 31.333 31.375 31.416 31.458 31.499 31.541 
 31.582 31.624 31.665 31.707 31.748 31.79 31.831 32.551 33.434 33.837 
 34.132 34.11 34.088 34.066 34.043 34.021 33.031 32.032 31.016 30.128 
 13.14 
13089 13087 13079 13066 13048 13025 12996 12964 12928 12887 
 12842 12794 12742 12688 12628 12563 12494 12422 12345 12265 
 12189 12107 12023 11934 11841 11744 11639 11530 11416 11291 
 11159 11018 10869 10709 10538 10349 10138 9901.5 9617.7 9299.1 
 8924.4 8520.9 8094.9 7664.1 7248.8 6861.5 6505.2 6166.3 5855.7 5563.3 
 5295.7 5041.8 4800.1 4569 4344.2 4125.9 3909.5 3714.1 3527.7 3353.4 
 3192.2 3025.9 2859.8 2698.1 2541.8 2392.1 2253.1 2121.8 2003.4 1896.2 
 1798.1 1707.5 1621.6 1538.8 1458.1 1379.6 1304.5 1225.5 1141.6 1052.9 
 958.98 860.33 751.23 637.87 513.04 384.12 250.33 78.949 18.599 5.435 
 3.4967 3.5107 3.5247 3.5386 3.5526 3.5666 3.5805 3.5945 3.6084 4.2946 
 4.5001 5.0071 5.5969 6.1928 6.1945 6.7004 7.3884 7.793 8.1151 9.2895 
 9.4983 10.009 10.692 10.988 11.39 11.902 12.687 13.192 13.809 14.594 
 15.301 16.079 16.887 17.382 18.187 18.905 19.785 20.486 20.976 21.587 
 22.193 22.783 23.675 23.773 23.786 23.799 23.813 23.826 23.839 23.852 
 23.865 23.878 24.075 24.178 24.372 24.376 24.392 24.407 24.422 24.437 
 24.452 24.468 24.034 22.869 22.655 22.072 21.87 21.571 21.614 21.657 
 21.699 21.742 21.785 22.288 23.002 24.098 25.097 25.994 26.87 26.975 
 27.375 27.779 27.936 28.094 28.251 28.409 28.567 28.554 28.158 27.858 
 13.14 
13089 13086 13075 13066 13049 13031 13005 12975 12937 12896 
 12852 12805 12754 12703 12641 12577 12503 12429 12350 12275 
 12197 12120 12037 11948 11851 11751 11647 11545 11430 11309 
 11180 11040 10890 10723 10540 10342 10115 9853 9555.6 9222.9 
 8855 8483.3 8087.6 7689.8 7282.7 6851.5 6398.3 5945.1 5491.9 5056.1 
 4657.7 4295.5 3970.4 3685.9 3427.6 3199.9 2991.5 2803.7 2630 2472.8 
 2335 2211.4 2108.2 2016.9 1938.7 1865.6 1796.2 1729.2 1665.9 1606.5 
 1547 1482.9 1412.4 1341.9 1268.3 1190.7 1108.2 1026.4 943 858.5 
 774.77 690.65 608.01 522.1 429.27 322.26 193.73 54.911 13.745 2.366 
 0.9999 1.0021 1.0999 1.1005 1.1404 1.1803 1.2201 1.26 1.2999 1.3001 
 1.4009 1.6055 1.8998 2.0026 2.1999 2.4007 2.5038 2.7002 3.005 3.2055 
 3.4018 3.6076 3.9002 4.1035 4.3094 4.6039 4.904 5.1015 5.4036 5.5995 
 5.6032 5.8047 6.0016 6.2101 6.5999 6.8081 7.8158 8.4124 9.3177 10.118 
 10.704 11.008 11.402 11.607 11.9 12.407 13.002 13.604 13.907 14.501 
 15.217 15.817 16.524 17.303 17.499 17.598 17.609 18.005 18.509 18.9 
 18.997 18.894 18.691 17.693 17.495 17.296 17.185 16.987 16.789 16.591 
 16.393 16.195 15.998 15.489 14.698 14.399 14.4 14.617 16.008 17.212 
 19.733 22.809 24.111 25.599 26.699 27.794 27.496 27.197 27.097 27.097 
 13.14 
13089 13087 13073 13061 13045 13022 12993 12960 12916 12876 
 12832 12786 12737 12686 12630 12562 12489 12413 12333 12252 
 12172 12090 12007 11918 11821 11720 11614 11514 11397 11269 
 11141 11003 10858 10698 10523 10332 10114 9875.5 9601 9290.4 
 8941.4 8572.4 8173.2 7733.1 7292.5 6846.4 6453 6059.7 5666.3 5323 
 5000.9 4704.8 4434.5 4189.9 3964.4 3757.1 3566.7 3394.7 3239.4 3099.2 
 2966 2840.8 2709.4 2577.9 2447.3 2323.5 2208.3 2100 1998.4 1898.9 
 1806.4 1715.8 1629.6 1541.5 1452.4 1361.1 1268.5 1172.8 1073.2 975.88 
 881.75 788.66 696.57 598.36 484.6 361.38 224.31 62.337 14.67 2.2007 
 1.4191 1.3013 1.397 1.4975 1.5141 1.5307 1.5472 1.5638 1.5804 1.5969 
 1.6975 1.8975 2.1899 2.4946 2.6935 2.8951 3.0974 3.2948 3.6967 3.9907 
 3.9026 4.1997 4.491 4.7974 5.0904 5.2959 5.6979 5.9931 6.3959 6.7007 
 6.9975 7.2912 7.691 7.9986 8.4852 8.9904 9.5003 10.089 10.299 10.495 
 10.502 10.599 10.602 10.8 11.192 11.498 11.599 11.798 12.294 13.37 
 14.392 15.471 15.726 15.98 16.234 16.488 16.743 16.997 17.102 17.103 
 17.202 17.007 16.61 16.409 16.402 16.303 16.107 16.005 16.002 16.101 
 15.805 15.802 15.509 14.434 14.107 13.812 13.9 14.195 15.399 16.59 
 18.977 22.153 23.672 25.06 26.292 27.486 27.504 27.308 27.304 27.304 
 13.14 
13089 13081 13071 13055 13032 13009 12990 12969 12934 12893 
 12852 12804 12755 12708 12644 12586 12504 12419 12337 12257 
 12177 12080 11984 11885 11783 11678 11574 11468 11350 11222 
 11098 10966 10825 10668 10507 10333 10142 9941.8 9710.9 9448.2 
 9146.5 8784.8 8334.6 7840.9 7380.3 6962.2 6563.5 6212.9 5863.5 5514.1 
 5227.4 4957.3 4691.5 4430.4 4175.3 3922 3685.3 3474.7 3291.1 3121.5 
 2968.1 2824.5 2691.7 2574.4 2466.4 2365.2 2263.6 2158.6 2047 1934.2 
 1821.6 1714.2 1611.8 1514.4 1425.9 1338.2 1255.4 1171.8 1088.5 1008.9 
 929.94 851.77 765.81 670.72 558.2 434.79 307.09 142.07 22.371 3.2985 
 1.5466 1.5722 1.5977 1.6233 1.6489 1.6745 1.7001 1.7037 2.0964 2.2983 
 2.4024 2.6028 2.7023 2.9024 3.1003 3.3993 3.7033 3.708 4.0058 4.2078 
 4.3068 4.4089 4.8081 5.0086 5.3978 5.6072 5.9104 6.4984 7.0088 7.5142 
 8.1087 8.0178 8.0172 8.1166 8.0207 8.3113 8.7178 8.8169 9.1149 9.1196 
 9.3165 9.6114 10.112 10.718 11.501 12.118 12.322 12.406 12.49 12.573 
 12.657 12.741 12.825 13.025 13.417 13.627 14.219 14.919 15.626 16.414 
 17.427 18.713 19.826 20.141 19.852 18.85 17.658 17.638 17.738 17.444 
 17.341 17.044 16.445 16.037 15.644 15.051 14.836 14.832 17.018 22.346 
 26.174 29.758 31.42 32.457 33.257 33.76 33.674 33.672 33.672 33.771 
 13.14 
13089 13086 13070 13059 13040 13020 13010 12987 12953 12915 
 12882 12841 12793 12735 12667 12605 12541 12474 12392 12310 
 12231 12148 12056 11956 11856 11749 11644 11532 11414 11290 
 11164 11025 10880 10728 10575 10409 10234 10047 9843.4 9610.7 
 9350.8 9054.6 8705.6 8310.6 7909.9 7495 7034.6 6524.7 6013.7 5502.7 
 5036 4627.6 4261.3 3939.5 3644.5 3377.3 3133.2 2909.2 2700.8 2504.9 
 2327.1 2165.8 2020.8 1896.6 1794 1709 1643.2 1591.5 1554.6 1527.7 
 1509.2 1499.6 1490.7 1476.2 1447.5 1402.2 1335.5 1245.8 1134.9 1008.4 
 875.58 744.54 620.26 509.22 417.55 339.57 254.05 161.71 71.702 5.1017 
 4.4832 3.8648 3.2464 2.628 2.0096 2.0692 2.1289 2.1885 2.2482 2.321 
 2.3938 2.4667 2.5395 2.6123 2.9139 3.109 3.2139 3.4115 3.6157 3.9165 
 4.0164 4.3202 4.6137 4.919 5.1231 5.2222 5.726 5.9233 6.1253 6.4274 
 6.729 6.9276 7.4224 7.9276 8.5207 9.2359 9.7326 10.137 10.833 11.63 
 12.357 12.75 12.955 13.356 13.756 14.066 14.263 14.76 15.454 16.255 
 17.25 18.265 18.483 18.586 19.175 19.177 19.179 19.181 19.183 19.184 
 19.186 19.188 19.19 19.192 19.288 19.19 18.992 18.201 17.289 16.495 
 16.088 15.78 15.774 15.475 17.138 18.801 20.463 22.126 23.789 32.808 
 37.265 40.366 41.89 42.785 43.194 43.399 43.701 43.608 43.806 44.103 
 13.14 
13089 13087 13075 13062 13051 13041 13023 12998 12965 12937 
 12908 12865 12807 12745 12691 12641 12577 12503 12428 12359 
 12280 12194 12107 12011 11907 11809 11709 11603 11481 11358 
 11229 11096 10958 10812 10659 10497 10321 10129 9924.3 9690.8 
 9420.3 9112.4 8758.6 8338.6 7887.6 7415 6984.3 6600.8 6266.2 5931.7 
 5597.2 5300.7 5015.2 4748.3 4491.8 4244.8 4012.2 3790.8 3587.6 3400.2 
 3231.3 3078.4 2940.4 2813.9 2689.6 2570.8 2454.8 2338.3 2217.7 2090.1 
 1959.4 1818.5 1673.2 1527.8 1382.6 1241.6 1108.1 979.12 863.77 763.49 
 685.12 627.61 580.35 533.85 475.18 394.65 296.41 191.05 80.426 7.6286 
 1.9145 1.7055 1.7052 1.8056 1.9056 2.0052 2.0061 2.1063 2.2045 2.4018 
 2.6051 2.7077 3.006 3.2045 3.4061 3.609 4.0105 4.3103 4.4117 4.8056 
 5.0061 5.2066 5.407 5.6075 5.808 6.3182 6.6196 6.9198 7.1177 7.5137 
 8.0117 8.5133 8.926 9.5176 9.8242 10.636 11.704 12.637 13.719 14.234 
 14.83 15.627 16.354 17.141 17.548 17.557 17.565 17.574 17.582 17.591 
 17.6 17.608 17.617 17.625 17.634 17.643 17.651 18.345 19.445 19.558 
 19.159 18.993 18.826 18.659 18.493 18.326 18.16 18.057 17.955 17.659 
 17.459 17.157 17.053 17.113 17.172 17.232 17.292 17.351 18.857 20.035 
 19.867 19.058 18.758 18.757 18.856 19.053 19.95 20.254 20.762 21.158 
 13.14 
13089 13086 13075 13060 13046 13035 13017 12994 12970 12939 
 12908 12874 12816 12762 12700 12643 12582 12511 12433 12365 
 12289 12205 12109 12019 11921 11825 11724 11619 11507 11389 
 11265 11125 10979 10833 10681 10517 10337 10141 9929.8 9701.4 
 9432.4 9130.1 8762.6 8348.7 7943.5 7518 7067.5 6562.4 6055.9 5549.5 
 5100 4702.9 4341 4027.3 3737.1 3471.9 3226.4 3000.2 2797 2606.1 
 2435 2275.3 2130.2 2004.4 1897.2 1810.6 1738.2 1682 1638.6 1607.1 
 1583.4 1560.6 1536.8 1505.2 1461.8 1402.3 1324.9 1233.5 1125.5 1009 
 886.51 762.26 643.68 535.64 441.49 350.4 253.24 146.69 51.081 7.0104 
 1.8246 1.8011 1.7776 1.7541 1.7306 1.7071 1.9043 1.8106 2.0042 1.9112 
 2.1026 2.3067 2.6003 2.9055 3.2029 3.4087 3.7115 4.0073 3.9171 4.2155 
 4.4138 4.6179 4.9195 5.4157 5.9071 6.1204 6.524 6.9182 7.1264 7.1295 
 7.5253 7.8224 8.3204 8.8322 9.614 10.428 11.242 11.935 12.745 13.726 
 15.039 16.06 16.657 17.368 18.153 18.57 19.064 19.375 19.578 19.873 
 20.279 20.772 21.279 21.686 22.08 22.289 21.911 21.534 21.156 20.778 
 20.4 20.286 20.581 20.585 20.096 19.884 19.685 19.681 19.382 18.987 
 18.978 18.685 18.283 17.887 17.58 16.602 15.882 15.767 15.6 15.433 
 15.265 15.098 14.931 14.763 14.265 14.259 14.259 14.357 13.874 13.461 
 13.14 
13089 13083 13076 13061 13047 13031 13007 12992 12969 12937 
 12909 12866 12823 12777 12727 12664 12596 12520 12442 12367 
 12287 12202 12113 12019 11921 11819 11716 11605 11491 11369 
 11246 11112 10979 10830 10663 10491 10304 10109 9879.4 9620.1 
 9298.6 8916.3 8451.6 7966.9 7518.6 7096.1 6694.8 6336.2 5978.5 5620.8 
 5303.3 4992.5 4686.1 4390.8 4104.4 3849.4 3629.3 3436 3260.7 3095.6 
 2945.4 2804.1 2676 2557.6 2452.2 2350.8 2251.1 2155.7 2058.5 1958.4 
 1857.3 1754.9 1654 1552.4 1456.1 1360 1267.2 1174.6 1085.1 996.21 
 907.22 815.47 715.3 607.06 484.23 342.75 212.82 100.83 23.534 4.2092 
 3.8954 3.5817 3.2679 2.9542 2.6404 2.3266 2.0129 1.6991 1.8995 2.1014 
 2.3028 2.4013 2.792 3.099 3.2042 3.4957 3.7011 3.8992 4.0033 4.2029 
 4.5956 4.9055 5.1971 5.5013 5.9049 6.2989 6.7072 7.3912 7.8988 8.0003 
 8.1018 8.2033 8.3048 8.4063 8.6085 9.0047 9.4948 10.094 10.599 10.999 
 11.612 12.101 12.697 13.206 13.703 14.315 14.805 15.209 15.41 15.708 
 15.91 16.112 16.605 17.207 17.9 18.218 18.712 19.506 20.013 20.608 
 20.72 20.72 21.017 21.319 21.711 22.222 22.419 22.301 22.183 22.064 
 21.946 21.828 21.029 20.423 19.735 19.134 18.723 18.819 19.598 22.36 
 22.323 22.124 22.023 21.24 20.346 19.218 18.334 17.053 15.525 14.141 
 13.14 
13089 13087 13082 13071 13052 13034 13011 12986 12957 12923 
 12893 12851 12803 12758 12703 12652 12593 12530 12461 12389 
 12319 12237 12153 12059 11961 11864 11763 11654 11542 11423 
 11291 11152 11010 10848 10677 10493 10287 10050 9784.3 9481.7 
 9135.6 8755.2 8319.6 7859.6 7392.5 6957.4 6572.9 6224.1 5876.1 5528.1 
 5226.1 4937.7 4663.1 4412.4 4184.3 3976.7 3789.3 3617.5 3456.8 3303.9 
 3155.3 3004.9 2852.4 2702.8 2558.8 2419 2279.7 2151.1 2031.1 1911.5 
 1791.9 1675.1 1565.9 1461.4 1360.3 1262.9 1174.5 1088.4 1003.4 927.05 
 851.27 768.55 661.68 538.39 401.56 261.97 151.84 67.41 12.372 1.5552 
 1.3028 1.1997 1.1986 1.2961 1.4982 1.4007 1.5946 1.4987 1.5964 1.8968 
 1.9947 2.2931 2.5962 2.8919 3.397 3.688 3.8929 4.1874 4.4936 4.6932 
 4.7917 5.0931 5.2879 5.6889 5.8915 6.2832 6.5909 7.0801 7.1901 7.4892 
 7.3928 7.6827 7.8857 8.2858 8.8863 9.6759 10.269 10.775 11.082 11.187 
 11.187 11.381 11.776 12.18 12.38 12.584 12.879 13.571 14.169 14.765 
 15.182 16.158 16.866 17.272 17.474 17.38 17.478 17.676 18.072 18.469 
 18.777 19.269 20.163 20.966 20.878 20.975 20.877 20.387 19.581 19.087 
 18.884 18.682 18.481 18.28 18.181 18.179 18.277 18.378 21.358 26.151 
 28.589 30.46 31.063 30.965 30.964 31.061 30.866 30.766 30.365 29.97 
 13.14 
13089 13085 13077 13069 13054 13034 13012 12984 12949 12917 
 12872 12827 12779 12734 12687 12633 12571 12509 12443 12373 
 12298 12217 12138 12058 11976 11890 11795 11692 11582 11456 
 11322 11179 11031 10866 10685 10481 10255 9993.4 9693.4 9364.3 
 8998.3 8625 8237.1 7841.6 7407.1 6937.7 6444.1 5937.6 5457.7 5014.3 
 4634.3 4287.3 3977.7 3700 3441.4 3212.8 3024.9 2837.8 2650.7 2500 
 2362.8 2243.9 2140.4 2047.6 1965 1886.9 1815.2 1745.9 1682.7 1622.1 
 1562.8 1501.9 1436.4 1363.8 1284.9 1195.9 1100.5 1001.9 902.66 805.12 
 706.2 608.07 500.76 401.75 293.03 196.26 122.07 44.179 10.508 3.8659 
 3.8817 3.8976 3.9135 3.9294 3.9452 3.9611 3.977 3.9928 4.4882 4.5989 
 4.7957 5.0978 5.6834 5.9946 6.5964 7.1869 7.6822 8.2867 9.3827 9.6988 
 10.682 11.399 12.382 13.496 14.757 15.881 17.258 18.578 19.796 21.065 
 22.481 23.658 25.077 26.654 28.063 29.486 31.157 32.283 33.653 35.079 
 36.391 37.176 37.991 39.069 39.689 39.988 40.29 40.692 40.89 41.195 
 41.487 41.792 41.896 41.993 41.996 42.191 42.097 42.096 42.194 42.097 
 42.29 42.197 42.296 41.706 40.999 40.313 39.901 39.217 38.801 38.201 
 37.708 37.099 36.512 35.801 35.21 34.899 34.799 34.698 34.209 33.704 
 33.6 33.695 33.504 33.398 33.202 32.801 31.817 30.627 29.507 28.427 
 13.14 
13089 13089 13079 13072 13056 13040 13014 12987 12954 12918 
 12879 12836 12791 12742 12692 12636 12579 12520 12455 12386 
 12309 12230 12149 12064 11978 11884 11784 11678 11569 11453 
 11324 11187 11038 10876 10703 10509 10295 10050 9761.5 9434.6 
 9062 8658.9 8226.4 7784 7347 6923.2 6526.7 6148.6 5801.9 5484.2 
 5184.7 4907.2 4634.7 4377 4127.6 3896.8 3699.8 3515.8 3340.6 3180.4 
 3024.7 2869.5 2733.3 2600.2 2468.4 2342.5 2227.9 2121.7 2025.6 1937.5 
 1855.5 1775.1 1693.9 1610.7 1522.1 1432.2 1334.1 1232.4 1125.3 1016 
 903.15 784.82 657.82 519.08 381.69 256.05 152.41 61.529 11.251 4.8813 
 4.099 4.1396 4.1802 4.2208 4.2614 4.302 4.5035 4.6058 5.006 5.4213 
 6.1091 6.6305 7.6037 7.9147 8.5207 9.213 10.005 10.912 11.619 12.44 
 13.617 14.454 15.912 16.438 17.506 18.624 19.713 20.829 22.109 23.419 
 24.633 25.852 27.236 28.715 30.019 31.338 32.419 33.63 34.709 35.829 
 36.837 37.816 38.829 39.611 40.118 40.61 41.109 41.082 41.054 41.027 
 40.999 40.972 40.944 40.917 40.889 40.2 39.589 38.806 38.094 37.384 
 36.6 35.786 35.103 34.698 34.288 33.699 33.088 32.402 31.985 31.199 
 31.004 30.899 30.705 30.71 30.917 31.923 32.608 33.332 34.311 35.007 
 35.105 35.413 35.917 36.31 36.612 36.804 36.701 36.067 34.984 34.098 
 13.14 
13089 13085 13079 13065 13051 13030 13017 12994 12971 12938 
 12901 12869 12830 12780 12733 12669 12606 12544 12473 12394 
 12323 12243 12159 12074 11982 11885 11786 11679 11572 11461 
 11338 11205 11064 10911 10750 10570 10386 10168 9927.9 9641.8 
 9317 8938.4 8519.9 8081.5 7631.9 7186.7 6775.3 6386.5 6029 5691.4 
 5389.3 5094.1 4827.2 4572.1 4339 4114.6 3910.2 3722.4 3536.5 3363.4 
 3194.6 3028.9 2863.5 2711.4 2564.1 2423.5 2293.4 2169.9 2049.9 1937.4 
 1828.1 1724.1 1625.4 1528.5 1435.8 1344.6 1254.6 1163.8 1077.2 994.2 
 911.93 826.48 731.58 615.7 488.96 354.39 225.24 105.68 22.922 6.766 
 6.3776 5.9893 5.601 5.2126 4.8243 5.3155 5.9241 6.3237 7.1245 7.8344 
 8.4312 9.2405 9.9282 10.743 11.65 12.541 13.532 14.341 15.149 15.966 
 16.953 17.841 18.967 20.349 22.053 23.788 25.667 27.595 29.365 30.984 
 32.395 33.474 34.489 35.179 35.243 35.307 35.371 35.434 35.498 35.562 
 34.956 34.367 33.638 32.454 30.913 28.742 26.319 24.1 22.036 20.21 
 19.14 18.843 19 20.863 23.322 25.986 28.813 31.122 32.796 34.31 
 35.588 37.427 39.245 41.018 42.636 44.005 45.018 45.904 46.615 47.215 
 47.706 48.014 48.409 48.802 48.706 48.818 49.308 49.819 50.313 50.913 
 51.11 51.111 51.216 51.41 51.398 50.995 50.299 49.05 47.464 45.886 
 13.14 
13089 13086 13079 13066 13051 13041 13027 13008 12987 12959 
 12928 12885 12843 12791 12740 12680 12615 12548 12473 12399 
 12324 12249 12170 12085 11999 11903 11807 11708 11604 11491 
 11369 11235 11101 10960 10806 10640 10463 10265 10036 9782.8 
 9491.3 9168.6 8811.9 8433.3 8018.3 7575.2 7112.7 6638.8 6162.8 5696.7 
 5263.6 4855.8 4489.1 4160.1 3859.8 3590.6 3340.5 3123.4 2906.2 2690 
 2507.2 2338.3 2190.6 2056.8 1942.8 1845.3 1760.5 1684.8 1617 1559.7 
 1510.3 1469.4 1430.9 1391.6 1348.2 1298.1 1240.5 1171.8 1091 996.6 
 892.01 784.88 677.09 576.75 479.34 377.89 265.45 159.47 67.838 12.408 
 5.5274 5.6243 5.526 5.5269 5.631 5.8291 6.2293 6.2333 6.6354 7.0545 
 7.8356 7.7473 8.1443 8.8556 9.5701 10.562 11.553 12.676 13.993 15.304 
 16.395 17.521 18.696 19.193 19.289 15.209 11.554 11.408 15.066 19.107 
 20.844 23.007 25.168 27.799 30.058 31.985 33.367 34.171 34.664 34.729 
 34.794 34.859 34.924 34.989 35.055 34.563 34.158 33.85 33.77 33.691 
 33.611 33.532 33.452 33.373 33.294 33.214 33.135 33.055 32.028 30.408 
 29.034 28.217 27.511 26.919 26.422 26.323 26.381 26.439 26.498 26.556 
 26.614 26.672 26.73 27.344 27.943 28.855 29.641 30.249 30.544 30.547 
 30.742 30.642 30.318 29.232 28.406 27.316 26.321 24.869 23.385 22.195 
 13.14 
13089 13087 13078 13066 13055 13042 13029 13011 12987 12958 
 12923 12879 12826 12778 12731 12678 12614 12545 12477 12406 
 12329 12248 12158 12074 11988 11902 11804 11704 11602 11486 
 11361 11235 11096 10948 10791 10626 10456 10264 10051 9806.3 
 9532.9 9213.8 8851.1 8448.6 8026 7596.5 7190.3 6810.5 6455.5 6124.6 
 5819.9 5521.9 5238.8 4969 4705.9 4457.1 4214.6 3989.2 3772.1 3565.1 
 3369.9 3189 3018.3 2847.7 2691.7 2546 2409.8 2279.6 2146.8 2016.6 
 1891.6 1771.7 1662.2 1558.5 1462.3 1371.2 1281.1 1193.2 1108.3 1025.9 
 945.25 869.29 789.07 695.97 592.18 478.76 360.53 239.46 120.18 20.489 
 17.615 14.741 11.867 10.979 10.09 9.2017 8.3133 7.4249 7.9321 8.5494 
 9.3317 9.6389 10.133 10.839 11.151 11.745 12.732 13.648 14.568 15.847 
 16.266 17.261 17.557 17.854 18.055 18.155 18.156 18.248 17.462 17.784 
 21.971 26.881 30.202 30.905 31.299 31.704 31.999 32.203 32.499 32.809 
 33.307 33.502 33.508 33.702 33.601 33.503 33.094 32.488 31.982 29.4 
 25.884 23.249 21.787 18.756 18.117 20.671 22.169 22.267 22.06 21.243 
 20.261 19.75 19.239 18.545 17.63 16.747 15.832 14.946 14.031 13.43 
 12.936 12.338 12.338 12.237 12.238 12.354 13.14 13.652 13.711 13.77 
 13.829 13.888 13.947 14.006 14.065 14.124 14.183 14.242 13.736 13.44 
 13.14 
