IESNA:LM-63-2002
[TEST] JDE240301-A
[TESTLAB] Ningbo TengLi Testing Co., Ltd
[TESTDATE] 07 March 2024
[ISSUEDATE] 2024-03-08
[NEARFIELD] 
[LAMPPOSITION] 0,0
[OTHER] EVERFINE GO-R5000_V2 SYSTEM
[MANUFAC] Torshare Ltd.
[LUMCAT]  TS-LHB5-2FT225W-H-TCP(0%,4000K)
[LUMINAIRE] High Bay Luminaires (Commercial and Industrial)
[OTHER] Input Voltage=277.0 PF=0.9477 THD=11.24
[OTHER] Gamma(deg)    Fz(lm)      Ft(lm)     %Lum    %Lamp
[OTHER]   0- 10      1229.38     1229.38     4.15     4.15
[OTHER]  10- 20      3535.66     4765.04    16.09    16.09
[OTHER]  20- 30      5402.48    10167.52    34.32    34.32
[OTHER]  30- 40      6443.15    16610.68    56.07    56.07
[OTHER]  40- 50      5492.22    22102.90    74.61    74.61
[OTHER]  50- 60      3456.14    25559.04    86.28    86.28
[OTHER]  60- 70      2188.71    27747.74    93.67    93.67
[OTHER]  70- 80      1377.38    29125.13    98.32    98.32
[OTHER]  80- 90       409.28    29534.40    99.70    99.70
[OTHER]  90-100         4.28    29538.69    99.71    99.71
[OTHER] 100-110         6.68    29545.37    99.74    99.74
[OTHER] 110-120        10.90    29556.27    99.77    99.77
[OTHER] 120-130        16.06    29572.33    99.83    99.83
[OTHER] 130-140        16.75    29589.09    99.88    99.88
[OTHER] 140-150        14.31    29603.39    99.93    99.93
[OTHER] 150-160        11.02    29614.41    99.97    99.97
[OTHER] 160-170         6.62    29621.04    99.99    99.99
[OTHER] 170-180         2.66    29623.70   100.00   100.00
[OTHER] 
TILT=NONE
1 -1 1 181 17 1 2 0.305 0.604 0.000
1.000 1 203.7
0.0    1.0    2.0    3.0    4.0    5.0    6.0    7.0    8.0    9.0    
 10.0   11.0   12.0   13.0   14.0   15.0   16.0   17.0   18.0   19.0   
 20.0   21.0   22.0   23.0   24.0   25.0   26.0   27.0   28.0   29.0   
 30.0   31.0   32.0   33.0   34.0   35.0   36.0   37.0   38.0   39.0   
 40.0   41.0   42.0   43.0   44.0   45.0   46.0   47.0   48.0   49.0   
 50.0   51.0   52.0   53.0   54.0   55.0   56.0   57.0   58.0   59.0   
 60.0   61.0   62.0   63.0   64.0   65.0   66.0   67.0   68.0   69.0   
 70.0   71.0   72.0   73.0   74.0   75.0   76.0   77.0   78.0   79.0   
 80.0   81.0   82.0   83.0   84.0   85.0   86.0   87.0   88.0   89.0   
 90.0   91.0   92.0   93.0   94.0   95.0   96.0   97.0   98.0   99.0   
 100.0  101.0  102.0  103.0  104.0  105.0  106.0  107.0  108.0  109.0  
 110.0  111.0  112.0  113.0  114.0  115.0  116.0  117.0  118.0  119.0  
 120.0  121.0  122.0  123.0  124.0  125.0  126.0  127.0  128.0  129.0  
 130.0  131.0  132.0  133.0  134.0  135.0  136.0  137.0  138.0  139.0  
 140.0  141.0  142.0  143.0  144.0  145.0  146.0  147.0  148.0  149.0  
 150.0  151.0  152.0  153.0  154.0  155.0  156.0  157.0  158.0  159.0  
 160.0  161.0  162.0  163.0  164.0  165.0  166.0  167.0  168.0  169.0  
 170.0  171.0  172.0  173.0  174.0  175.0  176.0  177.0  178.0  179.0  
 180.0  
0.0    22.5   45.0   67.5   90.0   112.5  135.0  157.5  180.0  202.5  
 225.0  247.5  270.0  292.5  315.0  337.5  360.0  
12992 12993 12987 12972 12954 12934 12912 12891 12868 12842 
 12809 12771 12726 12678 12629 12573 12507 12439 12373 12304 
 12230 12158 12068 11984 11895 11807 11709 11605 11496 11379 
 11252 11123 10990 10844 10689 10525 10354 10161 9950 9709.1 
 9436.6 9136.7 8791.2 8405.9 7994.3 7579.8 7176.8 6798.7 6442.8 6112.3 
 5809.3 5514.6 5235.4 4968.6 4712.5 4459.4 4216.2 3981.9 3759.7 3545.9 
 3346.1 3155.5 2986.3 2817.5 2659.8 2515.3 2381.8 2252.3 2123.9 1994.8 
 1871.1 1751.7 1642.8 1539.2 1443.7 1352.4 1262.8 1174.2 1089.1 1005.3 
 924.31 846.96 767.46 678.34 576.18 468.24 351.83 232.62 116.66 20.427 
 5.1089 4.9107 5.0096 5.02 5.6115 6.1127 6.7206 7.3152 7.823 8.4162 
 9.2224 9.627 10.12 10.826 11.026 11.735 12.718 13.93 14.548 15.832 
 16.347 17.129 17.535 17.634 17.595 17.555 17.516 17.477 17.437 17.763 
 21.832 26.736 30.067 30.66 30.962 31.259 31.766 32.067 32.263 32.568 
 32.516 32.464 32.412 32.36 32.308 32.256 32.204 32.152 31.646 29.076 
 25.555 23.123 21.648 18.732 17.897 18.503 19.108 19.714 20.32 20.925 
 20.236 19.627 19.138 18.327 17.411 16.425 15.513 14.727 14.018 13.509 
 12.721 12.228 12.124 12.126 12.225 12.339 13.026 13.441 14.128 14.227 
 14.247 14.267 14.288 14.308 14.329 14.33 14.426 13.928 13.621 13.325 
 13.026 
12992 12993 12983 12969 12950 12929 12904 12879 12854 12830 
 12798 12758 12719 12671 12614 12554 12493 12424 12350 12276 
 12199 12121 12033 11946 11854 11752 11649 11544 11430 11314 
 11187 11055 10914 10768 10619 10463 10287 10093 9878.4 9633.9 
 9354.8 9043.8 8703.8 8336 7945.5 7523.4 7094.5 6644.5 6196.6 5757.9 
 5333.1 4936.9 4573.8 4245.5 3945.7 3676.7 3427.5 3199 2987.2 2775.3 
 2595.8 2428.6 2278.3 2143.6 2024.6 1920.1 1825.3 1737.4 1658.9 1589 
 1526.7 1474.7 1426.2 1379.5 1331.9 1282.4 1226.5 1163.2 1089.5 1003.4 
 907.55 806.64 703.44 600.78 500.35 400.35 300.64 195.56 97.318 19.495 
 4.8114 4.6146 4.5141 4.6131 4.5264 5.0166 5.2146 5.2189 5.5198 5.7017 
 5.8836 6.0655 6.2473 6.4292 6.9201 7.6327 8.4292 9.3334 9.7457 10.629 
 11.141 11.536 11.738 11.836 11.434 10.4 8.5215 7.8551 9.6357 14.368 
 17.775 18.757 19.064 19.361 19.765 20.372 20.769 21.277 21.868 22.276 
 22.668 23.374 23.783 24.174 24.276 24.375 24.374 24.372 24.371 24.37 
 24.369 24.367 23.972 23.569 22.965 22.767 22.562 22.269 21.862 21.556 
 21.161 20.555 20.26 19.856 19.561 19.257 19.174 19.09 19.007 18.924 
 18.84 19.188 19.535 19.882 20.229 20.577 21.167 21.778 22.268 22.257 
 21.467 20.648 19.329 18.147 17.454 16.439 15.54 14.542 13.629 13.035 
 13.026 
12992 12994 12988 12976 12954 12930 12900 12870 12836 12797 
 12758 12714 12669 12618 12561 12500 12438 12369 12294 12218 
 12138 12052 11962 11867 11773 11670 11569 11462 11344 11224 
 11096 10968 10825 10675 10518 10346 10159 9951.2 9715.6 9445.3 
 9132.1 8780.6 8381.4 7955.6 7516.2 7081.3 6672.8 6285.5 5924.3 5582.4 
 5259.4 4951.6 4657.4 4384.8 4124.5 3881.5 3665.9 3464.9 3283.3 3125.2 
 2967 2808.9 2674.7 2540.3 2411 2290.2 2176.9 2073.3 1976.1 1881.4 
 1785.9 1691.8 1601.5 1514.5 1431.1 1351.4 1269.5 1182.9 1092.6 1003.3 
 911.89 820.96 728.87 632.84 532.77 427.18 312.99 191.1 47.135 9.2922 
 8.579 7.8659 7.1527 6.4396 5.7264 5.0133 4.3001 4.7065 5.31 6.3053 
 6.4043 6.5024 6.7055 7.5062 7.7026 8.0073 8.4058 8.908 9.3088 9.6026 
 10.014 10.606 11.118 11.903 12.604 13.418 14.21 15.222 16.206 17.111 
 17.712 17.908 18.315 18.709 18.91 19.206 19.411 19.394 19.378 19.361 
 19.344 19.328 19.311 18.205 16.682 15.303 13.893 12.694 12.104 11.905 
 11.905 11.816 12.403 13.614 15.247 17.125 19.248 21.305 23.628 25.156 
 27.118 28.543 29.815 30.519 30.911 30.961 31.012 31.062 31.113 31.163 
 31.213 31.264 31.314 31.365 31.415 31.466 31.516 32.336 33.317 33.62 
 33.914 34.117 33.856 33.594 33.332 33.07 32.808 31.815 30.898 30.009 
 13.026 
12992 12990 12984 12972 12954 12930 12901 12867 12833 12789 
 12744 12695 12645 12588 12522 12457 12386 12313 12237 12159 
 12082 11999 11916 11831 11740 11644 11542 11435 11315 11193 
 11061 10921 10775 10618 10449 10256 10044 9808.4 9526.6 9212.4 
 8841.4 8443.9 8014.6 7593 7183.2 6815.6 6466.4 6140.9 5833.5 5545 
 5277.8 5013.8 4765.2 4525.6 4300.7 4076.3 3861.9 3666 3481.1 3308.6 
 3144.3 2985.5 2826.7 2667.8 2509.4 2364 2227.1 2099 1982.7 1876.4 
 1778.8 1688.2 1603.6 1522.4 1442.6 1364 1288.3 1210.4 1128.3 1042.4 
 952.81 858.65 756.58 649.21 533.41 409.47 277.53 94.858 18.796 15.785 
 12.774 9.7635 6.7526 3.7417 3.8159 3.8901 3.9643 4.0385 4.1128 4.187 
 4.5957 5.0014 5.4912 5.9937 6.2876 6.6929 7.2838 7.689 8.1982 9.0798 
 9.3917 9.9794 10.486 10.879 11.379 11.888 12.477 13.185 13.968 14.58 
 15.284 15.968 16.875 17.369 18.072 18.759 19.57 20.372 20.961 21.666 
 22.057 22.561 23.051 23.457 23.507 23.557 23.606 23.656 23.706 23.755 
 23.805 23.854 23.86 24.054 24.104 24.154 24.203 24.253 24.303 24.353 
 24.402 24.452 23.952 23.144 22.456 22.056 21.655 21.357 21.38 21.403 
 21.425 21.448 21.47 22.069 22.783 23.89 25.355 25.757 26.851 26.952 
 27.153 27.453 27.849 27.952 28.248 28.351 28.544 28.437 27.942 27.641 
 13.026 
12992 12989 12978 12965 12950 12929 12904 12874 12838 12798 
 12754 12711 12663 12612 12555 12491 12421 12348 12272 12200 
 12125 12045 11961 11872 11778 11677 11578 11469 11356 11237 
 11107 10966 10814 10645 10468 10263 10040 9779.7 9483.2 9160.1 
 8796.7 8423.9 8041 7655.6 7261.2 6841.6 6393.5 5945.5 5498 5069.7 
 4676.1 4321.5 4004.4 3726.5 3466.6 3234.2 3019.2 2822.9 2646.3 2483.7 
 2340 2210.3 2098.2 2005.1 1923.1 1848.9 1779.7 1712.8 1649.7 1588.6 
 1528.7 1464.3 1399.8 1333.7 1264.9 1191.5 1111 1029.2 942.89 856.2 
 773.44 694.66 617.96 539.77 455.96 356.09 228.52 59.325 13.826 11.705 
 9.5842 7.4635 5.3428 4.5345 3.7263 2.9181 2.1098 1.3016 1.3023 1.4017 
 1.4092 1.6047 1.8066 2.0042 2.2057 2.303 2.5061 2.709 2.9098 3.2109 
 3.5053 3.7088 3.9069 4.0099 4.3151 4.7064 4.9077 5.0065 5.4096 5.6068 
 5.6088 5.8107 6.0078 6.2152 6.6202 7.1105 7.7211 8.3158 9.2253 10.028 
 10.617 11.02 11.315 11.523 11.922 12.218 12.816 13.421 13.722 14.337 
 15.033 15.736 16.536 17.123 17.324 17.423 17.526 17.722 17.857 17.992 
 18.126 18.261 18.396 17.415 17.121 17.12 16.913 16.511 16.353 16.194 
 16.036 15.877 15.718 15.617 14.515 14.217 14.223 14.537 15.73 17.055 
 19.533 22.542 23.83 25.235 26.433 27.233 27.233 27.133 27.032 26.732 
 13.026 
12992 12986 12975 12962 12945 12917 12889 12854 12816 12771 
 12728 12687 12641 12591 12533 12469 12396 12324 12245 12163 
 12085 11997 11913 11816 11718 11614 11515 11412 11294 11176 
 11046 10913 10769 10606 10439 10246 10029 9786.8 9513.2 9211.2 
 8873.2 8509 8111.2 7683.7 7258.4 6832 6445.8 6059.5 5673.3 5333.9 
 5018.7 4725.2 4453.5 4204.6 3977.3 3765.4 3574.3 3403.2 3247.4 3107.1 
 2973.4 2841.8 2707.6 2573.5 2437 2309.4 2193.9 2085.9 1981.2 1882.3 
 1787.9 1696.9 1607.3 1519.9 1431.8 1341.2 1249.7 1158.6 1066.4 977.3 
 887.06 799.79 710.02 616.35 509.8 390.98 251.1 64.073 14.774 2.1015 
 1.968 1.8344 1.7008 1.5673 1.5342 1.5011 1.468 1.435 1.4019 1.5995 
 1.6978 1.898 2.0992 2.2971 2.7009 2.798 3.1953 3.4012 3.5986 3.7001 
 3.9939 4.0005 4.4005 4.5984 4.9007 5.1944 5.4984 5.793 6.1969 6.5993 
 6.8965 7.1999 7.4951 7.8987 8.3011 8.8884 9.5014 9.894 10.395 10.301 
 10.301 10.402 10.597 10.899 11.201 11.301 11.497 11.6 12.189 13.206 
 14.294 15.377 16.186 16.202 16.202 16.301 16.499 16.797 17.098 17.005 
 17.101 16.807 16.605 16.204 16.202 16.102 16.022 15.942 15.862 15.782 
 15.702 15.8 15.115 14.307 13.714 13.801 13.703 14.096 15.193 16.376 
 18.841 21.92 23.366 24.793 25.985 27.179 27.203 27.007 27.003 27.003 
 13.026 
12992 12985 12969 12954 12931 12905 12886 12860 12825 12787 
 12744 12703 12654 12599 12533 12466 12390 12314 12236 12165 
 12089 11999 11909 11816 11714 11609 11506 11399 11278 11154 
 11032 10899 10753 10597 10442 10267 10072 9861.5 9629.9 9370.9 
 9064.5 8706.1 8271.8 7781.5 7335.8 6928.9 6545.1 6208.3 5872.8 5537.2 
 5258.1 4984.4 4712.1 4441.3 4173.7 3906.6 3664.6 3449.1 3261.9 3092 
 2937.9 2795.1 2664.8 2549.8 2445.4 2346 2245.1 2141.9 2033.9 1924.8 
 1816 1710.8 1610.3 1517.4 1430.4 1343.9 1258.2 1172.4 1086.6 1002.8 
 921.08 841.13 753.84 660.33 553.36 439.5 320.68 167.98 22.61 3.104 
 1.442 1.4539 1.4658 1.4777 1.4896 1.5015 1.7008 1.7051 1.9994 2.2042 
 2.4061 2.5045 2.7055 2.9033 3.2074 3.305 3.6042 3.7096 3.9073 4.0085 
 4.3029 4.3095 4.7104 4.9082 5.3118 5.508 5.9101 6.3036 6.9077 7.4144 
 8.0106 8.1176 8.0199 8.0177 8.0183 8.2139 8.6182 8.8153 9.0179 9.0202 
 9.218 9.6198 10.014 10.622 11.327 12.015 12.427 12.477 12.527 12.577 
 12.626 12.676 12.726 12.927 13.33 13.527 14.02 14.721 15.53 16.219 
 17.327 18.418 19.53 19.543 19.439 18.549 17.46 17.277 17.094 16.911 
 16.728 16.545 16.139 16.036 15.731 15.237 14.841 14.733 16.965 22.122 
 25.897 29.469 31.037 31.972 32.771 33.371 33.57 33.474 33.474 33.474 
 13.026 
12992 12984 12969 12949 12928 12912 12892 12868 12836 12797 
 12761 12716 12659 12599 12541 12491 12445 12386 12309 12232 
 12156 12072 11980 11884 11779 11674 11568 11450 11324 11201 
 11076 10935 10789 10634 10479 10309 10133 9948.4 9741.2 9513.8 
 9263.5 8968.8 8618.5 8224.6 7835.8 7418.8 6969.1 6474.8 5979.5 5484.2 
 5041.2 4650.8 4291.6 3980.1 3697.8 3435.9 3193.8 2962.5 2747.9 2546.7 
 2366.4 2199.6 2049.3 1921 1813 1725.2 1654.4 1600.3 1558.2 1526 
 1501.6 1485 1471.9 1451.9 1417.2 1369.4 1301.1 1211.7 1101.5 979.05 
 852.3 728 610.9 506.14 419.25 343.75 258.87 164.13 69.386 5.2611 
 1.5853 1.5071 1.6071 1.6076 1.9085 2.1064 2.1274 2.1483 2.1693 2.1902 
 2.2112 2.3095 2.4108 2.708 2.7138 3.0064 3.2126 3.317 3.5153 3.8169 
 4.014 4.3186 4.6209 5.0194 5.2236 5.2246 5.6224 5.8223 6.1251 6.5281 
 6.6298 6.9317 7.2267 7.8335 8.4382 9.2265 9.5453 10.037 10.841 11.453 
 12.246 12.658 12.954 13.358 13.765 13.964 14.26 14.663 15.258 16.177 
 17.274 18.361 18.584 18.588 19.09 19.107 19.124 19.141 19.158 19.175 
 19.192 19.289 19.094 19.09 18.99 19.089 18.695 17.902 17.187 16.296 
 15.776 15.578 15.278 15.172 16.811 18.45 20.089 21.728 23.367 32.504 
 36.875 39.873 41.392 42.088 42.591 42.895 43.002 43.003 43.303 43.502 
 13.026 
12992 12988 12971 12957 12943 12929 12912 12880 12850 12815 
 12777 12728 12668 12615 12576 12534 12480 12410 12343 12275 
 12195 12107 12022 11921 11818 11725 11619 11506 11387 11266 
 11141 11012 10870 10719 10561 10394 10214 10021 9811.5 9574.5 
 9314.5 9022.8 8676.3 8270.6 7823.8 7360.3 6956.5 6568.6 6236 5903.4 
 5571.1 5290.2 5019 4757.8 4501.4 4253.7 4014.2 3791.1 3580.3 3387.5 
 3218.5 3066.6 2930.7 2804.9 2682.6 2565.2 2448.6 2330.8 2207.9 2079.9 
 1947.3 1805.7 1660.1 1513.7 1367 1226.7 1094.4 968.09 855.41 760.37 
 687.03 631.46 585.14 538.8 481.43 399.43 298.96 190.64 75.922 6.9007 
 5.8616 4.8226 3.7835 2.7444 1.7054 1.8031 2.001 2.1026 2.1041 2.3011 
 2.4039 2.6034 2.9008 3.1013 3.3033 3.5048 3.9037 4.3024 4.5064 4.7052 
 4.8091 4.8094 4.9077 5.1062 5.7015 6.2111 6.6111 6.9098 7.1104 7.4076 
 7.8197 8.4175 8.9132 9.4102 9.8127 10.521 11.623 12.623 13.51 14.217 
 14.732 15.53 16.329 17.024 17.075 17.126 17.178 17.229 17.28 17.332 
 17.383 17.434 17.533 17.436 17.434 17.435 17.533 18.222 19.32 19.534 
 19.037 18.248 18.334 18.236 18.236 18.336 18.039 17.937 17.736 17.441 
 17.234 16.839 16.932 17.217 17.502 17.788 18.073 18.358 18.415 18.471 
 18.528 18.585 18.641 18.539 18.637 18.737 19.719 20.042 20.438 20.933 
 13.026 
12992 12983 12975 12959 12940 12925 12905 12884 12855 12821 
 12782 12739 12683 12624 12571 12528 12484 12423 12353 12287 
 12213 12132 12035 11942 11845 11735 11635 11526 11412 11291 
 11163 11026 10882 10730 10575 10412 10230 10031 9826.9 9599 
 9338.2 9030.6 8657.6 8251.4 7844.7 7423.8 6971.8 6482.8 5993 5503.1 
 5083.7 4697.3 4352.7 4046.5 3768.2 3510.7 3268.8 3046.6 2840.7 2646.4 
 2472.3 2305.8 2156.9 2024.7 1915.3 1822.8 1747.3 1686.7 1639.3 1604.1 
 1576.1 1549.4 1521.2 1484.9 1439.5 1376.2 1300.3 1209.4 1103 989.27 
 869.49 750.8 636.56 531.68 440.57 350.9 254.95 150.94 54.364 6.6157 
 1.7171 1.5057 1.6044 1.6049 1.6717 1.7385 1.8053 1.8721 1.939 2.0058 
 2.0071 2.2035 2.506 2.7051 3.1102 3.3103 3.5109 3.7116 3.9123 4.113 
 4.3136 4.4131 4.9158 5.2119 5.7148 6.1081 6.5168 6.8138 7.0189 7.2201 
 7.5185 7.7234 8.3106 8.8198 9.4254 10.315 11.236 11.92 12.722 13.64 
 14.937 15.948 16.535 17.339 18.055 18.453 18.946 19.155 19.452 19.862 
 20.16 20.652 21.251 21.56 21.868 22.266 22.465 22.37 22.368 21.193 
 20.069 20.16 20.556 20.563 20.074 19.761 19.662 19.366 19.061 18.96 
 18.658 18.362 17.961 17.756 17.558 16.348 16.248 16.148 16.048 15.948 
 15.848 15.748 14.947 14.55 14.446 14.444 14.246 14.146 13.743 13.347 
 13.026 
12992 12988 12978 12963 12948 12929 12912 12892 12867 12836 
 12800 12762 12716 12665 12608 12543 12474 12410 12343 12275 
 12203 12124 12037 11948 11846 11747 11638 11524 11404 11286 
 11160 11020 10885 10735 10567 10391 10196 9984.9 9754.4 9477.4 
 9161.9 8776.2 8320.6 7845.8 7418.3 7012.2 6618.5 6278.7 5939.9 5601.2 
 5299.8 4990.6 4690.8 4384.4 4096.7 3838.1 3607.9 3405.4 3224.9 3060.4 
 2911.3 2774.1 2646.5 2530.9 2427 2327.2 2230 2139 2044.9 1947.7 
 1849.8 1749 1648.5 1550.5 1456.1 1361.7 1268.5 1174.6 1082.1 993.97 
 905.58 815.82 719.45 619.76 504.11 367.45 229.4 105.58 22.619 4.2585 
 3.8931 3.5277 3.1623 2.7969 2.4315 2.365 2.2984 2.2318 2.1652 2.0987 
 2.2988 2.4979 2.7948 2.9982 3.1999 3.3996 3.6971 3.8002 3.9994 4.199 
 4.5011 4.901 5.0985 5.5944 5.8987 6.1024 6.6987 7.2958 7.796 8.0002 
 8.0051 8.2036 8.303 8.4022 8.6007 9.0043 9.4035 10.002 10.496 10.899 
 11.608 12.005 12.604 13.099 13.798 14.211 14.49 14.77 15.049 15.329 
 15.609 15.999 16.612 17.196 17.893 18.108 18.7 19.396 19.901 20.203 
 20.409 20.606 20.806 21.207 21.612 21.91 21.95 21.99 22.03 22.07 
 22.11 21.717 20.92 20.214 19.603 19.005 18.513 18.509 19.531 22.31 
 22.211 22.112 21.618 20.926 20.005 19.007 18.126 16.996 15.412 13.931 
 13.026 
12992 12990 12987 12976 12959 12937 12914 12889 12863 12828 
 12790 12754 12707 12665 12609 12555 12495 12430 12362 12288 
 12210 12128 12039 11944 11848 11750 11650 11547 11429 11316 
 11189 11054 10903 10737 10559 10375 10165 9929.7 9666 9362.1 
 9014.2 8637.6 8216.8 7758.5 7309.5 6881.5 6507.5 6167.7 5828.6 5489.6 
 5193.2 4912.6 4642.5 4394.5 4165.4 3957.9 3769.3 3597 3435.3 3280.8 
 3133.7 2983.9 2834 2686.2 2543.2 2407.2 2270.8 2143.2 2021.2 1903.6 
 1786.9 1671.2 1560.7 1454.3 1353.8 1257.4 1169.3 1084.1 1002.4 929.55 
 858.85 784.2 690.5 573.07 436.15 293.5 165.31 66.113 11.403 1.6301 
 1.2019 1.1999 1.3948 1.2994 1.3961 1.3974 1.4949 1.5955 1.6956 1.8936 
 2.0943 2.4888 2.5932 3.0848 3.2912 3.5902 3.8889 4.2859 4.4886 4.6877 
 4.7907 5.0895 5.3842 5.5857 5.8849 6.1886 6.5858 6.8833 7.2792 7.3841 
 7.4869 7.5864 7.8834 8.471 8.8746 9.682 10.283 10.679 11.071 11.079 
 11.179 11.181 11.679 11.973 12.468 12.478 12.77 13.458 14.276 14.566 
 15.175 15.954 16.653 17.256 17.367 17.268 17.563 17.567 17.96 18.259 
 18.565 19.155 20.049 20.754 20.86 20.761 20.663 20.368 19.471 18.974 
 18.765 18.666 18.271 18.166 18.166 18.167 18.265 18.266 21.251 25.966 
 28.547 30.24 30.281 30.323 30.364 30.406 30.447 30.34 30.045 29.749 
 13.026 
12992 12992 12984 12972 12958 12939 12915 12890 12861 12823 
 12779 12734 12688 12641 12591 12534 12477 12415 12347 12280 
 12205 12124 12048 11966 11882 11794 11706 11604 11487 11360 
 11225 11076 10921 10753 10569 10368 10134 9873.8 9576.8 9249.1 
 8889.8 8527.7 8159.7 7766.2 7350 6893.7 6412.6 5922.1 5442.9 5018 
 4645 4318.3 4019.3 3746 3491.6 3256.4 3057.8 2859.7 2661.6 2501.2 
 2356 2231.2 2124.5 2032 1948.6 1869.5 1797.9 1731.5 1669 1608.1 
 1548.7 1490.5 1429.5 1363.8 1288.6 1203.9 1110 1012 913.65 818.95 
 726.97 632.59 535.05 434.73 328.56 223.92 130.01 44.262 10.545 3.9062 
 3.5097 3.6039 3.6366 3.6694 3.7022 3.735 3.7678 3.8006 4.1993 4.4956 
 4.6042 5.1062 5.794 6.0063 6.4935 7.2962 7.6989 8.2977 9.0043 9.6905 
 10.704 11.492 12.702 13.787 14.888 16.008 17.294 18.606 19.891 21.301 
 22.52 23.696 25.118 26.6 27.814 29.38 30.913 32.233 33.413 34.733 
 35.813 36.827 37.617 38.529 39.443 39.84 40.046 40.049 40.343 41.049 
 41.246 41.35 41.448 41.45 41.421 41.392 41.362 41.333 41.303 41.274 
 41.244 41.215 41.186 41.156 40.45 39.762 39.35 38.76 38.349 37.747 
 37.253 36.568 36.056 35.446 34.753 34.642 34.446 34.442 33.949 33.643 
 33.543 33.442 33.343 32.943 32.842 32.44 31.648 30.264 29.239 28.155 
 13.026 
12992 12991 12992 12978 12966 12947 12919 12892 12860 12823 
 12779 12737 12690 12638 12581 12528 12468 12407 12343 12270 
 12194 12119 12035 11952 11866 11774 11672 11568 11456 11336 
 11206 11067 10917 10751 10574 10377 10165 9915.4 9632.3 9309.8 
 8945.9 8551.7 8132.2 7706.2 7285.2 6873.2 6485.6 6122 5783.3 5464.8 
 5168.4 4880.6 4603 4339.3 4084.8 3853.9 3653.6 3470.3 3298.3 3144.8 
 2991.2 2838.1 2702.5 2569.2 2438.7 2310.7 2194.8 2088 1991.9 1904.9 
 1823.5 1745.8 1668 1587 1502.2 1414.6 1323 1225.6 1126.5 1022.3 
 916.85 805.09 684.52 555.67 418.13 289.98 174.81 65.051 11.169 10.159 
 9.1496 8.1401 7.1305 6.121 5.1114 4.1018 4.2997 4.6036 4.9058 5.4167 
 6.0103 6.5992 7.4032 7.8142 8.5973 9.2094 9.9048 10.808 11.521 12.595 
 13.518 14.408 15.518 16.502 17.503 18.719 19.71 20.823 22.004 23.211 
 24.332 25.702 27.026 28.411 29.817 30.995 32.116 33.126 34.209 35.326 
 36.4 37.314 38.223 38.91 39.514 39.907 39.982 40.056 40.131 40.205 
 40.28 40.355 40.429 40.504 40.291 39.699 38.988 38.205 37.496 36.885 
 36.099 35.189 34.603 34.297 33.807 32.902 32.591 32.001 31.493 31.006 
 30.501 30.686 30.872 31.057 31.242 31.427 32.309 33.311 33.609 34.412 
 35.003 35.304 35.317 35.809 36.303 36.506 36.6 35.605 34.487 33.7 
 13.026 
12992 12992 12991 12978 12959 12941 12918 12894 12864 12827 
 12791 12754 12718 12673 12618 12561 12499 12438 12368 12298 
 12220 12141 12054 11963 11875 11780 11681 11583 11470 11356 
 11235 11101 10960 10805 10640 10464 10273 10056 9809.8 9527 
 9199 8834.8 8420.9 7999.5 7548.9 7126.4 6717.2 6336.8 5988.6 5657 
 5357.1 5065.1 4794.6 4539.9 4295.8 4069.7 3861 3670.5 3484.7 3312.3 
 3149.3 2989.3 2829.6 2680.6 2538.5 2402.2 2273.9 2154.7 2039.4 1929.1 
 1823.5 1721.5 1622.9 1525.9 1432.6 1339.8 1249.1 1158.4 1068 984.87 
 903.46 822.31 733.1 626.19 504.26 376.93 248.87 132.29 25.461 6.7688 
 4.9092 4.8109 4.7107 4.8097 4.7217 5.2162 5.9084 6.3219 7.123 7.8333 
 8.4279 9.1182 9.9288 10.741 11.624 12.54 13.533 14.342 15.149 16.032 
 17.056 18.043 19.269 20.646 22.25 24.084 25.869 27.686 29.363 30.981 
 32.292 33.273 34.09 34.878 35.077 34.978 34.977 34.979 35.077 34.967 
 34.477 33.869 33.239 31.96 30.518 28.25 25.92 23.703 21.733 20.112 
 18.841 18.643 18.745 20.557 23.015 25.679 28.414 30.762 32.393 33.907 
 35.188 36.824 38.688 40.512 41.988 43.308 44.515 45.204 46.015 46.615 
 47.11 47.603 48.007 48.114 48.406 48.316 48.712 49.512 49.612 49.914 
 50.11 50.314 50.171 50.029 49.886 49.744 49.601 48.404 46.77 45.192 
 13.026 
12992 12992 12983 12971 12956 12936 12918 12894 12871 12843 
 12812 12773 12735 12686 12635 12574 12508 12438 12367 12293 
 12217 12147 12070 11983 11898 11803 11703 11607 11499 11383 
 11262 11133 10999 10857 10706 10538 10363 10160 9940.2 9687.7 
 9406.1 9084.7 8737.8 8357.1 7946.5 7507.4 7071.5 6605.9 6147 5694.4 
 5270.2 4874.5 4507.6 4182.4 3883.5 3616.5 3366.1 3146.8 2927.7 2709.3 
 2523.7 2349.9 2195.7 2057.3 1938.1 1836.2 1746.1 1666.6 1595.4 1533.9 
 1482.2 1438.5 1398.6 1358.5 1315.4 1268.6 1214.8 1151.9 1074.6 985.83 
 884.38 779.29 673.29 571.06 476.04 378.83 270.65 164.69 73.467 12.862 
 11.396 9.9299 8.4637 6.9974 5.5311 5.7278 5.9326 6.1329 6.5385 7.0315 
 7.6401 7.9496 8.4439 9.1548 9.7467 10.866 12.152 12.974 14.3 15.673 
 16.998 17.982 18.797 19.391 19.579 15.31 11.655 11.604 14.957 18.911 
 20.645 22.907 24.86 27.535 29.661 31.539 32.765 33.667 34.062 34.471 
 34.864 35.067 35.265 35.262 34.651 34.06 33.857 33.644 33.051 32.996 
 32.941 32.885 32.83 32.775 32.719 32.664 32.609 32.553 31.725 30.009 
 28.73 27.914 27.226 26.72 26.314 26.395 26.476 26.557 26.638 26.719 
 26.8 26.881 26.962 27.043 27.642 28.556 29.441 29.948 30.243 30.341 
 30.243 30.24 30.043 29.024 28.134 27.207 26.013 24.613 23.184 21.991 
 13.026 
12992 12993 12987 12972 12954 12934 12912 12891 12868 12842 
 12809 12771 12726 12678 12629 12573 12507 12439 12373 12304 
 12230 12158 12068 11984 11895 11807 11709 11605 11496 11379 
 11252 11123 10990 10844 10689 10525 10354 10161 9950 9709.1 
 9436.6 9136.7 8791.2 8405.9 7994.3 7579.8 7176.8 6798.7 6442.8 6112.3 
 5809.3 5514.6 5235.4 4968.6 4712.5 4459.4 4216.2 3981.9 3759.7 3545.9 
 3346.1 3155.5 2986.3 2817.5 2659.8 2515.3 2381.8 2252.3 2123.9 1994.8 
 1871.1 1751.7 1642.8 1539.2 1443.7 1352.4 1262.8 1174.2 1089.1 1005.3 
 924.31 846.96 767.46 678.34 576.18 468.24 351.83 232.62 116.66 20.427 
 5.1089 4.9107 5.0096 5.02 5.6115 6.1127 6.7206 7.3152 7.823 8.4162 
 9.2224 9.627 10.12 10.826 11.026 11.735 12.718 13.93 14.548 15.832 
 16.347 17.129 17.535 17.634 17.595 17.555 17.516 17.477 17.437 17.763 
 21.832 26.736 30.067 30.66 30.962 31.259 31.766 32.067 32.263 32.568 
 32.516 32.464 32.412 32.36 32.308 32.256 32.204 32.152 31.646 29.076 
 25.555 23.123 21.648 18.732 17.897 18.503 19.108 19.714 20.32 20.925 
 20.236 19.627 19.138 18.327 17.411 16.425 15.513 14.727 14.018 13.509 
 12.721 12.228 12.124 12.126 12.225 12.339 13.026 13.441 14.128 14.227 
 14.247 14.267 14.288 14.308 14.329 14.33 14.426 13.928 13.621 13.325 
 13.026 
