IESNA:LM-63-2002
[TEST] JDE240301-B
[TESTLAB] Ningbo TengLi Testing Co., Ltd
[TESTDATE] 07 March 2024
[ISSUEDATE] 2024-03-08
[NEARFIELD] 
[LAMPPOSITION] 0,0
[OTHER] EVERFINE GO-R5000_V2 SYSTEM
[MANUFAC] Torshare Ltd.
[LUMCAT]  TS-LHB5-4FT300W-H-TCP(0%,4000K)
[LUMINAIRE] High Bay Luminaires (Commercial and Industrial)
[OTHER] Input Voltage=120.0 PF=0.9941 THD=8.02
[OTHER] Gamma(deg)    Fz(lm)      Ft(lm)     %Lum    %Lamp
[OTHER]   0- 10      1757.16     1757.16     4.30     4.30
[OTHER]  10- 20      5057.68     6814.84    16.67    16.67
[OTHER]  20- 30      7729.43    14544.28    35.58    35.58
[OTHER]  30- 40      9101.87    23646.15    57.85    57.85
[OTHER]  40- 50      7290.43    30936.58    75.68    75.68
[OTHER]  50- 60      4468.21    35404.79    86.61    86.61
[OTHER]  60- 70      2881.68    38286.46    93.66    93.66
[OTHER]  70- 80      1879.97    40166.44    98.26    98.26
[OTHER]  80- 90       587.75    40754.19    99.70    99.70
[OTHER]  90-100         8.03    40762.21    99.72    99.72
[OTHER] 100-110        11.51    40773.73    99.75    99.75
[OTHER] 110-120        16.38    40790.11    99.79    99.79
[OTHER] 120-130        19.44    40809.55    99.84    99.84
[OTHER] 130-140        20.80    40830.35    99.89    99.89
[OTHER] 140-150        18.90    40849.25    99.93    99.93
[OTHER] 150-160        14.69    40863.94    99.97    99.97
[OTHER] 160-170         9.17    40873.11    99.99    99.99
[OTHER] 170-180         3.69    40876.79   100.00   100.00
[OTHER] 
TILT=NONE
1 -1 1 181 17 1 2 0.305 1.150 0.000
1.000 1 295.8
0.0    1.0    2.0    3.0    4.0    5.0    6.0    7.0    8.0    9.0    
 10.0   11.0   12.0   13.0   14.0   15.0   16.0   17.0   18.0   19.0   
 20.0   21.0   22.0   23.0   24.0   25.0   26.0   27.0   28.0   29.0   
 30.0   31.0   32.0   33.0   34.0   35.0   36.0   37.0   38.0   39.0   
 40.0   41.0   42.0   43.0   44.0   45.0   46.0   47.0   48.0   49.0   
 50.0   51.0   52.0   53.0   54.0   55.0   56.0   57.0   58.0   59.0   
 60.0   61.0   62.0   63.0   64.0   65.0   66.0   67.0   68.0   69.0   
 70.0   71.0   72.0   73.0   74.0   75.0   76.0   77.0   78.0   79.0   
 80.0   81.0   82.0   83.0   84.0   85.0   86.0   87.0   88.0   89.0   
 90.0   91.0   92.0   93.0   94.0   95.0   96.0   97.0   98.0   99.0   
 100.0  101.0  102.0  103.0  104.0  105.0  106.0  107.0  108.0  109.0  
 110.0  111.0  112.0  113.0  114.0  115.0  116.0  117.0  118.0  119.0  
 120.0  121.0  122.0  123.0  124.0  125.0  126.0  127.0  128.0  129.0  
 130.0  131.0  132.0  133.0  134.0  135.0  136.0  137.0  138.0  139.0  
 140.0  141.0  142.0  143.0  144.0  145.0  146.0  147.0  148.0  149.0  
 150.0  151.0  152.0  153.0  154.0  155.0  156.0  157.0  158.0  159.0  
 160.0  161.0  162.0  163.0  164.0  165.0  166.0  167.0  168.0  169.0  
 170.0  171.0  172.0  173.0  174.0  175.0  176.0  177.0  178.0  179.0  
 180.0  
0.0    22.5   45.0   67.5   90.0   112.5  135.0  157.5  180.0  202.5  
 225.0  247.5  270.0  292.5  315.0  337.5  360.0  
18552 18549 18544 18534 18518 18493 18459 18422 18381 18332 
 18275 18213 18154 18082 18008 17926 17843 17750 17661 17558 
 17452 17341 17226 17104 16979 16839 16691 16533 16372 16211 
 16030 15844 15644 15427 15193 14941 14668 14367 14024 13633 
 13182 12652 12058 11401 10727 10068 9466.6 8938.1 8451.9 8020.4 
 7614.2 7220.5 6838.6 6478.3 6117.3 5770 5437.8 5128.1 4829.2 4560.1 
 4315.9 4092.6 3882.1 3677.4 3496.2 3335.5 3180.4 3012.5 2837.6 2674.2 
 2510.7 2347.6 2210.2 2081.2 1962.4 1848.4 1738.1 1626.1 1512.7 1401.4 
 1299.3 1208 1114.2 1001.6 871.46 725.67 572.21 409.86 248.19 93.038 
 11.509 10.387 10.729 11.951 12.545 13.407 14.028 14.97 15.846 16.61 
 17.744 18.44 19.035 19.294 19.309 19.324 19.339 19.354 19.028 18.702 
 18.376 18.05 17.724 17.398 16.701 15.464 13.681 10.971 8.0679 7.355 
 7.2701 7.269 7.2644 7.1625 7.0605 6.9586 6.8567 6.7548 7.0945 7.8758 
 7.9603 8.0483 8.1336 8.4794 8.7436 8.9984 9.1738 9.3644 9.555 9.7456 
 9.9362 10.127 10.296 10.817 11.073 11.942 12.205 12.545 12.808 12.893 
 12.894 13.064 13.584 13.848 14.102 14.154 14.207 14.259 14.311 14.363 
 14.452 14.537 14.797 14.883 15.058 15.228 15.403 15.744 16.442 17.055 
 17.738 18.085 18.033 17.98 17.928 17.875 17.823 17.306 16.539 16.268 
 16.015 
18552 18545 18539 18526 18508 18483 18448 18411 18371 18328 
 18274 18215 18152 18079 18009 17928 17850 17760 17672 17579 
 17476 17368 17251 17130 16999 16865 16722 16567 16404 16227 
 16040 15845 15631 15411 15164 14898 14612 14297 13948 13543 
 13088 12590 12041 11450 10810 10150 9463.2 8776.2 8105.3 7450.4 
 6863.3 6326.5 5868.6 5464.7 5102.4 4771.1 4460.5 4166.5 3887.2 3630.3 
 3389.6 3174.2 2982.7 2820.5 2696.3 2572.1 2448.2 2347 2255.7 2175.7 
 2106.5 2047.7 1994.7 1935.6 1874.8 1807.9 1732.1 1640.1 1530.8 1407 
 1270 1124.2 979.75 850.15 729.52 612.15 486.58 346.97 185.55 46.632 
 39.104 31.576 24.048 16.52 8.9923 9.4282 9.694 9.9524 10.398 11.085 
 11.529 12.139 12.309 12.486 12.572 13.105 13.876 15.196 16.432 17.46 
 18.162 17.962 17.762 17.561 17.361 17.161 14.928 14.239 15.098 16.68 
 17.291 17.547 18.974 21.115 24.015 24.142 24.268 24.395 24.521 24.647 
 24.774 24.9 25.027 25.153 25.279 25.2 25.121 25.042 24.963 24.883 
 25.056 25.229 25.402 25.575 25.748 25.843 26.103 26.07 26.038 26.006 
 25.974 25.941 25.909 25.877 25.844 25.664 25.047 24.532 24.355 24.511 
 24.666 24.822 24.977 25.133 26.723 27.84 28.897 29.845 30.995 31.781 
 31.953 31.503 30.3 29.238 28.635 27.658 26.704 25.578 24.372 23.48 
 16.015 
18552 18542 18535 18520 18507 18484 18451 18412 18372 18326 
 18272 18207 18146 18079 18007 17923 17835 17749 17652 17548 
 17436 17321 17196 17066 16925 16783 16631 16470 16304 16128 
 15948 15751 15542 15313 15065 14782 14481 14134 13741 13283 
 12767 12188 11547 10892 10230 9613.4 9052.5 8537.2 8071.2 7623.9 
 7192.2 6759.5 6349.1 5961.1 5591.7 5262.9 4959.7 4692 4442.5 4218.5 
 4003.8 3800.5 3607 3425.2 3259 3102.2 2957.5 2824 2693.8 2563.7 
 2440.3 2315.8 2200.6 2091.1 1988.7 1887.5 1782.2 1671.1 1554 1431 
 1307.1 1186.9 1066.6 938.16 794.97 630.04 455.06 284.82 72.902 9.1307 
 8.8004 8.4702 8.14 7.8098 7.4796 7.1494 6.8192 6.9939 7.6234 8.2332 
 8.8583 9.4802 10.003 10.968 11.598 12.489 13.009 13.546 14.087 14.784 
 15.51 16.547 17.713 18.851 19.923 21.005 22.308 23.564 25.049 25.77 
 26.475 26.736 26.83 27.178 27.447 27.709 27.833 27.957 28.082 28.206 
 27.874 27.542 27.21 26.878 26.546 25.677 25.231 25.145 25.144 25.932 
 26.91 27.988 28.77 29.75 31.06 32.589 34.202 35.667 37.017 38.234 
 39.221 40.007 40.459 40.726 40.813 40.814 40.899 40.723 39.834 39.49 
 39.308 39.678 40.049 40.419 40.79 41.16 42.849 44.922 46.838 48.267 
 49.487 50.821 50.48 50.139 49.798 49.457 49.116 48.776 47.465 46.472 
 16.015 
18552 18546 18527 18507 18483 18455 18426 18394 18353 18300 
 18245 18182 18117 18040 17960 17872 17777 17678 17570 17462 
 17347 17226 17101 16971 16832 16692 16540 16377 16196 16009 
 15807 15598 15373 15127 14868 14553 14211 13797 13325 12779 
 12170 11528 10872 10255 9680.4 9162.5 8702.5 8276.6 7873.3 7486.4 
 7122.6 6759 6393.2 6039 5693.6 5378.5 5088.3 4835 4606.9 4394.1 
 4187.3 3979.5 3774.6 3570.5 3380.5 3199 3034.4 2881.7 2743.5 2605.7 
 2488.5 2374.8 2262.7 2148 2030.3 1914 1794.2 1675 1549.9 1422.2 
 1284.2 1153.7 1008.8 859.13 695.83 533.28 371.36 121.84 21.744 6.069 
 5.2184 5.2302 5.242 5.2537 5.2655 5.2772 5.289 5.3008 5.3125 5.6668 
 5.8555 6.564 7.0224 7.4832 8.276 8.5561 9.0889 9.8135 10.36 11.155 
 11.89 12.687 13.147 13.856 14.309 15.039 15.66 16.569 17.366 18.455 
 19.183 20.067 21.159 21.867 22.774 23.66 24.575 25.57 26.19 27.099 
 27.715 28.442 28.975 29.159 29.279 29.399 29.519 29.639 29.759 29.76 
 29.762 29.764 29.766 29.768 29.769 29.771 29.773 29.775 29.777 29.778 
 29.78 29.155 28.164 26.99 26.458 26.098 25.738 25.649 25.559 25.471 
 25.565 25.919 26.848 28.481 31.237 33.04 34.479 35.829 37.1 38.354 
 39.439 40.594 41.135 41.494 41.953 42.755 43.104 42.826 42.107 41.477 
 16.015 
18552 18544 18534 18512 18494 18465 18440 18407 18364 18320 
 18271 18204 18144 18064 17987 17897 17803 17706 17598 17496 
 17377 17267 17144 17005 16867 16710 16553 16371 16199 16010 
 15816 15609 15387 15140 14845 14516 14119 13661 13157 12614 
 12030 11451 10863 10257 9635.7 8967 8276.6 7585.7 6947.7 6381.4 
 5955.4 5529.4 5104.7 4786.6 4481.8 4206.5 3944.3 3698.5 3470.6 3259.3 
 3075.2 2914.9 2780.1 2666 2569.6 2482.2 2404.4 2333.4 2266.5 2194 
 2116.2 2031.2 1945.5 1859.9 1769.6 1668.4 1555.1 1433.1 1303 1173.2 
 1046.9 928.06 812.42 694.03 571.66 438.99 282.39 86.147 13.768 3.1277 
 3.2154 3.1283 3.1647 3.201 3.2374 3.2738 3.3101 3.3122 3.4026 3.6796 
 3.7779 4.0487 4.4188 4.691 4.9702 5.1492 5.3365 5.7055 5.8882 6.17 
 6.6206 6.8101 7.1818 7.6363 8.1914 8.5514 9.0151 9.4836 9.9359 10.305 
 10.669 11.135 11.701 12.425 13.174 14.193 15.28 16.463 17.58 18.776 
 19.588 20.424 21.151 21.711 22.447 22.988 23.462 24.003 24.37 25.02 
 25.479 26.036 26.86 27.402 27.584 27.587 27.865 28.136 28.317 28.499 
 28.68 28.861 29.042 28.406 28.044 27.952 27.951 27.862 27.951 27.768 
 27.584 27.396 27.021 26.383 25.908 24.916 24.737 25.017 25.955 27.321 
 29.547 31.824 33.017 34.308 35.59 36.516 37.514 37.235 36.87 36.687 
 16.015 
18552 18558 18547 18533 18510 18485 18453 18421 18375 18327 
 18272 18206 18141 18075 17986 17903 17802 17708 17597 17485 
 17370 17249 17124 16988 16845 16688 16525 16355 16172 15990 
 15797 15596 15384 15146 14873 14567 14209 13796 13333 12802 
 12227 11611 10953 10254 9570.3 8943.1 8406.1 7920.9 7468.8 7023.7 
 6610.1 6220.4 5873.6 5578.1 5283.4 4988.8 4761.5 4564.5 4386.1 4224.4 
 4063.9 3902.2 3733.5 3561.4 3393.1 3235.6 3086.3 2945 2805.3 2668.3 
 2534.9 2399.6 2263.6 2125.3 1984.8 1841.8 1701.3 1567.9 1438.8 1314.9 
 1193.9 1073.4 945.31 803.55 650.95 487.98 320.22 98.253 19.039 4.0357 
 3.7821 3.804 3.8259 3.8478 3.8697 3.8916 3.9134 3.9353 3.9572 4.1397 
 4.4116 4.7649 5.1279 5.4825 5.7611 6.2114 6.5653 6.9314 7.2878 7.5603 
 7.9135 8.2795 8.6408 9.2582 9.8082 10.513 11.155 11.794 12.414 13.225 
 13.941 14.579 15.396 16.191 17.191 18.336 19.436 20.41 21.323 21.968 
 22.587 23.047 23.664 24.216 24.403 24.491 24.494 24.757 25.29 26.38 
 27.443 28.717 28.773 28.828 28.884 28.939 28.995 29.05 29.106 29.161 
 29.217 29.273 29.005 28.729 28.726 28.462 27.846 27.68 27.514 27.348 
 27.182 27.016 26.841 26.213 25.505 24.414 24.493 24.673 25.469 26.544 
 28.685 30.841 32.118 33.365 34.657 35.557 37.001 36.658 36.301 35.846 
 16.015 
18552 18548 18537 18520 18494 18459 18422 18384 18342 18299 
 18233 18170 18098 18023 17939 17856 17763 17660 17554 17440 
 17320 17188 17056 16918 16778 16631 16481 16309 16133 15953 
 15752 15543 15327 15097 14845 14570 14261 13918 13533 13083 
 12531 11856 11063 10287 9658.3 9124.4 8627.8 8186.2 7780.8 7401.4 
 7033.6 6667.6 6294.1 5909.3 5529.5 5149.6 4769.8 4501.7 4267.3 4052.3 
 3858 3676.8 3514.7 3370.1 3240.8 3111.1 2977.2 2840.6 2696.4 2551 
 2410.7 2277 2156.3 2045.2 1941.4 1836.6 1730.3 1622.3 1511.9 1408.1 
 1305.5 1200.6 1082.6 947.02 788.32 605.67 421.34 207.77 37.144 5.8657 
 4.3785 4.2926 4.3812 4.4678 4.4684 4.5546 4.7299 4.9968 5.3398 5.6113 
 6.0512 6.3951 6.8367 7.2678 7.8905 8.3169 8.9329 9.4678 9.9004 10.604 
 11.121 11.831 12.447 13.314 14.2 15.143 16.117 17.013 18.223 19.367 
 20.233 20.939 21.116 21.288 21.557 22.157 22.782 23.555 24.267 24.885 
 25.49 26.552 27.673 28.563 29.449 30.48 31.194 31.71 32.149 32.239 
 32.325 32.328 32.499 32.589 32.944 33.287 33.828 34.51 35.043 35.647 
 36.529 37.396 37.581 37.669 37.568 36.796 36.273 36.181 36.177 35.748 
 35.217 34.784 34.165 33.374 33.101 32.237 31.283 31.365 32.634 35.96 
 38.699 41.19 42.328 43.107 43.716 44.067 44.671 44.146 43.539 43.193 
 16.015 
18552 18553 18541 18516 18488 18452 18417 18378 18330 18275 
 18213 18142 18073 17999 17918 17835 17748 17653 17552 17449 
 17337 17217 17085 16949 16806 16662 16502 16345 16174 15992 
 15799 15590 15371 15132 14890 14623 14344 14047 13724 13346 
 12912 12398 11773 11112 10501 9857.1 9144.7 8365.9 7547.5 6779.7 
 6177.1 5745.2 5313.3 4882.9 4559.9 4248.6 3947.9 3667.2 3401.1 3158.5 
 2936.3 2728 2550.2 2408.5 2302.2 2222.9 2167.6 2130.5 2113.4 2112.6 
 2123.5 2145.1 2161.7 2149.2 2100.2 2013.9 1893.4 1732.8 1541.3 1344 
 1146 967.14 808.57 687.53 604.79 526.8 428.3 299.77 141.79 12.181 
 5.0376 5.2931 5.468 5.559 5.9039 6.3298 6.5937 6.8592 7.1989 7.5522 
 7.9931 8.6763 9.2033 9.9718 10.766 11.616 12.663 13.724 14.752 15.797 
 16.393 17.185 18.14 19.001 19.356 19.801 20.653 21.698 21.538 21.378 
 21.218 21.058 20.898 19.876 19.874 19.959 20.829 22.793 24.21 25.61 
 26.546 27.604 29.141 30.726 32.997 34.866 36.551 37.917 38.785 39.576 
 39.917 40.358 40.781 41.22 41.746 42.257 42.793 43.385 43.412 43.439 
 43.466 43.493 43.52 43.547 43.574 43.602 43.629 43.656 42.867 42.246 
 41.224 39.94 38.88 38.09 37.043 35.755 35.676 36.361 41.558 48.563 
 52.3 54.866 56.214 56.584 56.756 56.842 56.671 55.525 53.979 53.034 
 16.015 
18552 18556 18540 18520 18496 18467 18432 18391 18339 18284 
 18227 18168 18106 18030 17956 17875 17786 17698 17602 17505 
 17394 17268 17158 17025 16879 16738 16582 16425 16254 16084 
 15894 15696 15489 15260 15026 14783 14516 14227 13909 13553 
 13144 12670 12103 11386 10570 9801.5 9178.4 8662.2 8214.2 7780.2 
 7360.2 6962 6565.6 6173 5798.4 5455.3 5112.5 4769.6 4500 4267.4 
 4070.8 3904.1 3758.6 3618.7 3478.8 3353.1 3226.6 3093 2946.3 2779.7 
 2592.9 2388.9 2176.2 1969.3 1767.8 1575.5 1378.5 1210.7 1073.2 971.85 
 918.1 894.98 869.06 823.96 750.35 633.05 490.67 334.86 179.01 37.719 
 5.9738 6.23 6.6663 7.0168 7.5277 7.8824 8.392 9.0094 9.7676 10.641 
 11.523 12.548 13.594 14.9 16.01 17.291 18.776 20.087 21.611 23.454 
 25 25.962 26.047 26.49 27.172 27.086 27.084 26.48 26.224 26.039 
 25.169 23.873 22.841 21.866 20.406 18.947 18.359 17.772 17.184 16.778 
 16.372 15.966 15.56 15.154 13.693 12.633 12.464 12.464 12.725 13.073 
 13.506 14.182 14.892 15.311 15.843 16.528 17.128 17.561 17.567 17.658 
 17.915 18.34 18.602 19.036 19.741 20.423 20.594 20.852 21.716 22.913 
 24.065 25.42 26.384 26.911 27.44 27.957 28.381 29.246 32.199 35.054 
 35.912 34.617 34.095 33.238 32.792 32.451 32.451 32.183 31.671 31.072 
 16.015 
18552 18552 18550 18528 18506 18484 18458 18426 18379 18331 
 18271 18218 18159 18091 18015 17939 17856 17765 17663 17569 
 17467 17358 17239 17115 16977 16832 16680 16520 16351 16171 
 15983 15786 15569 15335 15089 14824 14544 14241 13913 13521 
 13066 12528 11895 11259 10618 9946.7 9221.6 8415.7 7613.7 6880.5 
 6294.7 5820 5439.4 5060.5 4681.5 4364 4066.6 3792.1 3535.8 3298.4 
 3074.7 2870.4 2689.4 2539.1 2421.7 2332.4 2265.7 2224.1 2207.4 2207.1 
 2214.2 2218.5 2210.5 2179.6 2118.5 2022.4 1895.4 1742.3 1565.4 1374.8 
 1184.4 1000.8 840.01 709.77 611.4 511.87 397.97 269.87 123.26 13.369 
 11.865 10.36 8.8552 7.3506 5.8459 6.0232 6.2011 6.4574 6.8931 7.2432 
 7.679 8.2855 8.981 9.7676 10.644 11.694 12.909 14.125 15.523 16.917 
 17.897 18.594 19.748 21.02 21.988 22.35 22.87 23.825 23.92 23.75 
 23.392 22.873 22.44 20.892 20.265 20.168 21.311 23.829 26.235 27.908 
 28.727 29.248 30.032 31.754 33.764 35.894 37.381 38.681 39.461 39.375 
 39.46 39.282 38.847 38.492 37.886 37.45 36.678 35.981 35.108 33.938 
 32.558 30.668 28.843 27.856 26.788 25.663 23.682 21.084 18.616 18.591 
 18.567 18.542 18.518 18.493 18.469 18.444 18.42 18.768 18.943 19.118 
 19.293 19.468 19.643 19.299 18.857 18.771 18.857 18.237 17.461 16.598 
 16.015 
18552 18553 18553 18541 18516 18490 18459 18427 18388 18346 
 18288 18227 18168 18101 18041 17970 17894 17799 17708 17613 
 17507 17399 17281 17153 17026 16892 16750 16594 16426 16250 
 16061 15858 15650 15420 15164 14881 14568 14211 13802 13307 
 12668 11933 11182 10503 9878.3 9316.4 8807.1 8332.9 7913.3 7495.7 
 7089.8 6675.7 6246.1 5869.1 5492.4 5115.6 4738.8 4477.3 4239.3 4019.7 
 3820 3631.9 3464.3 3317.6 3183 3059.6 2942.3 2829.2 2709.7 2582.6 
 2453.8 2324.9 2199.8 2076.8 1959.8 1841.4 1721.4 1601.2 1479.1 1361.4 
 1244.8 1134.7 1014.6 878.45 728.17 563.77 387.89 208.22 38.732 31.853 
 24.975 18.096 11.218 4.3392 4.427 4.5136 4.7775 5.1374 5.484 5.9323 
 6.2019 6.6352 7.0839 7.5183 7.8816 8.2376 8.672 9.0346 9.4726 10.092 
 10.721 11.332 11.957 12.918 13.725 14.592 15.489 16.656 17.611 18.326 
 18.853 19.123 19.217 19.652 20.099 20.533 20.894 21.763 22.566 23.555 
 24.865 26.031 27.192 27.974 28.69 29.385 29.838 30.097 30.538 30.902 
 31.251 31.786 32.413 33.195 34.094 34.784 35.866 37.681 39.663 41.149 
 42.395 43.827 44.52 44.709 44.627 44.732 44.837 44.941 45.046 45.151 
 44.801 43.819 42.512 41.248 40 39.945 39.891 39.836 39.782 39.727 
 39.839 39.128 37.881 36.125 33.829 31.615 29.605 27.966 25.688 23.928 
 16.015 
18552 18558 18555 18549 18527 18502 18474 18436 18392 18349 
 18294 18239 18184 18122 18056 17979 17900 17810 17715 17623 
 17520 17418 17307 17184 17058 16919 16769 16604 16436 16259 
 16068 15859 15631 15373 15081 14745 14365 13915 13418 12858 
 12228 11550 10824 10128 9514.1 8979.6 8477.1 8007.5 7564.6 7133.1 
 6718.7 6336 5981.5 5687 5392.7 5098.6 4874.5 4671.9 4476.6 4288.8 
 4108.4 3922.5 3735.6 3553.4 3378.9 3209.6 3044.8 2886.6 2724.8 2563.3 
 2408.5 2256.3 2109.4 1966.3 1836.5 1705.8 1574.2 1454.9 1353.3 1265 
 1175.6 1080.9 967.72 833.92 677.14 500.9 320.26 111.11 22.739 18.929 
 15.12 11.31 7.5006 6.8105 6.1204 5.4304 4.7403 4.0502 4.2269 4.5905 
 4.8646 5.305 5.7599 6.1151 6.5721 6.934 7.2864 7.7413 8.0994 8.3706 
 8.8123 9.1797 9.6331 10.255 10.801 11.33 11.967 12.516 13.046 13.589 
 13.946 14.489 15.038 15.656 16.565 17.62 18.538 19.6 20.426 20.972 
 21.592 21.958 22.403 22.859 23.04 23.128 23.406 24.199 24.831 25.475 
 26.272 27.004 27.619 28.075 28.081 28.434 28.717 29.153 29.786 30.157 
 30.685 31.662 32.927 34.463 35.824 35.823 35.821 35.82 35.819 35.818 
 35.73 35.729 35.55 35.099 34.829 34.74 34.739 35.008 38.647 43.322 
 46.309 48.431 49.508 50.129 50.039 50.038 49.418 48.592 47.704 47.078 
 16.015 
18552 18545 18538 18520 18500 18475 18441 18395 18354 18301 
 18246 18189 18122 18049 17979 17898 17811 17720 17627 17527 
 17425 17316 17200 17073 16936 16795 16641 16464 16288 16095 
 15888 15680 15434 15152 14827 14446 14008 13527 12988 12436 
 11863 11280 10647 9975.5 9251.4 8503.4 7776.5 7110.3 6538.2 6045.6 
 5630.9 5264.3 4929.7 4620.8 4327.6 4050.6 3789.6 3542.2 3315.9 3109.1 
 2934.5 2792.2 2650.2 2541.1 2439.2 2349.3 2269.7 2197.2 2130.9 2065.7 
 2000.3 1931.2 1860 1777.4 1680 1568.9 1443.6 1313.2 1183.3 1061.1 
 948.6 847.61 751.22 649.16 531.06 395.2 250.79 74.93 19.262 5.0604 
 4.4187 4.4135 4.4845 4.5556 4.6266 4.6977 4.7687 4.8397 4.9108 4.9818 
 5.0529 5.5939 5.9715 6.3435 7.0626 7.171 7.6222 8.5347 8.7343 9.2729 
 9.9263 10.65 11.306 12.209 13.131 14.155 15.063 15.992 17.077 18.01 
 19.029 20.112 20.868 21.951 23.064 24.063 25.179 26.295 27.471 28.499 
 29.489 30.149 30.874 31.705 32.182 32.272 32.363 32.454 32.545 32.636 
 33.001 33.285 33.555 33.651 33.831 33.837 33.928 34.109 34.029 33.949 
 33.869 33.789 33.71 33.63 33.55 33.47 33.469 33.198 32.826 32.202 
 32 31.642 31.54 31.627 33.355 34.365 35.385 36.473 36.594 36.952 
 38.422 39.508 39.719 39.811 39.996 39.997 39.446 38.27 37.425 36.615 
 16.015 
18552 18555 18543 18527 18503 18481 18454 18415 18366 18318 
 18265 18204 18139 18072 17996 17908 17822 17731 17621 17528 
 17423 17310 17193 17065 16934 16791 16638 16474 16292 16104 
 15894 15675 15433 15166 14870 14512 14106 13628 13074 12467 
 11825 11163 10509 9899.2 9329.4 8808 8339 7889.5 7451.2 7013.7 
 6590.5 6170.9 5772.2 5416.2 5105.1 4840.4 4603.2 4388.8 4181.7 3984.5 
 3797.1 3616.1 3443.9 3269.6 3107.8 2960.6 2838.7 2716.7 2595.3 2494.4 
 2395.6 2296.7 2192.7 2083.5 1967.4 1846.1 1721.6 1593 1466.9 1340.9 
 1216 1090.8 961.19 820.47 668.56 501.34 324.86 106.34 24.509 6.2062 
 4.8627 4.942 5.0212 5.1005 5.1798 5.259 5.3383 5.4176 5.4968 5.6774 
 6.2327 6.9376 7.3965 8.0263 8.3822 9.0202 9.5534 10.1 10.914 11.534 
 12.268 12.981 13.968 14.329 15.315 15.786 16.677 17.675 18.563 19.56 
 20.385 21.446 22.547 23.698 24.789 25.941 27.128 28.126 29.012 29.927 
 30.805 31.63 32.69 32.966 33.418 33.681 33.775 34.039 33.953 34.042 
 34.131 34.22 34.309 34.322 34.336 34.35 34.364 34.378 34.392 34.126 
 33.76 33.227 32.866 32.681 32.416 32.136 31.583 30.873 30.158 29.896 
 29.62 29.357 29.468 30.545 33.189 35.313 37.123 38.483 39.379 41.014 
 42.52 43.983 45.482 46.224 47.189 47.363 47.241 45.905 44.93 44.289 
 16.015 
18552 18546 18544 18532 18518 18491 18460 18425 18388 18337 
 18284 18226 18156 18087 18009 17937 17855 17763 17667 17566 
 17456 17345 17224 17096 16962 16822 16676 16525 16361 16185 
 16000 15806 15590 15349 15088 14795 14466 14078 13625 13099 
 12488 11823 11116 10450 9830.5 9281.8 8794.8 8337.1 7902.6 7485.8 
 7075.6 6665 6278.6 5910.6 5573.4 5254 4968.5 4696.6 4447.4 4205.3 
 3974.8 3745.6 3539.3 3337.6 3148.7 2980.5 2833.8 2703.4 2573 2442.7 
 2323.3 2208.8 2098 1989.4 1879.4 1767.9 1654.8 1540.6 1433.1 1330.2 
 1229.8 1128.6 1018.1 896.73 759.66 608.36 433.02 251.79 55.141 12.179 
 5.869 5.9039 5.9388 5.9737 6.0087 6.0436 6.5625 7.2684 8.0589 8.6625 
 9.3749 9.8921 10.6 11.311 12.168 12.794 13.75 14.191 14.896 15.238 
 15.945 16.465 17.266 18.301 19.439 20.774 22.07 23.488 24.953 26.283 
 27.429 28.288 29.092 29.781 30.399 30.657 30.574 30.928 31.273 31.542 
 31.884 32.15 32.151 32.238 32.23 31.627 30.834 29.979 29.174 28.394 
 28.581 28.769 28.956 29.144 29.331 29.519 30.941 32.138 33.389 34.761 
 36 37.468 38.799 40.395 41.767 42.034 42.301 42.568 42.834 43.101 
 43.102 43.361 43.887 45.184 46.873 48.077 49.749 51.305 52.995 54.414 
 55.797 57.47 57.816 57.817 57.644 57.039 56.586 55.804 54.422 53.172 
 16.015 
18552 18553 18550 18540 18524 18500 18464 18429 18390 18341 
 18286 18222 18156 18084 18012 17926 17839 17755 17660 17563 
 17456 17343 17231 17107 16982 16849 16710 16559 16396 16224 
 16038 15847 15645 15425 15186 14921 14632 14305 13926 13497 
 13016 12474 11881 11237 10559 9851.5 9138.4 8424.9 7741.7 7103.9 
 6547.5 6056.3 5635.5 5254.3 4907.2 4579.2 4272.1 3977.9 3694.7 3430.7 
 3189.9 2970.6 2785.3 2636.3 2487.7 2373.7 2267 2172.6 2095.9 2033.4 
 1981.6 1936.9 1890.3 1839.4 1783.1 1716.7 1638 1541.6 1430.6 1303.8 
 1167.2 1027.6 893.47 776.16 669.78 560.71 442.17 308.69 169.16 34.875 
 8.9371 8.7662 8.8516 9.3741 9.6296 10.065 10.323 10.848 11.022 11.45 
 11.977 12.233 12.41 12.849 13.274 13.719 14.832 15.799 16.936 18.041 
 19.268 19.524 20.05 20.478 20.481 17.414 14.931 14.583 15.009 15.534 
 15.649 17.863 21.929 26.455 28.642 30.184 31.503 31.853 31.927 32.001 
 32.075 32.149 32.223 32.297 32.371 32.425 32.479 32.533 32.587 32.64 
 32.694 32.748 32.802 33.064 33.321 34.194 34.972 34.951 34.929 34.908 
 34.887 34.865 34.844 34.823 34.802 34.104 33.491 33.064 32.629 32.545 
 32.195 32.025 32.11 33.138 34.891 36.001 37.052 37.848 38.529 38.532 
 38.618 37.918 36.979 36.267 35.582 34.726 33.573 32.454 31.087 30.111 
 16.015 
18552 18549 18544 18534 18518 18493 18459 18422 18381 18332 
 18275 18213 18154 18082 18008 17926 17843 17750 17661 17558 
 17452 17341 17226 17104 16979 16839 16691 16533 16372 16211 
 16030 15844 15644 15427 15193 14941 14668 14367 14024 13633 
 13182 12652 12058 11401 10727 10068 9466.6 8938.1 8451.9 8020.4 
 7614.2 7220.5 6838.6 6478.3 6117.3 5770 5437.8 5128.1 4829.2 4560.1 
 4315.9 4092.6 3882.1 3677.4 3496.2 3335.5 3180.4 3012.5 2837.6 2674.2 
 2510.7 2347.6 2210.2 2081.2 1962.4 1848.4 1738.1 1626.1 1512.7 1401.4 
 1299.3 1208 1114.2 1001.6 871.46 725.67 572.21 409.86 248.19 93.038 
 11.509 10.387 10.729 11.951 12.545 13.407 14.028 14.97 15.846 16.61 
 17.744 18.44 19.035 19.294 19.309 19.324 19.339 19.354 19.028 18.702 
 18.376 18.05 17.724 17.398 16.701 15.464 13.681 10.971 8.0679 7.355 
 7.2701 7.269 7.2644 7.1625 7.0605 6.9586 6.8567 6.7548 7.0945 7.8758 
 7.9603 8.0483 8.1336 8.4794 8.7436 8.9984 9.1738 9.3644 9.555 9.7456 
 9.9362 10.127 10.296 10.817 11.073 11.942 12.205 12.545 12.808 12.893 
 12.894 13.064 13.584 13.848 14.102 14.154 14.207 14.259 14.311 14.363 
 14.452 14.537 14.797 14.883 15.058 15.228 15.403 15.744 16.442 17.055 
 17.738 18.085 18.033 17.98 17.928 17.875 17.823 17.306 16.539 16.268 
 16.015 
