IESNA:LM-63-2002
[TEST] JDE230802-B
[TESTLAB] Ningbo TengLi Testing Co., Ltd
[TESTDATE] 16 August 2023
[ISSUEDATE] 2023-08-24 17:08:33
[NEARFIELD] 
[LAMPPOSITION] 0,0
[OTHER] EVERFINE GO-R5000_V2 SYSTEM
[MANUFAC] Torshare Ltd.
[LUMCAT]  TS-ST4-8FT80W-H1-TCP(0%,3500K)
[LUMINAIRE] Direct Linear Ambient Luminaires
[OTHER] Input Voltage=120.0 PF=0.9938 THD=6.12
[OTHER] Gamma(deg)    Fz(lm)      Ft(lm)     %Lum    %Lamp
[OTHER]   0- 10       128.12      128.12     2.52     2.52
[OTHER]  10- 20       368.50      496.62     9.78     9.78
[OTHER]  20- 30       563.36     1059.98    20.87    20.87
[OTHER]  30- 40       690.11     1750.10    34.45    34.45
[OTHER]  40- 50       737.85     2487.95    48.98    48.98
[OTHER]  50- 60       708.23     3196.18    62.92    62.92
[OTHER]  60- 70       613.59     3809.76    75.00    75.00
[OTHER]  70- 80       477.09     4286.86    84.39    84.39
[OTHER]  80- 90       334.52     4621.38    90.98    90.98
[OTHER]  90-100       202.03     4823.41    94.96    94.96
[OTHER] 100-110        64.70     4888.10    96.23    96.23
[OTHER] 110-120        82.67     4970.78    97.86    97.86
[OTHER] 120-130        51.71     5022.49    98.88    98.88
[OTHER] 130-140        30.28     5052.77    99.47    99.47
[OTHER] 140-150        17.46     5070.23    99.82    99.82
[OTHER] 150-160         5.61     5075.85    99.93    99.93
[OTHER] 160-170         2.94     5078.79    99.99    99.99
[OTHER] 170-180         0.76     5079.55   100.00   100.00
[OTHER] 
TILT=NONE
1 -1 2.01 181 17 1 2 0.075 2.440 0.040
1.000 1 40.8
0.0    1.0    2.0    3.0    4.0    5.0    6.0    7.0    8.0    9.0    
 10.0   11.0   12.0   13.0   14.0   15.0   16.0   17.0   18.0   19.0   
 20.0   21.0   22.0   23.0   24.0   25.0   26.0   27.0   28.0   29.0   
 30.0   31.0   32.0   33.0   34.0   35.0   36.0   37.0   38.0   39.0   
 40.0   41.0   42.0   43.0   44.0   45.0   46.0   47.0   48.0   49.0   
 50.0   51.0   52.0   53.0   54.0   55.0   56.0   57.0   58.0   59.0   
 60.0   61.0   62.0   63.0   64.0   65.0   66.0   67.0   68.0   69.0   
 70.0   71.0   72.0   73.0   74.0   75.0   76.0   77.0   78.0   79.0   
 80.0   81.0   82.0   83.0   84.0   85.0   86.0   87.0   88.0   89.0   
 90.0   91.0   92.0   93.0   94.0   95.0   96.0   97.0   98.0   99.0   
 100.0  101.0  102.0  103.0  104.0  105.0  106.0  107.0  108.0  109.0  
 110.0  111.0  112.0  113.0  114.0  115.0  116.0  117.0  118.0  119.0  
 120.0  121.0  122.0  123.0  124.0  125.0  126.0  127.0  128.0  129.0  
 130.0  131.0  132.0  133.0  134.0  135.0  136.0  137.0  138.0  139.0  
 140.0  141.0  142.0  143.0  144.0  145.0  146.0  147.0  148.0  149.0  
 150.0  151.0  152.0  153.0  154.0  155.0  156.0  157.0  158.0  159.0  
 160.0  161.0  162.0  163.0  164.0  165.0  166.0  167.0  168.0  169.0  
 170.0  171.0  172.0  173.0  174.0  175.0  176.0  177.0  178.0  179.0  
 180.0  
0.0    22.5   45.0   67.5   90.0   112.5  135.0  157.5  180.0  202.5  
 225.0  247.5  270.0  292.5  315.0  337.5  360.0  
1352.88  1353.94  1352.09  1348.62  1345.94  1344.13  1342.06  1337.66  1331.71  1327.18  
 1319.42  1311.77  1306.55  1300.25  1289.12  1280.18  1271.67  1260.93  1250.01  1238.12  
 1227.61  1214.51  1200.99  1189.63  1176.75  1160.49  1147.97  1131.97  1116.76  1100.82  
 1085.13  1068.23  1050.84  1034.98  1016.50  997.73   982.32   964.32   945.04   926.25   
 907.63   886.68   867.36   848.91   829.76   810.15   789.97   767.45   749.61   728.87   
 707.29   689.36   666.95   646.75   626.07   605.46   585.24   563.85   543.66   522.29   
 502.38   482.39   461.35   440.94   419.01   398.45   378.60   358.20   337.69   316.80   
 297.68   277.62   257.06   237.56   219.06   199.88   181.66   163.67   145.80   128.83   
 112.48   97.04    81.67    67.86    55.24    44.09    33.92    25.95    19.88    16.00    
 14.34    14.18    14.18    14.20    14.28    14.31    14.38    14.64    14.89    14.97    
 15.02    15.02    15.05    15.00    14.89    14.79    14.72    14.71    14.61    14.42    
 14.31    14.18    13.80    13.47    12.97    12.43    11.74    11.06    10.28    9.48     
 8.69     7.81     6.98     6.48     6.08     5.75     5.39     5.03     4.82     4.82     
 5.30     5.91     6.73     7.62     8.38     8.98     9.56     10.07    10.49    10.88    
 11.07    11.52    11.88    12.06    12.16    12.16    12.09    11.78    11.53    11.35    
 11.27    11.17    10.99    10.71    10.56    10.33    10.15    9.84     9.67     8.65     
 6.90     6.56     6.55     6.91     7.80     8.11     8.41     8.57     8.79     8.90     
 9.22     9.24     9.26     9.27     9.29     9.31     9.33     9.33     9.38     9.36     
 9.33     
1352.88  1352.05  1349.07  1349.64  1347.49  1346.12  1342.01  1341.09  1335.39  1332.34  
 1325.78  1320.03  1315.34  1309.52  1299.96  1292.96  1287.13  1276.00  1268.63  1260.21  
 1249.12  1238.45  1227.36  1215.83  1202.36  1189.19  1176.19  1161.76  1148.22  1134.75  
 1118.24  1104.99  1088.94  1072.28  1057.96  1038.75  1023.24  1006.15  987.95   971.42   
 953.95   935.57   917.94   899.96   881.55   861.36   844.54   824.34   806.42   786.51   
 767.90   748.24   729.86   710.13   691.08   671.35   652.27   632.99   613.95   594.97   
 575.92   557.01   538.33   519.77   502.15   483.18   464.71   446.61   428.65   410.43   
 392.90   376.39   359.39   343.56   327.08   311.59   296.40   281.23   266.69   252.84   
 239.11   225.74   212.75   200.74   189.08   177.71   167.87   157.72   147.94   139.36   
 131.26   123.86   116.56   108.49   83.91    52.67    41.99    42.96    47.04    44.29    
 42.97    41.88    41.09    40.29    39.47    38.37    37.14    36.17    35.44    34.91    
 34.16    33.49    32.60    31.67    30.61    29.55    28.43    27.25    26.07    24.96    
 23.91    22.89    21.95    21.02    19.67    19.31    18.88    18.52    18.36    16.50    
 7.89     7.15     7.53     7.81     8.16     8.56     8.88     9.31     14.08    18.74    
 19.07    19.08    18.60    17.99    17.49    16.85    16.27    15.63    15.03    14.49    
 13.90    13.20    12.59    12.06    11.53    11.19    10.79    10.36    9.22     8.59     
 8.39     8.34     8.41     8.42     8.42     8.42     8.42     8.42     8.42     8.11     
 7.80     7.59     7.54     7.51     7.71     7.75     7.95     8.05     8.16     8.16     
 9.33     
1352.88  1349.83  1347.77  1348.07  1343.42  1341.54  1339.08  1337.20  1334.27  1329.08  
 1323.74  1319.92  1316.59  1309.58  1304.93  1297.63  1291.72  1284.66  1277.97  1268.82  
 1261.65  1252.30  1246.19  1235.89  1227.14  1217.27  1208.16  1197.16  1186.30  1175.77  
 1164.28  1152.04  1143.16  1129.41  1115.80  1105.53  1091.01  1080.46  1064.44  1049.36  
 1037.01  1023.46  1010.99  994.51   978.36   964.21   950.54   931.62   917.00   903.16   
 886.99   869.83   853.65   837.59   823.35   803.64   789.22   770.48   756.46   738.03   
 722.02   704.96   688.17   669.75   654.30   635.92   619.90   604.27   586.46   570.38   
 554.47   539.48   522.98   507.37   491.93   477.04   462.53   447.26   433.01   418.55   
 404.50   390.53   376.99   363.85   350.45   337.60   325.49   313.15   301.46   289.60   
 278.40   267.71   258.00   248.23   238.38   228.93   206.00   159.41   104.67   46.75    
 25.22    22.89    41.74    68.33    99.30    103.72   102.02   100.50   98.68    96.54    
 94.44    92.13    89.82    87.30    84.81    82.21    79.56    76.87    74.21    71.57    
 69.18    66.82    64.51    62.33    60.20    58.21    56.19    54.16    52.29    50.48    
 48.72    46.90    45.27    43.57    41.95    40.28    38.72    37.21    35.87    34.44    
 32.84    30.65    29.69    28.43    27.18    26.24    20.20    3.08     2.83     2.59     
 2.35     2.10     1.86     2.17     12.22    15.13    14.75    14.02    13.22    12.70    
 12.18    11.45    10.84    10.26    9.90     9.69     9.55     9.26     8.93     8.56     
 8.32     8.10     7.94     7.52     6.77     6.47     6.38     6.40     6.77     6.86     
 9.33     
1352.88  1353.70  1351.13  1349.20  1348.01  1344.49  1341.75  1340.07  1338.35  1332.55  
 1330.77  1325.60  1321.26  1314.85  1308.99  1304.72  1297.98  1292.19  1285.18  1278.60  
 1270.37  1262.80  1254.06  1248.21  1239.72  1230.15  1222.34  1212.90  1201.40  1193.34  
 1182.05  1173.78  1165.15  1151.34  1142.32  1129.44  1119.38  1106.98  1095.18  1084.61  
 1072.02  1059.39  1048.00  1035.18  1022.59  1009.45  996.26   982.58   969.41   956.78   
 942.24   928.30   913.61   899.49   886.26   872.17   856.65   842.76   826.69   811.37   
 797.65   782.06   766.86   751.62   735.81   719.86   704.60   691.02   675.56   659.12   
 643.36   625.60   610.86   595.60   580.25   564.90   548.33   533.94   518.23   504.62   
 489.49   475.00   460.35   446.31   432.74   419.43   405.91   393.31   380.72   367.85   
 355.23   343.26   331.62   321.36   310.87   301.01   290.86   280.26   244.49   191.20   
 133.12   72.87    13.71    2.70     3.04     29.53    66.34    105.44   148.41   157.51   
 152.85   148.21   143.63   138.65   134.16   129.27   124.90   120.44   116.22   112.18   
 107.93   104.14   100.25   96.71    93.01    89.51    86.04    82.95    79.75    76.78    
 73.80    70.94    68.22    65.52    63.11    60.53    58.24    56.07    53.82    51.85    
 49.73    47.51    45.39    43.36    41.43    39.58    37.73    35.95    33.43    31.72    
 30.40    28.80    27.62    15.74    2.19     1.96     1.93     1.90     1.93     2.88     
 15.32    15.20    14.32    13.61    12.91    12.04    11.17    10.39    9.94     9.60     
 9.19     8.79     8.29     7.89     7.64     6.97     6.38     6.16     6.27     6.71     
 9.33     
1352.88  1351.31  1351.37  1348.16  1346.57  1344.24  1341.88  1344.50  1341.24  1334.68  
 1335.89  1332.95  1326.45  1324.75  1319.59  1317.20  1308.78  1305.38  1301.26  1292.78  
 1287.60  1282.96  1275.03  1269.32  1262.17  1255.10  1248.85  1236.99  1229.85  1221.61  
 1212.57  1206.30  1193.15  1185.46  1176.01  1165.89  1153.79  1144.28  1133.68  1124.59  
 1112.57  1102.10  1090.76  1079.31  1066.87  1051.07  1041.05  1030.26  1016.71  1002.56  
 991.57   976.88   964.16   951.17   934.64   921.68   907.56   892.10   879.25   864.15   
 847.13   833.77   817.41   802.89   786.87   770.68   755.61   740.24   723.65   708.34   
 691.90   676.24   660.16   643.15   628.48   612.56   596.58   580.47   565.38   549.46   
 533.44   519.06   503.86   488.88   474.77   460.53   446.49   432.76   419.40   406.31   
 393.44   381.25   369.02   357.60   346.30   335.21   324.26   313.67   300.84   254.67   
 198.43   141.06   81.05    21.12    2.68     3.03     23.12    60.58    100.67   143.53   
 179.64   174.43   168.49   162.64   157.00   151.55   146.11   140.80   135.45   130.29   
 125.56   120.87   116.46   111.99   107.99   103.94   100.19   96.10    92.42    88.91    
 85.24    81.89    78.65    75.61    72.78    69.97    67.30    64.59    61.88    59.46    
 57.03    54.64    52.32    50.13    47.93    45.75    43.55    41.44    39.34    37.30    
 35.01    32.70    31.40    29.68    27.97    15.63    1.78     2.85     3.93     5.01     
 6.09     7.17     15.79    14.97    14.01    13.23    12.42    11.71    10.98    10.31    
 9.72     9.26     8.67     8.11     7.69     7.41     6.62     5.97     5.72     5.30     
 9.33     
1352.88  1353.68  1354.83  1352.73  1350.16  1347.95  1351.51  1345.16  1341.36  1340.77  
 1338.24  1331.76  1328.88  1327.45  1323.12  1317.00  1314.37  1307.32  1302.16  1296.28  
 1289.06  1282.06  1274.53  1268.72  1259.12  1252.29  1245.43  1236.30  1228.32  1218.84  
 1210.05  1197.54  1188.57  1180.01  1168.64  1158.91  1150.50  1136.93  1125.34  1112.66  
 1102.63  1089.57  1076.74  1064.97  1053.20  1038.45  1025.86  1013.12  1000.03  986.22   
 971.42   958.33   943.99   928.95   914.32   899.28   886.22   870.81   854.56   839.73   
 823.52   808.55   793.02   777.23   760.52   744.30   728.88   712.34   696.15   680.00   
 664.62   648.20   632.36   615.97   600.76   584.55   569.28   552.66   538.29   522.72   
 507.47   491.89   476.66   462.42   448.67   434.88   420.91   407.36   394.06   380.62   
 367.75   355.08   342.72   331.11   319.64   309.01   297.98   286.63   256.70   200.21   
 142.64   79.82    20.12    2.60     3.32     28.68    65.69    105.95   148.56   159.95   
 154.69   149.78   145.03   140.26   135.29   130.48   125.79   121.18   116.59   112.40   
 108.41   104.32   100.26   96.48    92.75    89.18    85.68    82.49    79.33    76.35    
 73.47    70.73    67.99    65.36    62.95    60.45    58.17    55.82    53.78    51.62    
 49.73    47.61    45.73    43.85    42.05    40.38    38.61    36.93    35.32    33.59    
 32.06    30.62    29.06    27.47    19.22    2.26     1.94     1.89     1.88     1.86     
 2.26     11.71    15.75    14.87    13.96    13.23    12.40    11.72    10.92    10.22    
 9.61     9.16     8.64     8.17     7.62     7.34     6.58     5.96     5.59     5.21     
 9.33     
1352.88  1350.55  1353.68  1351.95  1349.74  1351.56  1349.23  1348.95  1341.89  1340.50  
 1336.72  1334.21  1327.85  1323.54  1318.94  1312.95  1306.61  1302.12  1292.36  1287.75  
 1278.97  1272.44  1264.35  1255.45  1248.38  1237.32  1227.76  1215.43  1206.89  1198.18  
 1185.65  1174.04  1161.97  1150.44  1139.52  1124.43  1110.69  1098.93  1083.77  1069.51  
 1054.54  1038.95  1026.57  1009.38  993.08   977.95   962.81   947.67   930.12   914.27   
 896.38   879.49   862.99   847.10   829.37   811.98   794.69   777.99   760.38   743.08   
 725.50   708.22   691.40   674.30   656.78   640.86   624.17   607.54   590.35   574.24   
 558.80   542.15   526.50   510.08   494.40   479.26   463.82   448.52   434.26   419.15   
 404.66   390.42   376.76   363.71   350.53   337.41   324.79   312.50   301.20   289.21   
 277.74   266.68   256.11   245.91   235.89   226.08   209.29   164.68   111.91   55.62    
 30.69    28.12    45.69    70.97    98.94    101.91   100.42   98.73    96.72    94.47    
 91.80    89.08    86.37    83.54    80.73    77.84    75.08    72.29    69.62    67.13    
 64.76    62.30    60.22    58.31    56.39    54.53    52.73    50.97    49.12    47.46    
 45.81    44.22    42.34    40.58    38.91    37.43    36.26    35.24    33.95    32.77    
 31.60    30.31    29.19    28.28    27.24    26.46    25.62    23.16    20.14    17.12    
 14.10    11.08    8.06     5.04     2.02     2.02     2.18     5.41     14.80    14.74    
 14.31    13.80    13.09    12.58    12.05    11.43    10.84    10.44    9.94     9.55     
 8.84     8.25     7.92     7.50     7.23     6.77     6.02     5.89     6.00     6.29     
 9.33     
1352.88  1351.03  1350.20  1350.11  1347.94  1347.30  1344.27  1338.72  1336.43  1330.31  
 1326.77  1321.36  1312.90  1307.11  1299.76  1289.65  1284.77  1274.73  1266.72  1255.08  
 1243.84  1233.89  1224.20  1209.13  1197.76  1185.56  1173.15  1158.16  1141.87  1129.88  
 1114.40  1098.15  1082.57  1067.15  1051.06  1035.47  1018.53  1001.11  982.76   966.75   
 948.78   931.39   915.12   895.63   876.45   857.57   840.41   820.38   802.86   783.15   
 763.88   745.12   725.86   706.50   687.33   668.24   649.19   629.67   611.48   592.77   
 573.50   554.37   535.40   516.94   499.10   480.36   461.36   443.27   425.60   407.69   
 389.78   372.16   355.49   339.36   322.62   306.50   291.34   275.75   261.52   245.87   
 232.82   219.47   206.57   194.34   182.63   171.11   160.17   150.09   140.44   131.35   
 122.96   115.13   107.59   100.05   81.01    52.91    41.70    41.08    42.64    39.97    
 38.53    37.45    36.51    35.65    34.69    33.55    32.73    32.02    31.53    31.23    
 30.82    30.48    29.98    29.44    28.71    27.91    26.84    25.68    24.48    23.53    
 22.51    21.45    20.26    19.12    18.28    17.32    16.44    15.05    8.26     5.00     
 5.03     5.21     5.52     5.77     6.00     6.18     6.46     11.10    13.92    13.92    
 13.87    13.84    13.74    13.56    13.20    12.92    12.57    12.23    11.87    11.43    
 11.19    11.00    10.89    10.81    10.59    10.54    10.44    10.41    10.11    9.95     
 9.70     9.62     9.39     9.24     9.14     8.83     8.73     8.43     8.25     8.00     
 7.79     7.62     7.45     6.97     6.35     6.10     6.20     6.35     6.42     6.42     
 9.33     
1352.88  1354.77  1351.94  1353.34  1350.28  1346.43  1346.25  1341.91  1335.96  1330.45  
 1326.34  1319.53  1311.85  1305.68  1298.29  1288.74  1279.82  1272.28  1258.96  1249.18  
 1237.76  1226.09  1213.68  1201.86  1186.95  1173.67  1159.65  1145.78  1131.98  1114.25  
 1099.94  1085.67  1067.77  1050.58  1032.90  1016.21  999.05   981.00   963.00   942.16   
 923.39   904.94   885.97   867.65   848.63   827.91   807.58   786.47   768.02   747.06   
 725.42   706.67   685.41   664.59   643.22   622.41   601.39   581.59   560.38   538.99   
 518.30   497.71   476.63   457.04   435.32   414.30   393.55   372.81   352.98   332.44   
 312.39   292.03   272.05   251.55   232.76   213.09   194.28   175.17   157.34   139.82   
 122.69   106.51   91.31    76.04    62.64    50.31    39.54    30.28    23.08    17.93    
 15.01    13.79    13.77    13.74    13.72    13.69    13.67    13.64    13.62    13.62    
 13.77    13.82    13.87    14.03    14.18    14.26    14.18    14.18    14.28    14.27    
 14.08    13.90    13.71    13.52    13.34    13.03    12.69    12.37    11.71    11.05    
 10.40    9.67     9.10     8.38     7.58     6.93     6.36     5.90     5.48     5.23     
 5.18     5.21     5.33     5.65     6.18     6.53     7.00     7.35     7.76     8.11     
 8.52     8.88     9.16     9.52     9.91     10.25    10.36    10.41    10.46    10.40    
 10.04    9.57     8.89     8.44     8.16     7.93     7.65     7.45     7.19     6.96     
 6.86     6.85     6.85     6.84     6.84     6.83     6.83     6.82     6.82     6.81     
 6.81     6.84     6.99     7.20     7.35     7.55     7.70     7.68     7.68     7.60     
 9.33     
1352.88  1353.44  1354.23  1353.90  1352.52  1349.91  1345.97  1345.83  1340.26  1336.66  
 1333.30  1329.62  1321.43  1314.40  1310.53  1306.23  1295.04  1286.84  1279.79  1270.42  
 1262.40  1252.51  1241.08  1229.60  1219.52  1208.59  1196.21  1183.28  1171.45  1157.44  
 1143.93  1128.90  1114.77  1097.34  1083.49  1067.25  1050.80  1033.58  1019.23  1001.62  
 982.81   966.56   947.46   929.13   911.12   892.63   872.57   854.93   834.29   815.63   
 794.83   778.02   758.11   737.89   718.77   699.50   679.19   659.88   639.12   620.57   
 601.52   582.04   562.77   543.42   524.76   506.49   487.37   469.44   451.55   433.62   
 416.11   397.92   380.99   364.24   346.94   330.61   315.25   299.32   284.21   269.85   
 255.42   242.15   229.01   216.67   204.58   193.08   182.22   171.59   162.16   152.80   
 144.33   136.34   128.75   120.94   101.89   69.80    46.36    42.19    45.51    47.85    
 46.63    45.67    44.86    44.15    43.39    42.70    41.58    40.36    39.34    38.51    
 37.83    37.20    36.49    35.81    34.94    34.04    33.04    32.04    30.97    29.93    
 28.79    27.69    26.61    25.65    24.61    23.57    22.63    21.84    21.45    20.70    
 20.46    19.87    10.97    5.94     6.25     6.54     6.92     7.31     7.64     8.11     
 13.57    17.86    17.68    17.53    17.45    17.19    15.94    14.86    14.69    13.49    
 12.57    12.59    11.84    11.31    10.50    10.07    9.81     9.44     8.98     8.56     
 8.31     7.04     6.53     6.64     6.75     7.12     7.75     8.06     8.34     8.68     
 8.96     9.12     9.40     9.61     9.73     9.73     9.58     9.50     9.45     9.42     
 9.33     
1352.88  1352.12  1352.38  1351.78  1349.58  1347.86  1347.46  1344.45  1345.33  1341.36  
 1335.69  1331.82  1328.19  1323.07  1320.11  1314.89  1310.48  1304.11  1297.75  1289.65  
 1284.89  1274.81  1268.85  1259.44  1252.89  1244.83  1236.52  1226.09  1215.89  1206.49  
 1195.28  1185.80  1174.84  1162.50  1150.38  1138.60  1125.23  1113.71  1100.76  1087.06  
 1073.55  1058.08  1044.80  1029.78  1016.60  1002.18  987.40   972.16   956.63   941.29   
 925.38   909.37   893.02   875.73   860.88   844.22   827.80   810.79   794.95   777.81   
 760.96   744.74   727.44   711.89   694.76   677.78   661.11   644.46   628.63   611.54   
 595.03   578.79   562.64   546.50   530.52   514.65   499.12   483.55   467.82   453.22   
 438.28   423.73   409.29   395.07   381.60   367.89   354.79   342.18   330.05   317.89   
 306.74   295.89   285.06   274.31   263.95   253.47   231.68   183.93   129.82   71.22    
 30.88    27.73    44.01    67.52    95.56    119.19   117.46   115.71   113.67   111.18   
 108.44   105.46   102.41   99.33    96.10    92.83    89.43    85.93    82.69    79.58    
 76.80    74.03    71.53    69.33    67.29    65.22    63.22    61.39    59.54    57.67    
 55.99    54.38    52.79    51.30    49.79    48.29    46.81    45.45    43.90    42.42    
 40.81    39.23    37.65    36.04    34.59    33.03    29.57    8.65     5.33     5.30     
 5.33     5.33     6.11     18.71    17.88    16.66    15.64    13.92    11.96    10.14    
 9.73     9.31     9.33     10.47    10.63    10.59    10.17    10.00    9.82     9.82     
 9.42     9.28     9.01     8.96     8.83     8.88     9.01     8.96     8.93     8.79     
 9.33     
1352.88  1355.34  1355.95  1353.90  1353.18  1352.99  1352.00  1348.98  1346.89  1344.94  
 1344.07  1338.89  1338.75  1335.27  1331.80  1329.08  1324.64  1318.37  1315.83  1308.58  
 1302.85  1295.45  1292.28  1284.49  1278.63  1270.83  1260.65  1254.74  1246.34  1238.37  
 1229.59  1221.01  1210.47  1202.39  1193.44  1180.67  1171.65  1160.85  1150.46  1138.68  
 1127.32  1115.76  1104.60  1092.82  1080.41  1068.66  1056.34  1043.61  1029.31  1017.23  
 1003.77  989.33   976.38   961.91   948.28   934.27   919.86   905.24   891.40   875.07   
 860.69   846.31   830.11   815.09   798.55   783.15   767.08   750.99   735.65   719.25   
 703.90   687.67   671.43   655.49   639.10   623.77   607.05   590.98   575.08   559.22   
 543.75   527.96   512.63   497.72   483.10   468.21   454.11   439.99   426.60   412.95   
 399.85   387.90   376.20   363.54   351.42   340.02   328.61   314.37   269.39   209.46   
 148.75   86.04    24.53    4.23     5.89     36.09    72.73    110.29   150.83   177.71   
 172.94   167.88   162.81   157.73   152.84   147.89   142.93   138.13   133.49   128.80   
 124.16   120.16   115.73   111.60   107.32   103.30   99.45    95.66    91.80    88.21    
 84.91    81.60    78.56    75.35    72.54    69.69    66.96    64.20    61.70    59.20    
 56.73    54.30    52.18    49.89    47.76    45.63    43.56    41.32    39.32    37.24    
 35.17    33.25    30.53    9.14     2.66     2.80     3.00     3.23     4.95     19.65    
 18.21    16.83    15.78    14.61    13.63    12.53    11.56    10.60    9.45     8.97     
 8.45     8.39     8.34     7.91     7.72     7.53     7.53     7.50     7.41     7.13     
 9.33     
1352.88  1354.07  1354.10  1351.50  1351.20  1347.34  1349.99  1347.87  1347.76  1343.91  
 1340.41  1339.57  1334.36  1328.79  1327.65  1322.46  1318.79  1313.32  1306.84  1300.78  
 1294.14  1291.70  1289.36  1279.07  1272.90  1263.29  1254.60  1251.57  1241.94  1233.97  
 1224.20  1214.55  1205.98  1195.88  1185.34  1177.57  1165.12  1154.06  1143.66  1134.61  
 1123.44  1112.34  1101.17  1090.04  1075.22  1063.64  1053.97  1040.76  1026.24  1015.89  
 1002.26  989.39   976.47   961.51   947.98   935.11   921.29   906.55   891.01   876.91   
 861.96   847.48   832.25   815.21   799.86   785.42   769.60   752.88   737.17   720.92   
 704.84   688.52   673.70   656.99   641.53   623.96   608.31   591.79   574.90   558.90   
 543.79   528.56   513.64   497.76   483.12   467.98   454.35   439.44   425.94   412.80   
 399.02   386.50   373.61   362.50   350.81   339.54   328.00   316.80   286.47   232.14   
 176.10   117.97   59.96    8.16     2.43     8.26     42.31    79.18    118.29   157.97   
 181.45   176.36   169.97   163.99   158.21   152.61   147.19   141.83   136.50   131.45   
 126.82   122.17   117.61   113.50   109.24   105.26   101.30   97.50    93.83    90.25    
 86.70    83.35    79.94    76.78    73.82    70.92    68.09    65.29    62.56    59.98    
 57.52    55.04    52.87    50.73    48.52    46.47    44.44    42.51    40.59    38.68    
 36.97    35.25    33.58    31.96    30.47    23.67    2.61     1.71     1.66     1.63     
 1.66     2.63     16.47    16.48    15.58    14.68    13.74    12.88    12.04    11.27    
 10.53    9.84     9.20     8.74     8.33     8.01     7.72     7.36     6.91     5.36     
 9.33     
1352.88  1354.37  1352.27  1351.91  1350.04  1352.72  1348.70  1345.09  1343.90  1342.45  
 1336.84  1337.93  1333.62  1328.82  1324.31  1318.90  1312.01  1307.37  1301.93  1295.93  
 1290.28  1283.57  1277.70  1270.13  1260.36  1253.40  1243.34  1235.38  1228.32  1217.95  
 1210.30  1198.45  1189.60  1179.89  1167.28  1157.45  1147.01  1134.46  1124.44  1114.10  
 1102.90  1089.55  1074.52  1063.60  1050.28  1037.09  1024.61  1011.50  999.20   984.27   
 971.96   957.41   943.25   929.35   915.50   900.49   886.18   871.01   857.59   841.18   
 826.22   810.30   795.04   780.33   764.27   748.60   733.22   716.76   700.70   685.86   
 668.81   652.64   636.87   620.65   604.22   588.00   572.96   557.17   541.40   525.71   
 510.19   494.66   479.92   465.02   450.82   436.80   423.45   409.89   396.59   383.83   
 371.90   359.88   347.19   335.39   324.68   313.37   302.39   283.75   233.34   177.36   
 119.21   58.53    8.30     4.10     14.12    47.31    83.12    121.78   160.66   163.61   
 159.27   154.59   149.95   145.16   140.72   135.98   131.33   126.66   122.14   117.79   
 113.66   109.71   105.86   102.02   98.24    94.71    91.08    87.81    84.44    81.23    
 78.07    75.27    72.35    69.60    66.88    64.30    61.86    59.43    57.07    54.87    
 52.71    50.61    48.64    46.66    44.82    42.83    41.08    39.14    37.37    35.56    
 33.83    32.20    30.73    27.95    6.40     2.31     3.54     4.77     6.01     7.24     
 8.47     17.10    16.59    15.68    14.78    13.93    13.03    12.08    11.09    10.08    
 9.27     8.42     7.72     7.18     6.74     6.52     6.13     5.99     6.12     6.51     
 9.33     
1352.88  1349.76  1348.97  1348.69  1347.37  1346.04  1343.29  1340.53  1339.07  1335.24  
 1328.90  1326.35  1321.81  1313.74  1310.13  1302.46  1296.30  1286.21  1284.50  1278.82  
 1268.70  1260.79  1250.72  1242.98  1236.84  1226.37  1214.32  1204.92  1194.03  1182.41  
 1172.41  1161.38  1150.55  1138.22  1126.41  1112.00  1099.42  1086.44  1072.34  1059.28  
 1043.29  1029.20  1013.93  1000.34  984.72   968.62   954.72   940.54   923.93   909.68   
 890.65   875.34   858.71   843.68   827.10   810.68   792.48   777.76   760.47   742.98   
 727.58   709.63   692.85   676.85   660.46   643.38   625.62   610.34   593.75   576.81   
 560.34   543.04   527.77   512.69   496.52   481.18   466.26   449.85   435.70   420.93   
 406.33   393.20   378.26   364.53   351.59   338.86   325.82   313.51   301.77   290.20   
 279.22   268.84   258.40   248.72   239.33   228.31   190.38   142.71   87.13    36.77    
 28.34    36.92    58.18    85.11    109.11   108.19   106.89   104.68   102.53   100.10   
 97.54    94.81    91.95    89.04    86.02    82.91    79.89    76.68    73.77    71.11    
 68.62    66.50    64.66    63.09    61.43    59.59    57.93    56.34    54.85    53.26    
 51.74    50.27    48.91    47.45    46.01    44.45    42.92    41.42    40.00    38.58    
 37.21    35.93    34.66    33.38    32.10    30.88    29.64    16.54    4.59     4.25     
 4.06     3.59     2.53     1.97     1.96     13.54    16.01    16.02    15.86    14.86    
 13.89    13.01    12.09    11.20    10.49    9.57     9.18     8.99     8.86     8.76     
 8.52     8.25     8.02     7.77     7.51     7.22     6.90     6.71     6.71     6.74     
 9.33     
1352.88  1351.37  1348.79  1348.63  1346.83  1341.12  1340.10  1337.49  1334.01  1326.35  
 1319.45  1316.04  1310.87  1302.60  1295.14  1287.71  1280.19  1269.87  1261.86  1250.95  
 1240.60  1228.70  1217.76  1205.35  1191.94  1181.15  1169.58  1154.79  1140.36  1126.07  
 1110.61  1096.39  1078.92  1062.94  1046.55  1031.08  1015.06  996.76   981.02   963.70   
 945.12   927.15   908.77   890.48   871.52   853.22   834.29   815.43   797.08   779.16   
 758.34   739.20   720.90   700.30   681.25   662.14   642.62   624.10   604.76   585.89   
 566.13   546.56   527.79   508.69   490.39   471.83   453.46   435.31   417.33   399.71   
 382.39   365.20   348.35   332.17   315.44   300.23   284.33   269.83   254.77   240.96   
 227.13   214.32   201.41   189.65   178.27   167.20   157.13   147.56   138.43   129.63   
 121.37   114.35   107.56   95.62    68.74    45.80    40.26    43.42    43.30    41.84    
 40.71    39.79    38.99    38.23    37.20    36.19    35.22    34.42    33.99    33.50    
 33.04    32.42    31.63    30.79    29.82    28.93    27.86    26.75    25.63    24.61    
 23.55    22.61    21.76    20.94    20.29    19.72    19.30    19.13    19.12    15.97    
 7.34     6.96     7.23     7.56     7.90     8.35     8.50     8.81     10.67    18.88    
 19.80    19.86    19.49    18.67    18.14    17.28    16.71    15.20    14.87    14.43    
 13.72    13.15    12.73    12.38    11.92    11.44    11.28    10.59    8.76     8.11     
 7.97     7.95     8.48     9.16     9.19     9.07     8.97     8.89     8.76     8.61     
 8.33     8.06     7.82     7.54     7.32     7.29     7.29     7.29     7.29     7.31     
 9.33     
1352.88  1353.94  1352.09  1348.62  1345.94  1344.13  1342.06  1337.66  1331.71  1327.18  
 1319.42  1311.77  1306.55  1300.25  1289.12  1280.18  1271.67  1260.93  1250.01  1238.12  
 1227.61  1214.51  1200.99  1189.63  1176.75  1160.49  1147.97  1131.97  1116.76  1100.82  
 1085.13  1068.23  1050.84  1034.98  1016.50  997.73   982.32   964.32   945.04   926.25   
 907.63   886.68   867.36   848.91   829.76   810.15   789.97   767.45   749.61   728.87   
 707.29   689.36   666.95   646.75   626.07   605.46   585.24   563.85   543.66   522.29   
 502.38   482.39   461.35   440.94   419.01   398.45   378.60   358.20   337.69   316.80   
 297.68   277.62   257.06   237.56   219.06   199.88   181.66   163.67   145.80   128.83   
 112.48   97.04    81.67    67.86    55.24    44.09    33.92    25.95    19.88    16.00    
 14.34    14.18    14.18    14.20    14.28    14.31    14.38    14.64    14.89    14.97    
 15.02    15.02    15.05    15.00    14.89    14.79    14.72    14.71    14.61    14.42    
 14.31    14.18    13.80    13.47    12.97    12.43    11.74    11.06    10.28    9.48     
 8.69     7.81     6.98     6.48     6.08     5.75     5.39     5.03     4.82     4.82     
 5.30     5.91     6.73     7.62     8.38     8.98     9.56     10.07    10.49    10.88    
 11.07    11.52    11.88    12.06    12.16    12.16    12.09    11.78    11.53    11.35    
 11.27    11.17    10.99    10.71    10.56    10.33    10.15    9.84     9.67     8.65     
 6.90     6.56     6.55     6.91     7.80     8.11     8.41     8.57     8.79     8.90     
 9.22     9.24     9.26     9.27     9.29     9.31     9.33     9.33     9.38     9.36     
 9.33     
