IESNA:LM-63-2002
[TEST] JDE230802-B
[TESTLAB] Ningbo TengLi Testing Co., Ltd
[TESTDATE] 16 August 2023
[ISSUEDATE] 2023-08-24 17:11:17
[NEARFIELD] 
[LAMPPOSITION] 0,0
[OTHER] EVERFINE GO-R5000_V2 SYSTEM
[MANUFAC] Torshare Ltd.
[LUMCAT]  TS-ST4-8FT80W-H1-TCP(0%,3500K)
[LUMINAIRE] Direct Linear Ambient Luminaires
[OTHER] Input Voltage=277.0 PF=0.9473 THD=12.9.4
[OTHER] Gamma(deg)    Fz(lm)      Ft(lm)     %Lum    %Lamp
[OTHER]   0- 10       127.27      127.27     2.52     2.52
[OTHER]  10- 20       366.07      493.34     9.77     9.77
[OTHER]  20- 30       559.71     1053.05    20.86    20.86
[OTHER]  30- 40       685.68     1738.73    34.45    34.45
[OTHER]  40- 50       733.09     2471.81    48.97    48.97
[OTHER]  50- 60       703.85     3175.66    62.91    62.91
[OTHER]  60- 70       609.72     3785.38    74.99    74.99
[OTHER]  70- 80       474.19     4259.57    84.39    84.39
[OTHER]  80- 90       332.47     4592.05    90.98    90.98
[OTHER]  90-100       200.90     4792.95    94.96    94.96
[OTHER] 100-110        64.32     4857.27    96.23    96.23
[OTHER] 110-120        82.22     4939.49    97.86    97.86
[OTHER] 120-130        51.42     4990.91    98.88    98.88
[OTHER] 130-140        30.10     5021.01    99.47    99.47
[OTHER] 140-150        17.33     5038.33    99.82    99.82
[OTHER] 150-160         5.55     5043.89    99.93    99.93
[OTHER] 160-170         2.92     5046.81    99.98    99.98
[OTHER] 170-180         0.76     5047.57   100.00   100.00
[OTHER] 
TILT=NONE
1 -1 2.01 181 17 1 2 0.075 2.440 0.040
1.000 1 41.0
0.0    1.0    2.0    3.0    4.0    5.0    6.0    7.0    8.0    9.0    
 10.0   11.0   12.0   13.0   14.0   15.0   16.0   17.0   18.0   19.0   
 20.0   21.0   22.0   23.0   24.0   25.0   26.0   27.0   28.0   29.0   
 30.0   31.0   32.0   33.0   34.0   35.0   36.0   37.0   38.0   39.0   
 40.0   41.0   42.0   43.0   44.0   45.0   46.0   47.0   48.0   49.0   
 50.0   51.0   52.0   53.0   54.0   55.0   56.0   57.0   58.0   59.0   
 60.0   61.0   62.0   63.0   64.0   65.0   66.0   67.0   68.0   69.0   
 70.0   71.0   72.0   73.0   74.0   75.0   76.0   77.0   78.0   79.0   
 80.0   81.0   82.0   83.0   84.0   85.0   86.0   87.0   88.0   89.0   
 90.0   91.0   92.0   93.0   94.0   95.0   96.0   97.0   98.0   99.0   
 100.0  101.0  102.0  103.0  104.0  105.0  106.0  107.0  108.0  109.0  
 110.0  111.0  112.0  113.0  114.0  115.0  116.0  117.0  118.0  119.0  
 120.0  121.0  122.0  123.0  124.0  125.0  126.0  127.0  128.0  129.0  
 130.0  131.0  132.0  133.0  134.0  135.0  136.0  137.0  138.0  139.0  
 140.0  141.0  142.0  143.0  144.0  145.0  146.0  147.0  148.0  149.0  
 150.0  151.0  152.0  153.0  154.0  155.0  156.0  157.0  158.0  159.0  
 160.0  161.0  162.0  163.0  164.0  165.0  166.0  167.0  168.0  169.0  
 170.0  171.0  172.0  173.0  174.0  175.0  176.0  177.0  178.0  179.0  
 180.0  
0.0    22.5   45.0   67.5   90.0   112.5  135.0  157.5  180.0  202.5  
 225.0  247.5  270.0  292.5  315.0  337.5  360.0  
1343.90  1343.13  1342.18  1341.52  1337.99  1336.85  1331.60  1327.20  1324.75  1316.76  
 1312.08  1305.54  1298.79  1289.71  1281.41  1273.32  1263.46  1253.18  1242.10  1231.62  
 1218.78  1204.47  1194.27  1181.89  1167.90  1154.63  1139.08  1122.89  1107.31  1094.57  
 1078.00  1063.01  1044.63  1029.25  1011.80  993.05   974.36   957.11   938.65   920.04   
 901.51   881.90   862.99   844.43   825.24   805.78   785.68   764.25   745.18   724.67   
 704.83   684.59   663.96   643.89   622.72   603.11   581.90   560.94   540.69   519.55   
 499.76   477.66   457.86   437.31   417.34   396.77   375.87   355.82   335.66   315.35   
 295.28   275.56   256.28   236.61   217.48   198.90   180.48   162.43   144.75   128.15   
 111.39   96.04    81.12    67.45    54.73    43.63    33.70    25.79    19.77    15.88    
 14.26    14.09    14.08    14.13    14.13    14.26    14.38    14.54    14.82    14.89    
 14.86    14.83    14.79    14.76    14.73    14.70    14.59    14.54    14.49    14.34    
 14.21    14.16    13.84    13.43    12.95    12.36    11.70    11.02    10.24    9.45     
 8.64     7.79     6.97     6.47     6.06     5.73     5.37     5.00     4.79     4.76     
 5.26     5.88     6.67     7.58     8.33     8.95     9.46     10.00    10.41    10.83    
 11.01    11.47    11.84    12.00    12.06    12.08    12.03    11.73    11.48    11.30    
 11.22    11.12    10.92    10.70    10.47    10.29    10.09    9.83     9.61     8.58     
 6.85     6.54     6.53     6.86     7.76     8.07     8.36     8.54     8.76     8.89     
 9.17     9.22     9.27     9.27     9.27     9.27     9.27     9.27     9.27     9.30     
 9.30     
1343.90  1342.03  1343.38  1343.31  1340.07  1335.91  1332.31  1330.75  1326.28  1321.83  
 1316.67  1311.95  1305.70  1299.49  1291.21  1281.76  1276.03  1267.53  1258.65  1248.85  
 1239.59  1228.56  1217.64  1205.86  1194.08  1180.77  1168.90  1155.08  1139.44  1126.95  
 1111.93  1095.52  1079.97  1063.13  1048.39  1031.76  1014.64  998.82   983.42   964.64   
 945.69   929.11   912.72   892.72   875.48   857.27   837.85   818.98   800.28   781.61   
 763.08   743.59   723.86   706.04   686.53   666.93   648.07   628.33   610.36   591.49   
 572.86   553.26   533.80   515.34   498.06   479.41   460.69   443.90   425.63   407.87   
 390.26   374.28   356.22   340.78   324.77   309.30   293.94   279.13   264.36   250.10   
 237.17   224.01   211.14   199.09   187.72   176.82   166.40   156.39   146.91   137.99   
 130.20   122.46   115.83   107.41   83.25    52.33    41.97    42.59    46.61    43.85    
 42.72    41.62    40.78    40.02    39.19    38.07    37.02    35.96    35.27    34.79    
 34.05    33.28    32.37    31.53    30.53    29.37    28.29    27.08    25.97    24.82    
 23.71    22.74    21.81    21.03    19.53    19.04    18.68    18.34    18.21    16.11    
 7.64     7.10     7.53     7.76     8.14     8.52     8.83     9.28     14.13    18.69    
 18.97    18.98    18.49    17.93    17.34    16.83    16.22    15.57    14.94    14.42    
 13.84    13.22    12.77    12.20    11.81    11.31    10.86    10.33    9.15     8.53     
 8.25     8.12     8.17     8.14     8.12     8.09     8.07     8.05     8.02     8.00     
 7.74     7.46     7.43     7.43     7.58     7.71     7.89     8.01     8.09     8.12     
 9.30     
1343.90  1341.59  1340.94  1341.13  1338.97  1335.80  1333.33  1329.98  1325.68  1321.96  
 1317.80  1313.02  1309.84  1304.18  1297.37  1290.46  1283.40  1277.23  1269.55  1263.90  
 1256.71  1247.23  1238.34  1231.27  1219.68  1211.53  1201.70  1190.26  1180.61  1169.92  
 1157.88  1148.03  1135.28  1123.70  1111.70  1099.10  1085.96  1073.82  1059.14  1045.95  
 1031.27  1017.72  1003.15  988.03   974.59   959.26   945.10   930.25   913.07   898.93   
 882.51   864.76   850.38   833.54   815.97   800.79   784.53   768.07   751.34   735.83   
 716.97   700.76   683.31   666.64   650.17   633.13   616.73   600.17   584.15   567.07   
 552.38   536.29   520.07   504.33   489.50   474.57   459.79   445.13   430.37   416.43   
 403.08   388.86   374.83   361.72   348.78   336.52   323.91   311.70   299.62   288.14   
 277.25   266.67   256.42   246.78   237.26   227.76   206.06   158.94   104.40   46.57    
 24.98    22.91    41.63    67.59    98.85    103.32   101.59   99.96    98.21    96.30    
 94.01    91.73    89.45    87.09    84.57    81.97    79.26    76.60    73.84    71.32    
 68.96    66.53    64.26    62.13    60.07    57.99    56.03    53.98    52.06    50.20    
 48.53    46.70    45.04    43.29    41.62    39.99    38.46    36.91    35.62    34.23    
 32.69    30.54    29.48    28.31    27.06    26.23    20.09    3.21     1.87     1.85     
 1.85     1.82     1.85     2.18     12.20    15.10    14.70    13.94    13.16    12.66    
 12.12    11.56    10.95    10.55    10.12    9.80     9.37     9.07     8.78     8.57     
 8.35     8.19     7.92     7.41     6.76     6.42     6.37     6.39     6.74     6.79     
 9.30     
1343.90  1342.05  1341.49  1341.36  1339.99  1334.19  1334.31  1329.25  1326.36  1322.80  
 1319.67  1317.38  1309.52  1305.23  1301.06  1294.79  1288.77  1284.33  1276.15  1270.71  
 1263.32  1255.70  1248.06  1240.31  1231.68  1222.11  1214.13  1202.17  1193.29  1184.52  
 1174.75  1163.80  1154.28  1144.11  1131.92  1122.74  1111.58  1099.24  1087.62  1077.62  
 1064.23  1052.43  1040.66  1027.30  1014.70  1000.35  987.67   975.37   960.98   949.03   
 935.28   923.42   906.98   893.12   879.64   865.29   850.13   836.06   820.38   807.29   
 792.11   777.56   761.65   745.59   730.12   713.89   700.69   686.59   668.20   652.36   
 638.87   623.53   607.06   592.18   576.39   561.03   545.78   530.40   514.95   501.07   
 486.42   472.34   457.48   443.19   429.50   416.82   403.22   390.23   377.75   365.05   
 352.90   340.77   329.43   319.02   308.96   298.94   288.78   278.18   244.12   190.25   
 132.90   73.08    14.10    2.85     2.83     29.33    65.39    104.73   147.09   156.98   
 151.99   147.32   142.76   137.83   133.18   128.74   124.26   119.82   115.56   111.43   
 107.49   103.52   99.70    96.06    92.40    89.01    85.52    82.40    79.15    76.20    
 73.31    70.47    67.76    65.14    62.61    60.19    57.89    55.72    53.58    51.44    
 49.34    47.07    44.98    42.92    41.04    39.21    37.38    35.59    33.12    31.37    
 30.07    28.67    27.40    15.17    2.35     1.94     1.92     1.92     1.94     2.91     
 15.15    15.05    14.21    13.45    12.80    12.03    11.22    10.55    9.97     9.41     
 9.24     8.80     8.17     7.86     7.47     6.94     6.33     6.13     6.19     6.61     
 9.30     
1343.90  1344.67  1341.62  1339.46  1338.29  1338.05  1335.79  1333.98  1330.15  1328.84  
 1325.90  1321.85  1315.81  1315.12  1309.10  1303.60  1300.29  1296.86  1289.80  1286.13  
 1281.03  1272.88  1265.15  1261.95  1253.62  1245.55  1238.24  1230.76  1223.23  1214.80  
 1205.80  1195.34  1188.05  1177.59  1168.05  1158.32  1148.57  1138.21  1127.07  1117.05  
 1106.67  1094.55  1083.39  1071.68  1058.81  1046.62  1034.88  1022.67  1009.93  996.97   
 983.68   971.54   956.12   944.67   928.57   915.45   901.32   887.19   871.94   857.78   
 841.72   827.49   812.33   797.18   781.28   766.16   750.29   735.31   719.64   703.45   
 687.71   671.95   655.39   639.13   623.81   607.76   592.32   576.12   561.25   546.03   
 530.62   515.71   500.57   486.12   472.08   457.78   443.91   430.39   417.11   403.46   
 390.75   378.54   366.76   355.36   344.18   333.06   322.15   311.32   298.97   253.46   
 197.89   140.54   80.24    21.32    2.64     3.01     22.81    60.35    99.75    142.64   
 178.50   173.22   167.23   161.63   155.87   150.50   145.22   139.93   134.72   129.48   
 124.61   120.02   115.75   111.61   107.37   103.26   99.46    95.64    91.89    88.27    
 84.86    81.32    78.21    75.13    72.32    69.58    66.92    64.22    61.57    59.16    
 56.65    54.32    51.97    49.80    47.45    45.29    43.11    40.97    38.92    36.92    
 34.72    32.35    31.18    29.54    27.73    15.76    1.79     1.79     1.85     1.82     
 1.95     7.01     15.60    14.79    13.90    13.18    12.37    11.62    10.99    10.29    
 9.71     9.27     8.70     8.20     7.75     7.47     6.57     5.82     5.68     5.26     
 9.30     
1343.90  1342.16  1341.97  1340.95  1338.48  1338.07  1334.96  1334.80  1332.05  1329.25  
 1326.54  1317.37  1318.03  1314.55  1311.02  1305.25  1301.39  1292.26  1288.49  1280.95  
 1277.00  1268.28  1264.51  1255.08  1249.50  1240.15  1232.26  1224.28  1217.21  1208.51  
 1199.02  1187.68  1178.25  1168.91  1158.19  1146.88  1138.93  1127.22  1114.15  1104.27  
 1090.12  1080.45  1067.35  1055.38  1042.90  1030.91  1016.97  1003.17  990.46   978.15   
 964.25   949.15   935.80   919.84   906.95   892.78   877.65   862.05   847.99   832.87   
 816.04   801.29   785.35   769.71   753.50   738.33   722.66   705.37   690.16   674.37   
 658.25   642.09   626.60   610.63   594.74   579.56   564.42   548.22   533.21   518.16   
 502.34   487.31   472.90   458.40   444.52   430.81   417.27   403.98   390.68   377.51   
 364.31   352.15   339.83   328.30   317.10   306.07   295.42   284.31   254.58   199.13   
 140.69   79.27    19.66    2.56     3.39     28.33    65.23    105.06   147.10   158.85   
 153.66   148.66   143.96   138.89   134.11   129.36   124.77   120.06   115.62   111.45   
 107.23   103.43   99.50    95.67    91.89    88.45    84.95    81.70    78.67    75.68    
 72.85    70.16    67.47    64.91    62.39    59.97    57.69    55.42    53.36    51.25    
 49.13    47.15    45.26    43.39    41.62    39.85    38.16    36.49    34.92    33.17    
 31.69    30.34    28.88    27.28    19.60    2.37     1.87     1.87     1.84     1.87     
 1.98     11.35    15.45    14.74    13.85    13.06    12.35    11.65    10.82    10.18    
 9.58     9.11     8.58     8.10     7.69     7.27     6.57     5.77     5.49     5.16     
 9.30     
1343.90  1347.47  1346.62  1343.61  1339.86  1342.34  1338.97  1337.14  1333.34  1333.19  
 1329.57  1325.51  1320.10  1315.98  1311.55  1303.63  1301.65  1293.22  1286.97  1278.86  
 1273.86  1266.77  1257.12  1248.80  1241.89  1230.46  1220.30  1210.05  1200.09  1189.00  
 1178.67  1167.87  1156.47  1143.60  1132.02  1118.86  1106.38  1091.98  1077.96  1063.12  
 1049.15  1034.35  1018.27  1003.74  987.31   972.97   956.48   939.96   923.90   909.03   
 892.45   875.19   858.93   841.21   825.25   808.60   791.15   773.65   756.26   739.46   
 720.82   703.80   687.94   671.74   653.77   637.17   620.78   604.65   587.87   571.96   
 555.68   539.63   523.47   507.56   492.50   477.02   461.30   446.66   431.56   417.18   
 402.76   388.88   374.50   361.86   348.76   335.83   322.95   310.94   299.35   287.95   
 276.00   265.16   254.42   244.52   234.49   224.99   208.39   163.58   111.92   55.70    
 30.55    28.01    45.28    70.28    98.33    101.46   99.82    98.33    96.19    93.91    
 91.25    88.59    85.90    83.05    80.27    77.49    74.79    71.93    69.26    66.75    
 64.36    62.09    59.95    57.91    56.05    54.27    52.49    50.69    48.97    47.33    
 45.69    43.97    42.05    40.25    38.62    37.07    35.80    34.87    33.66    32.44    
 31.27    30.10    28.97    28.08    27.07    26.35    25.51    22.91    18.72    14.54    
 10.35    6.16     1.98     2.00     2.03     2.03     2.20     5.53     14.71    14.68    
 14.15    13.65    12.99    12.50    12.04    11.43    10.81    10.38    9.96     9.56     
 8.88     8.30     7.85     7.51     7.24     6.75     6.09     5.80     5.99     6.25     
 9.30     
1343.90  1344.61  1343.95  1341.98  1339.85  1338.62  1337.92  1330.08  1328.85  1321.27  
 1317.39  1313.07  1308.65  1300.83  1293.11  1284.18  1276.94  1268.14  1259.36  1246.05  
 1237.52  1226.14  1216.54  1204.87  1191.21  1180.28  1166.87  1148.64  1137.76  1122.66  
 1109.43  1095.19  1075.78  1063.04  1046.65  1028.60  1012.36  996.06   978.79   963.60   
 943.70   926.02   907.49   888.18   870.83   854.97   835.52   816.89   796.55   779.11   
 760.28   741.67   724.03   703.63   683.58   665.15   645.95   626.57   607.65   589.91   
 570.92   552.79   532.08   514.88   495.73   477.47   459.73   440.80   423.37   405.11   
 387.82   371.17   352.98   337.49   321.06   305.06   290.09   274.57   259.91   245.55   
 231.37   218.26   205.49   193.67   181.80   170.22   159.43   149.28   139.79   130.81   
 122.28   114.54   107.05   99.69    80.59    52.97    41.50    40.82    42.45    39.79    
 38.38    37.29    36.36    35.47    34.53    33.38    32.54    31.88    31.36    31.10    
 30.72    30.34    29.83    29.28    28.56    27.72    26.65    25.42    24.23    23.31    
 22.31    21.21    20.07    18.93    18.13    17.16    16.31    14.90    8.24     5.00     
 5.03     5.21     5.50     5.73     5.96     6.14     6.50     10.76    13.84    13.81    
 13.81    13.78    13.69    13.58    13.22    12.92    12.57    12.17    11.86    11.51    
 11.13    10.93    10.83    10.78    10.55    10.53    10.43    10.34    10.05    9.90     
 9.72     9.64     9.49     9.24     9.11     8.81     8.70     8.51     8.33     7.93     
 7.75     7.60     7.42     6.95     6.38     6.01     6.09     6.29     6.41     6.39     
 9.30     
1343.90  1344.69  1344.15  1342.99  1341.71  1337.65  1335.70  1328.84  1326.29  1320.47  
 1315.96  1311.65  1304.62  1297.47  1289.22  1281.37  1272.09  1262.36  1249.57  1243.13  
 1230.02  1219.25  1208.86  1192.49  1181.97  1165.76  1153.62  1139.65  1124.80  1107.95  
 1094.65  1078.39  1063.51  1045.26  1026.89  1008.35  991.65   975.01   955.06   936.35   
 919.23   899.33   879.32   861.49   842.44   822.81   802.90   781.19   762.48   741.85   
 721.14   702.05   680.97   660.83   639.65   618.95   598.65   577.32   556.48   536.91   
 515.42   494.34   473.96   453.90   432.16   411.10   391.19   370.46   349.88   330.45   
 309.71   289.56   269.92   250.80   231.26   211.85   192.74   173.70   156.43   138.79   
 121.89   105.40   90.21    75.67    62.33    49.97    39.39    30.03    22.94    17.85    
 15.02    13.77    13.48    13.49    13.50    13.51    13.52    13.53    13.53    13.58    
 13.68    13.73    13.86    13.93    14.11    14.16    14.11    14.13    14.18    14.15    
 13.78    13.70    13.68    13.60    13.29    13.01    12.64    12.37    11.67    11.01    
 10.35    9.62     9.10     8.33     7.54     6.86     6.33     5.89     5.39     5.14     
 5.12     5.14     5.30     5.60     6.11     6.52     6.97     7.30     7.73     8.06     
 8.47     8.79     9.10     9.45     9.83     10.21    10.31    10.34    10.40    10.21    
 9.96     9.34     8.81     8.43     8.25     7.92     7.65     7.44     7.19     7.04     
 6.84     6.81     6.84     6.84     6.81     6.81     6.79     6.79     6.76     6.74     
 6.71     6.77     6.97     7.17     7.30     7.47     7.62     7.62     7.62     7.64     
 9.30     
1343.90  1342.97  1344.12  1342.48  1339.70  1340.22  1338.82  1334.57  1330.62  1325.77  
 1325.77  1316.70  1312.84  1306.91  1301.01  1293.25  1284.48  1277.27  1267.96  1261.90  
 1253.67  1243.26  1231.70  1221.65  1211.07  1199.54  1185.96  1173.92  1162.10  1149.09  
 1134.43  1120.31  1106.34  1091.51  1075.25  1060.07  1042.27  1025.57  1008.59  992.38   
 976.03   959.42   940.35   922.85   904.65   883.96   866.06   847.82   828.33   809.19   
 790.80   770.30   751.65   732.57   713.01   693.30   673.59   654.54   635.46   616.22   
 597.08   577.95   558.69   540.12   521.54   502.55   483.45   465.50   447.59   429.92   
 412.43   394.63   377.83   361.35   344.43   328.44   312.26   297.16   281.89   267.67   
 253.36   240.24   227.48   214.99   202.86   191.46   180.78   170.75   160.97   151.91   
 143.00   135.29   127.74   119.82   101.19   69.09    46.07    41.76    45.21    47.52    
 46.22    45.39    44.48    43.78    43.21    42.30    41.23    40.10    39.02    38.21    
 37.49    36.99    36.26    35.51    34.72    33.82    32.86    31.78    30.71    29.65    
 28.58    27.50    26.46    25.46    24.42    23.34    22.49    21.68    21.32    20.54    
 20.35    19.56    10.62    5.87     6.18     6.48     6.87     7.28     7.59     7.99     
 13.89    17.82    17.54    17.44    17.26    17.07    15.73    14.83    14.63    13.42    
 12.52    12.23    11.66    11.13    10.42    9.98     9.72     9.35     8.85     8.50     
 8.20     7.00     6.51     6.61     6.76     7.05     7.73     8.00     8.28     8.63     
 8.89     9.07     9.35     9.53     9.63     9.65     9.50     9.42     9.40     9.37     
 9.30     
1343.90  1344.73  1342.91  1343.41  1342.26  1341.40  1341.07  1336.51  1337.54  1333.85  
 1328.19  1322.69  1322.99  1318.36  1313.75  1308.60  1304.81  1298.42  1292.00  1284.09  
 1277.14  1268.89  1263.94  1256.60  1246.49  1238.75  1229.25  1219.83  1210.66  1199.86  
 1189.48  1178.83  1170.44  1155.40  1144.06  1134.06  1121.01  1107.71  1095.44  1080.21  
 1068.07  1052.82  1040.84  1025.20  1010.70  996.22   981.18   967.36   952.01   936.32   
 918.95   904.79   889.09   872.38   856.10   840.21   824.15   807.48   790.89   773.52   
 758.34   740.87   724.48   707.65   690.95   674.76   657.64   641.82   625.10   608.88   
 592.24   575.86   560.17   543.91   528.22   512.30   497.01   481.21   465.84   451.04   
 436.21   421.65   407.15   392.95   379.72   366.07   353.52   340.27   328.43   316.69   
 305.00   294.40   283.63   272.84   262.40   252.34   230.76   182.88   129.52   69.93    
 30.85    27.85    43.70    67.33    95.06    118.56   117.11   115.31   113.14   110.56   
 107.83   104.89   101.84   98.83    95.65    92.39    88.94    85.58    82.34    79.16    
 76.40    73.74    71.17    68.95    66.90    64.83    62.94    61.08    59.22    57.50    
 55.77    54.18    52.57    51.05    49.54    48.14    46.55    45.17    43.67    42.21    
 40.61    39.03    37.44    35.89    34.40    32.77    29.38    8.15     5.38     5.35     
 5.35     5.39     6.45     18.69    17.73    16.58    15.61    13.86    11.93    10.15    
 9.71     9.39     9.38     10.12    10.45    10.27    10.13    9.95     9.76     9.73     
 9.39     9.25     9.01     8.88     8.83     8.85     8.91     8.91     8.85     8.69     
 9.30     
1343.90  1344.29  1347.31  1344.59  1344.98  1343.72  1343.27  1340.22  1338.98  1339.14  
 1334.58  1331.84  1329.04  1325.03  1323.60  1318.93  1315.67  1310.28  1304.72  1300.65  
 1292.39  1287.24  1281.75  1275.28  1269.35  1261.73  1254.69  1246.10  1237.78  1230.80  
 1223.25  1212.02  1203.50  1195.07  1185.15  1174.54  1163.92  1152.13  1142.49  1131.32  
 1120.45  1110.82  1096.58  1085.08  1072.54  1060.66  1048.42  1035.10  1021.89  1009.65  
 997.11   984.29   970.68   956.49   942.73   928.14   913.47   899.79   884.28   870.26   
 854.07   839.66   824.24   808.95   793.93   777.89   762.10   746.98   730.08   714.60   
 699.36   682.94   667.74   651.21   634.83   619.72   603.39   586.78   570.79   554.75   
 539.70   524.59   509.15   494.37   479.36   464.72   450.94   437.03   423.50   410.18   
 397.18   384.87   373.74   361.35   349.23   337.84   326.50   313.07   267.74   208.46   
 147.39   85.76    23.70    4.24     6.05     35.69    72.53    109.82   149.74   176.54   
 171.85   166.85   161.77   156.60   151.75   146.81   142.00   137.11   132.48   127.92   
 123.59   119.29   114.92   110.65   106.53   102.54   98.74    94.98    91.22    87.72    
 84.46    81.09    78.00    74.85    72.09    69.28    66.56    63.79    61.19    58.76    
 56.33    53.99    51.74    49.67    47.42    45.34    43.10    41.07    39.01    36.91    
 34.94    33.03    30.50    9.18     2.64     2.81     3.00     3.18     5.03     19.60    
 18.06    16.68    15.63    14.51    13.48    12.47    11.48    10.58    9.40     8.93     
 8.49     8.32     8.07     7.69     7.60     7.47     7.44     7.44     7.38     7.19     
 9.30     
1343.90  1343.70  1339.47  1342.07  1342.71  1340.56  1339.61  1337.26  1335.83  1336.99  
 1333.49  1330.09  1325.42  1319.44  1317.58  1313.41  1308.65  1301.25  1298.12  1295.02  
 1287.53  1281.77  1274.90  1270.55  1263.74  1256.21  1249.14  1240.05  1231.65  1224.42  
 1215.61  1207.81  1198.27  1189.03  1177.75  1168.87  1156.76  1150.04  1137.57  1126.42  
 1116.48  1106.01  1095.49  1081.84  1069.14  1056.01  1045.54  1034.45  1022.43  1008.53  
 996.76   982.14   969.15   957.68   941.81   928.48   913.86   899.18   885.83   870.59   
 854.83   840.75   825.76   810.96   795.36   779.90   764.34   747.74   733.09   716.52   
 701.27   686.22   669.06   652.23   636.34   620.19   604.33   588.27   570.54   556.15   
 540.36   524.56   509.54   494.95   479.93   465.45   450.83   436.57   423.30   409.75   
 396.38   383.77   371.93   360.20   348.29   337.42   326.26   315.16   285.05   231.10   
 175.84   118.24   59.99    8.31     2.46     8.05     41.80    78.50    116.79   156.53   
 180.20   175.07   169.04   163.25   157.59   151.96   146.53   141.13   135.81   130.78   
 125.96   121.52   117.03   112.80   108.61   104.70   100.79   96.93    93.27    89.59    
 86.01    82.73    79.49    76.45    73.33    70.44    67.61    64.81    62.19    59.78    
 57.19    54.78    52.53    50.30    48.32    46.16    44.23    42.22    40.29    38.52    
 36.74    35.04    33.39    31.76    30.25    23.63    2.65     1.67     1.62     1.62     
 1.65     2.59     16.42    16.32    15.48    14.56    13.68    12.81    11.95    11.21    
 10.49    9.80     9.17     8.71     8.26     7.93     7.64     7.26     6.73     5.35     
 9.30     
1343.90  1343.04  1342.31  1340.57  1339.34  1340.18  1335.81  1334.38  1333.23  1329.95  
 1325.30  1325.24  1320.23  1315.47  1309.91  1305.72  1301.38  1297.01  1291.92  1286.01  
 1277.98  1271.74  1267.35  1258.90  1250.93  1242.33  1232.65  1225.18  1216.44  1208.23  
 1199.15  1189.40  1179.24  1169.86  1158.04  1147.72  1135.58  1124.76  1112.93  1102.43  
 1090.89  1077.52  1066.43  1055.96  1042.63  1029.71  1016.52  1002.36  989.57   977.57   
 963.72   949.79   935.49   921.65   907.70   893.07   878.89   863.95   850.36   835.08   
 818.26   803.82   788.96   774.39   757.96   742.88   726.90   710.88   694.70   679.48   
 663.24   647.48   631.52   614.64   599.12   583.92   568.57   553.42   537.17   522.18   
 506.38   490.35   475.17   460.75   446.57   433.55   419.61   406.54   393.50   381.01   
 368.65   356.87   344.74   332.84   321.65   310.59   300.15   281.71   231.73   176.36   
 118.49   58.27    8.55     4.09     14.04    46.67    82.35    120.59   159.11   162.14   
 157.99   153.35   148.63   144.08   139.52   134.99   130.28   125.70   121.27   116.89   
 112.88   108.89   105.00   101.31   97.51    93.95    90.54    87.08    83.79    80.67    
 77.50    74.62    71.81    69.08    66.38    63.74    61.33    58.90    56.72    54.42    
 52.33    50.30    48.35    46.29    44.46    42.54    40.70    38.88    37.07    35.31    
 33.62    31.95    30.46    28.02    6.48     2.33     4.81     7.29     9.77     12.25    
 14.73    17.21    16.42    15.52    14.69    13.82    12.93    11.96    11.01    10.14    
 9.28     8.46     7.62     7.12     6.69     6.46     6.11     5.94     6.04     6.45     
 9.30     
1343.90  1344.79  1344.32  1340.38  1342.81  1341.05  1337.53  1334.76  1327.17  1328.19  
 1324.39  1319.49  1315.41  1310.81  1304.20  1295.15  1289.48  1283.77  1278.32  1271.34  
 1262.36  1253.70  1244.51  1236.58  1226.31  1217.65  1208.41  1198.40  1188.17  1176.15  
 1165.56  1156.25  1142.14  1131.34  1119.07  1107.18  1092.96  1083.21  1067.28  1050.49  
 1036.75  1023.68  1008.39  996.91   979.68   964.77   950.11   934.54   918.06   903.46   
 887.82   871.71   853.98   838.10   822.76   805.54   789.27   773.06   756.68   739.64   
 723.72   707.14   690.02   672.74   657.36   641.54   623.95   607.50   589.89   573.95   
 557.00   541.26   525.76   509.29   494.71   478.73   463.43   447.70   433.90   418.57   
 405.32   390.54   376.22   362.78   349.65   336.84   324.30   311.77   300.26   288.76   
 278.32   267.43   257.93   247.54   238.14   227.27   190.41   142.27   87.37    37.14    
 28.35    36.81    57.59    84.20    108.21   107.93   106.34   104.43   102.19   99.68    
 97.05    94.49    91.62    88.73    85.62    82.54    79.48    76.43    73.47    70.83    
 68.43    66.21    64.51    62.79    61.09    59.34    57.66    56.03    54.50    52.96    
 51.49    49.99    48.61    47.16    45.77    44.24    42.74    41.25    39.84    38.47    
 37.08    35.73    34.48    33.22    31.96    30.78    29.49    16.73    4.70     4.19     
 4.04     3.57     2.49     1.99     1.98     13.38    15.90    15.90    15.80    14.80    
 13.87    12.94    12.01    11.19    10.47    9.56     9.14     8.94     8.81     8.62     
 8.46     8.21     7.99     7.71     7.49     7.18     6.89     6.70     6.67     6.67     
 9.30     
1343.90  1344.04  1342.69  1340.26  1337.71  1334.18  1333.01  1329.16  1323.36  1320.11  
 1316.20  1310.23  1303.95  1295.09  1287.53  1280.57  1272.53  1265.22  1255.10  1244.62  
 1235.57  1223.43  1212.22  1199.28  1189.08  1176.14  1161.34  1147.73  1133.50  1118.93  
 1105.91  1088.56  1075.81  1058.67  1043.41  1026.72  1008.25  990.61   973.74   956.04   
 938.76   920.93   904.07   885.90   868.30   849.15   830.98   810.61   792.60   773.25   
 756.12   735.97   715.86   697.62   676.97   658.02   639.84   620.65   601.00   583.31   
 562.49   544.17   526.79   507.37   488.66   469.92   451.03   432.94   415.27   397.95   
 380.75   364.51   347.14   330.14   314.38   298.50   282.50   268.29   253.49   239.84   
 226.04   213.36   200.65   188.85   177.52   166.56   156.35   146.63   137.84   129.13   
 121.27   113.76   107.11   95.07    68.54    45.82    39.92    43.17    43.05    41.60    
 40.50    39.59    38.88    38.02    37.07    36.07    35.18    34.32    33.79    33.44    
 32.89    32.30    31.56    30.71    29.74    28.80    27.71    26.61    25.53    24.54    
 23.50    22.50    21.65    20.88    20.29    19.63    19.18    19.06    19.06    15.93    
 7.18     6.92     7.19     7.54     7.87     8.27     8.48     8.75     10.63    18.78    
 19.64    19.77    19.39    18.57    18.07    17.20    16.60    15.27    14.98    14.41    
 13.70    13.09    12.64    12.25    11.84    11.43    11.21    10.52    8.71     8.07     
 7.93     7.93     8.44     9.16     9.21     9.02     8.94     8.86     8.76     8.59     
 8.31     8.06     7.81     7.50     7.30     7.30     7.27     7.27     7.30     7.32     
 9.30     
1343.90  1343.13  1342.18  1341.52  1337.99  1336.85  1331.60  1327.20  1324.75  1316.76  
 1312.08  1305.54  1298.79  1289.71  1281.41  1273.32  1263.46  1253.18  1242.10  1231.62  
 1218.78  1204.47  1194.27  1181.89  1167.90  1154.63  1139.08  1122.89  1107.31  1094.57  
 1078.00  1063.01  1044.63  1029.25  1011.80  993.05   974.36   957.11   938.65   920.04   
 901.51   881.90   862.99   844.43   825.24   805.78   785.68   764.25   745.18   724.67   
 704.83   684.59   663.96   643.89   622.72   603.11   581.90   560.94   540.69   519.55   
 499.76   477.66   457.86   437.31   417.34   396.77   375.87   355.82   335.66   315.35   
 295.28   275.56   256.28   236.61   217.48   198.90   180.48   162.43   144.75   128.15   
 111.39   96.04    81.12    67.45    54.73    43.63    33.70    25.79    19.77    15.88    
 14.26    14.09    14.08    14.13    14.13    14.26    14.38    14.54    14.82    14.89    
 14.86    14.83    14.79    14.76    14.73    14.70    14.59    14.54    14.49    14.34    
 14.21    14.16    13.84    13.43    12.95    12.36    11.70    11.02    10.24    9.45     
 8.64     7.79     6.97     6.47     6.06     5.73     5.37     5.00     4.79     4.76     
 5.26     5.88     6.67     7.58     8.33     8.95     9.46     10.00    10.41    10.83    
 11.01    11.47    11.84    12.00    12.06    12.08    12.03    11.73    11.48    11.30    
 11.22    11.12    10.92    10.70    10.47    10.29    10.09    9.83     9.61     8.58     
 6.85     6.54     6.53     6.86     7.76     8.07     8.36     8.54     8.76     8.89     
 9.17     9.22     9.27     9.27     9.27     9.27     9.27     9.27     9.27     9.30     
 9.30     
