IESNA:LM-63-2002
[TEST] JDE250402-B
[TESTLAB] BESTWAY COMPLIANCE CO., LTD.
[TESTDATE] 14 April 2025
[ISSUEDATE] 2025-04-28 
[NEARFIELD] 
[LAMPPOSITION] 0,0
[OTHER] EVERFINE GO-R5000_V2 SYSTEM
[MANUFAC] American Lighting Industry Corp
[LUMCAT] ALI-SBX-200/240/300W-5000/5700/6500K-H3-S1(0%,5000K)
[LUMINAIRE] Outdoor Pole/Arm-Mounted Area and Roadway Luminaires
[OTHER] Input Voltage=120.0 PF=0.9932 THD=9.54
[OTHER] Gamma(deg)    Fz(lm)      Ft(lm)     %Lum    %Lamp
[OTHER]   0- 10       944.44      944.44     2.44     2.44
[OTHER]  10- 20      2785.65     3730.09     9.65     9.65
[OTHER]  20- 30      4464.18     8194.27    21.19    21.19
[OTHER]  30- 40      5796.10    13990.37    36.18    36.18
[OTHER]  40- 50      6565.38    20555.74    53.16    53.16
[OTHER]  50- 60      6596.53    27152.27    70.22    70.22
[OTHER]  60- 70      5995.75    33148.02    85.72    85.72
[OTHER]  70- 80      4226.15    37374.16    96.65    96.65
[OTHER]  80- 90      1121.06    38495.23    99.55    99.55
[OTHER]  90-100        19.93    38515.15    99.60    99.60
[OTHER] 100-110        26.19    38541.34    99.67    99.67
[OTHER] 110-120        30.04    38571.38    99.75    99.75
[OTHER] 120-130        29.49    38600.86    99.82    99.82
[OTHER] 130-140        25.48    38626.34    99.89    99.89
[OTHER] 140-150        19.29    38645.63    99.94    99.94
[OTHER] 150-160        13.24    38658.88    99.97    99.97
[OTHER] 160-170         7.53    38666.40    99.99    99.99
[OTHER] 170-180         3.35    38669.75   100.00   100.00
[OTHER] 
TILT=NONE
1 -1 1 181 17 1 2 0.295 0.295 0.000
1.000 1 285.0
0.0    1.0    2.0    3.0    4.0    5.0    6.0    7.0    8.0    9.0    
 10.0   11.0   12.0   13.0   14.0   15.0   16.0   17.0   18.0   19.0   
 20.0   21.0   22.0   23.0   24.0   25.0   26.0   27.0   28.0   29.0   
 30.0   31.0   32.0   33.0   34.0   35.0   36.0   37.0   38.0   39.0   
 40.0   41.0   42.0   43.0   44.0   45.0   46.0   47.0   48.0   49.0   
 50.0   51.0   52.0   53.0   54.0   55.0   56.0   57.0   58.0   59.0   
 60.0   61.0   62.0   63.0   64.0   65.0   66.0   67.0   68.0   69.0   
 70.0   71.0   72.0   73.0   74.0   75.0   76.0   77.0   78.0   79.0   
 80.0   81.0   82.0   83.0   84.0   85.0   86.0   87.0   88.0   89.0   
 90.0   91.0   92.0   93.0   94.0   95.0   96.0   97.0   98.0   99.0   
 100.0  101.0  102.0  103.0  104.0  105.0  106.0  107.0  108.0  109.0  
 110.0  111.0  112.0  113.0  114.0  115.0  116.0  117.0  118.0  119.0  
 120.0  121.0  122.0  123.0  124.0  125.0  126.0  127.0  128.0  129.0  
 130.0  131.0  132.0  133.0  134.0  135.0  136.0  137.0  138.0  139.0  
 140.0  141.0  142.0  143.0  144.0  145.0  146.0  147.0  148.0  149.0  
 150.0  151.0  152.0  153.0  154.0  155.0  156.0  157.0  158.0  159.0  
 160.0  161.0  162.0  163.0  164.0  165.0  166.0  167.0  168.0  169.0  
 170.0  171.0  172.0  173.0  174.0  175.0  176.0  177.0  178.0  179.0  
 180.0  
0.0    22.5   45.0   67.5   90.0   112.5  135.0  157.5  180.0  202.5  
 225.0  247.5  270.0  292.5  315.0  337.5  360.0  
9910.5 10007 10099 10183 10258 10326 10387 10438 10484 10520 
 10547 10568 10580 10584 10581 10577 10565 10547 10523 10494 
 10457 10417 10372 10322 10265 10205 10142 10073 9998.2 9920.3 
 9831.2 9733.3 9624.4 9516.2 9404.3 9292.3 9176.5 9063.7 8940 8813 
 8682.2 8556.2 8422.4 8286.4 8146.5 8001.6 7848.1 7681.3 7501.9 7314.5 
 7128.5 6924.4 6699.1 6477.7 6248.5 6011.7 5776.9 5526.4 5267.2 4987.3 
 4706.8 4438 4179.6 3942.8 3724.3 3505.9 3286.6 3033.8 2752.1 2464.4 
 2192.4 1938 1715.6 1516.9 1334.7 1163 1009.9 849.29 720.67 611.11 
 515.42 428.85 349.99 285.08 226.73 168.14 111.72 55.046 11.137 3.7229 
 3.6217 3.5204 3.4192 3.3179 3.2167 3.1154 3.0141 3.4946 3.6152 4.1099 
 4.5853 5.4194 5.4263 5.7876 6.286 6.9872 7.5945 8.211 9.036 9.2957 
 9.9987 10.603 10.722 10.842 10.962 11.081 11.201 11.32 11.343 12.108 
 13.985 16.042 17.587 17.944 17.948 18.067 18.556 18.913 19.404 19.523 
 19.643 19.762 19.881 20 20.119 20.238 20.608 21.077 21.192 21.069 
 20.348 20.104 19.008 18.185 18.207 18.805 19.404 20.003 20.601 21.2 
 21.445 21.805 21.973 22.14 22.308 22.475 22.519 22.563 22.606 22.65 
 22.694 22.738 22.782 22.825 22.869 22.266 21.796 21.678 21.851 24.04 
 26.278 27.953 28.543 28.672 29.024 29.021 28.911 29.142 29.024 29.024 
 29.031 
9910.5 9991.5 10071 10148 10221 10287 10344 10399 10445 10488 
 10520 10544 10563 10573 10581 10586 10585 10583 10572 10557 
 10540 10512 10481 10443 10405 10358 10316 10265 10207 10144 
 10070 9993.7 9913.1 9820.5 9721.7 9622.1 9522.7 9413.5 9304.7 9179.8 
 9058.8 8932.3 8800.7 8669.5 8536 8392.9 8248 8091.2 7930.9 7756.7 
 7575.8 7387 7194.9 6991.6 6792.6 6585.5 6378.4 6161.5 5943.1 5710.1 
 5455.1 5181.5 4888.8 4588.6 4290.8 4010.4 3780.7 3551.1 3321.6 3110.5 
 2877.1 2627.3 2379.7 2138 1912.4 1699.4 1506.3 1315.1 1124.8 945.37 
 796.8 667.04 548.05 429.05 346 270.25 190.87 121.14 48.051 5.7965 
 4.9619 4.7096 4.7288 4.7481 4.7673 4.7865 4.8057 4.8249 5.2987 5.7905 
 6.2754 7.0997 7.2382 7.4766 8.0801 9.1668 9.7645 10.736 11.332 11.502 
 11.673 11.844 11.671 11.499 11.326 11.154 10.981 10.741 11.336 14.232 
 16.712 17.845 18.801 19.3 19.543 19.9 20.389 20.625 20.989 21.113 
 21.468 21.841 22.79 22.649 22.507 22.366 22.225 22.083 21.597 21.713 
 21.596 21.595 21.953 22.678 23.036 23.163 23.4 23.285 23.285 23.523 
 24.124 24.604 24.665 24.727 24.788 24.85 24.831 24.811 24.792 24.773 
 24.753 24.734 24.015 24.008 23.888 23.406 23.642 25.941 27.366 28.826 
 29.424 29.557 30.5 30.409 30.319 30.228 30.137 30.047 29.678 29.678 
 29.031 
9910.5 9976.7 10036 10094 10155 10213 10268 10321 10368 10411 
 10452 10491 10529 10562 10593 10623 10652 10675 10697 10719 
 10736 10747 10756 10764 10771 10774 10772 10764 10756 10739 
 10718 10691 10659 10619 10570 10513 10447 10379 10308 10235 
 10157 10069 9975.5 9870.6 9766.7 9652.6 9530.5 9398.5 9264.2 9120.3 
 8971.5 8809.6 8646 8471.2 8284.7 8092 7894.2 7689.2 7482.8 7289.4 
 7099.7 6926.2 6766.4 6617.9 6465 6307.5 6136.5 5941.9 5710.7 5429 
 5109.5 4735.9 4374 4031.1 3814.5 3598.1 3381.7 3303.1 3379.4 3574.8 
 3739.4 3756.4 3598.8 3262.1 2637 2122 1787.3 1233.2 716.22 92.882 
 21.976 18.529 17.778 17.294 16.918 16.556 16.556 16.709 16.863 17.016 
 17.169 17.323 17.476 17.63 18.723 19.696 20.645 21.507 22.106 22.715 
 23.081 23.558 24.623 25.013 25.254 25.373 25.617 25.737 26.46 26.585 
 26.821 26.708 26.707 25.868 25.022 24.661 24.29 23.935 24.047 23.927 
 24.521 25 25.373 25.257 25.375 24.421 22.597 20.457 18.984 18.381 
 18.488 18.489 18.967 19.691 20.997 21.746 22.816 23.796 25.012 26.438 
 26.943 27.423 27.45 27.478 27.505 27.532 27.559 27.312 27.014 26.716 
 26.418 26.119 25.821 25.523 24.9 24.655 26.074 29.371 32.099 33.583 
 34.774 36.238 36.606 37.575 38.878 40.332 40.482 40.483 40.603 40.722 
 29.031 
9910.5 9942.4 9978.2 10011 10050 10088 10132 10172 10218 10264 
 10307 10355 10406 10459 10512 10563 10617 10669 10721 10772 
 10820 10868 10916 10962 11004 11042 11073 11103 11122 11139 
 11146 11150 11154 11151 11146 11136 11119 11095 11063 11027 
 10990 10951 10909 10864 10812 10744 10669 10594 10511 10418 
 10316 10209 10103 9998.7 9890.4 9776.6 9658.5 9528.1 9382.9 9234.2 
 9076.8 8918.3 8765.6 8628.4 8490.6 8358.1 8251.3 8191.8 8199.5 8275.5 
 8409.6 8567.7 8666.9 8637.6 8407.2 7955.9 7317.1 6516.2 5646.3 4763.3 
 3999.2 3455.7 2912.2 2368.9 1992.1 1662.2 1319.8 913.14 532.64 126.45 
 30.037 28.965 29.081 28.968 29.359 30.452 31.747 32.856 33.924 34.916 
 36.221 36.694 37.314 38.026 38.5 38.621 38.751 39.373 40.204 41.058 
 42.172 43.699 44.294 44.291 44.289 44.287 44.285 44.282 44.28 43.909 
 43.316 42.702 41.989 41.387 41.152 41.154 41.294 41.876 41.854 40.982 
 39.551 38.01 37.162 36.796 36.307 35.823 35.113 34.5 33.653 33.058 
 32.998 32.938 32.877 32.817 32.757 32.697 32.209 30.647 29.671 28.937 
 28.099 27.262 26.27 25.064 23.633 22.542 20.964 19.403 18.215 18.161 
 18.107 18.053 17.999 17.946 17.892 17.838 21.192 25.031 26.694 27.674 
 28.771 30.683 31.52 32.505 33.987 35.985 36.562 36.445 36.445 36.445 
 29.031 
9910.5 9901.6 9897.7 9897.7 9900.3 9907 9920.2 9934.3 9954.2 9974.2 
 10003 10037 10070 10112 10156 10197 10239 10285 10334 10381 
 10424 10469 10514 10553 10590 10628 10665 10694 10717 10745 
 10770 10793 10816 10831 10841 10844 10839 10823 10802 10784 
 10755 10734 10726 10719 10703 10677 10646 10613 10577 10544 
 10518 10482 10448 10419 10398 10378 10355 10339 10316 10310 
 10317 10331 10350 10372 10408 10479 10579 10689 10821 10962 
 10998 10803 10345 9626.8 8716.3 7726.3 6736.4 5752.7 4994.1 4333.9 
 3706.6 3159.8 2707 2349.6 2056.8 1791.4 1521.8 1165.8 608.81 100.75 
 28.168 26.967 26.968 27.209 27.459 27.933 28.666 29.766 30.709 31.688 
 32.897 33.849 35.066 36.242 37.103 37.926 38.782 39.873 40.582 41.436 
 42.384 43.119 43.84 44.676 45.404 45.992 46.159 46.327 46.494 46.662 
 46.829 46.333 45.622 44.528 43.808 43.585 43.362 43.139 42.916 42.693 
 42.47 42.247 41.763 41.41 41.293 41.301 42.014 41.897 42.019 42.136 
 42.623 43.101 43.218 42.97 42.486 41.885 40.93 39.969 39.246 39.003 
 38.764 38.497 37.309 36.097 35.008 34.057 33.097 32.38 32.128 31.177 
 30.937 30.822 30.936 30.57 29.615 29.375 29.382 29.878 31.905 32.635 
 34.465 37.441 38.284 39.007 39.614 40.21 40.45 40.328 39.962 38.645 
 29.031 
9910.5 9862.1 9819.3 9780.2 9743.1 9710.2 9681.1 9654.2 9630.3 9609.8 
 9590.1 9578 9566.2 9557.2 9553.1 9550.5 9551.7 9551.8 9555.6 9559.5 
 9564.6 9567.4 9572.5 9578.9 9580.4 9585.5 9588.2 9590.8 9589.6 9590.8 
 9588.3 9579.3 9565 9545.7 9522.2 9500.4 9476.8 9451.7 9419.8 9385.6 
 9357.3 9328.7 9303.2 9273.7 9252.5 9223.6 9199.3 9178.1 9139 9110.6 
 9081.1 9049.5 9009 8964.4 8932.3 8908.3 8885.3 8861.6 8834.9 8806.9 
 8791.1 8782 8774.1 8774 8777.9 8810.3 8866.7 8952.6 9080.2 9243 
 9424.2 9595.1 9673.3 9542.2 9161.3 8480.7 7490 6488.7 5487.3 4624 
 3921.4 3359.5 2955.2 2666.9 2439 2180.9 1893.3 1517.1 894.68 109.26 
 30.695 26.027 25.62 25.607 25.726 25.611 26.193 26.676 27.041 27.524 
 28.25 28.845 29.688 30.623 31.372 32.315 33.399 34.493 35.561 36.661 
 37.837 38.697 39.781 40.623 41.705 42.878 43.155 43.51 44.107 44.121 
 44.003 43.882 43.282 42.926 42.806 42.686 42.567 42.447 42.327 41.36 
 40.181 39.209 38.723 38.592 37.878 37.166 37.148 37.501 38.209 39.901 
 41.571 41.945 41.957 41.368 40.184 39.093 38.595 38.278 37.961 37.644 
 37.327 37.01 36.693 35.616 34.534 33.801 33.303 32.947 32.707 32.466 
 32.343 31.86 31.394 30.664 29.104 28.974 29.092 29.445 31.818 32.215 
 34.003 36.997 37.98 38.694 39.297 40.011 40.389 40.159 39.914 38.846 
 29.031 
9910.5 9829.8 9747 9668.8 9586.5 9506.1 9429.5 9351.3 9278.2 9207.7 
 9138.3 9070.7 9003.6 8940.6 8875.4 8811.6 8749.7 8690.1 8632.5 8577.3 
 8521.7 8467.3 8416.1 8362.1 8306.5 8251.3 8190.6 8132.4 8073.2 8019.1 
 7961.4 7899.3 7837.1 7767.4 7695.1 7621.9 7549.1 7471 7395.6 7299.9 
 7204.3 7108.6 7025.3 6938.7 6855.5 6771.6 6687.8 6605.6 6519.2 6426.3 
 6330.3 6235.7 6139.9 6043.1 5937.4 5826.6 5708.3 5585.4 5453.5 5311.7 
 5168.6 5020.6 4864.2 4704.8 4548 4386.3 4226.5 4071.7 3911.5 3756 
 3605.5 3462 3323 3191 3074.4 2971.2 2893.7 2850.2 2820.5 2715.8 
 2483.6 2149.5 1773.5 1400.9 1077.3 807.62 582.11 381.38 174.68 30.601 
 14.95 14.467 14.47 14.588 14.59 14.708 15.194 15.674 16.404 17.496 
 18.602 19.8 21.252 22.589 24.019 25.084 26.172 27.022 27.728 27.608 
 27.609 27.731 27.857 28.221 28.709 29.415 30.4 31.468 32.92 33.636 
 33.635 33.497 32.786 32.55 32.434 32.546 32.179 31.443 30.62 30.502 
 30.5 30.248 29.41 28.564 28.191 27.242 26.644 26.275 25.676 24.697 
 23.994 24.112 24.12 24.358 24.715 24.717 24.847 25.317 26.4 27.637 
 29.067 30.409 31.947 31.826 31.46 30.013 28.685 28.332 28.328 27.602 
 26.883 26.133 25.199 24.701 24.106 23.868 23.756 23.997 25.088 25.951 
 27.769 29.799 31.001 31.833 32.314 32.792 32.672 32.667 32.31 31.212 
 29.031 
9910.5 9811 9707.6 9605.9 9497.9 9391.1 9280.1 9171.1 9059.5 8947.2 
 8835.2 8721.1 8613.6 8501.4 8393.3 8279.8 8173 8061.8 7956.4 7850.3 
 7748.2 7652.6 7560.9 7470.9 7381.8 7278.9 7176 7073.4 6985.6 6899.6 
 6817.9 6743.5 6661.9 6582.6 6510.1 6435.6 6359.4 6280.4 6201 6120.9 
 6042 5959.4 5868.8 5778.8 5684.1 5580.3 5474.5 5364.9 5251.9 5132.2 
 5005.7 4875.9 4740 4595.7 4447.8 4293 4135.6 3972.6 3809.8 3643.5 
 3481.6 3315.2 3146.6 2979.6 2815.4 2651.1 2493.4 2344.2 2203.2 2069.7 
 1937.9 1809.2 1678.1 1543.2 1404.1 1261.1 1120.2 981.85 846.41 720.34 
 611.29 518.13 437.86 366.38 303.5 246.95 195.53 141.54 68.678 10.983 
 5.185 5.187 5.435 5.79 6.4051 7.1132 7.7205 8.2007 8.9293 9.7806 
 10.637 11.59 12.431 12.901 13.038 13.634 14.968 16.303 17.376 18.598 
 19.656 20.135 20.016 20.01 19.63 18.539 17.353 16.758 14.221 13.648 
 15.115 19.312 24.435 27.021 28.007 29.19 30.282 31.261 32.451 33.421 
 34.131 34.857 35.574 35.93 35.812 35.813 35.63 35.447 35.264 35.081 
 34.898 34.714 34.531 34.348 32.667 31.333 29.622 27.974 26.762 26.528 
 26.533 27.145 27.867 29.179 31.232 32.197 33.28 34.247 34.365 34.124 
 33.037 32.315 31.23 30.734 30.132 29.663 29.661 29.559 32.999 38.873 
 39.636 40.398 41.16 41.922 42.685 42.563 42.065 41.221 39.912 40.03 
 29.031 
9910.5 9806.9 9697.7 9586.7 9470.3 9348 9233 9112.7 8990.7 8866.5 
 8740.9 8620.3 8495.3 8368.5 8236.6 8110.4 7984.1 7859.6 7736.7 7614.2 
 7491.9 7364.4 7236.7 7109 6997.4 6895.2 6800 6707.1 6614.1 6522.8 
 6436.7 6354.1 6273.8 6189 6103.2 6018.8 5931 5843.2 5757.3 5665.5 
 5569.4 5474.7 5377.3 5274.8 5174.2 5068.1 4961.2 4849.7 4738.1 4619.2 
 4490.7 4363.9 4228.1 4087.2 3946 3798.3 3646.6 3496.1 3343.2 3191.5 
 3039.1 2889.6 2737.4 2587.6 2442.6 2300.6 2161 2022.8 1885.6 1748.3 
 1602.7 1440.6 1277.9 1114 959.3 818.13 698.18 594.97 504.8 429.72 
 366.65 310.61 261.08 216.16 173.34 137.38 102.09 68.732 30.456 7.8961 
 3.8479 3.9683 4.2132 4.449 4.9314 5.5195 6.1261 6.7254 7.4481 8.2975 
 9.028 9.9799 10.832 12.04 12.521 12.994 13.834 14.565 15.867 17.213 
 18.393 19.965 20.825 21.782 21.678 21.677 21.397 21.117 20.837 20.557 
 20.277 19.997 20.832 23.544 27.784 31.483 32.619 33.234 33.948 33.981 
 34.013 34.045 34.077 34.11 34.142 34.174 34.206 34.202 33.382 33.001 
 32.406 32.036 31.219 29.309 27.157 23.094 19.658 22.188 26.461 26.377 
 26.022 24.94 24.575 24.448 22.892 20.188 16.843 14.603 14.689 14.576 
 14.806 14.813 15.164 15.89 16.615 17.337 17.934 18.414 24.244 30.282 
 33.574 35.751 36.245 36.367 35.197 34.581 34.089 32.901 32.295 31.799 
 29.031 
9910.5 9821 9723.4 9626.9 9527.8 9422.4 9318 9216.6 9116.9 9015.5 
 8911.9 8807.2 8702 8604.1 8498.8 8396.7 8293.9 8193.1 8089.2 7990.3 
 7892.3 7794 7700.9 7606.9 7512.6 7423.1 7321.3 7219.6 7117.9 7038.4 
 6955.2 6873.5 6792.3 6712.7 6631.5 6546.8 6466.5 6379.2 6294 6207.7 
 6118.2 6029.7 5934.3 5834.9 5733.1 5629.3 5518.5 5399.4 5279.8 5153.6 
 5022.3 4885 4737.4 4587.2 4431.2 4272.1 4108.9 3940.4 3772.4 3601.3 
 3434.5 3263.7 3094.3 2927.3 2763.2 2605.3 2445.1 2295.2 2146.6 2008.6 
 1876.4 1747.7 1619.1 1488.3 1358.3 1224.5 1092.6 958.11 827.77 705.93 
 601.34 508.79 430.95 360.84 299.25 241.9 187.34 128.88 56.712 11.253 
 6.648 6.7563 6.876 7.2402 7.7317 8.3353 8.8119 9.53 10.256 11.108 
 11.974 12.92 13.765 14.37 14.851 15.326 16.539 17.754 18.71 19.805 
 20.747 20.697 20.646 20.595 20.545 20.494 20.443 20.393 17.13 16.064 
 17.284 20.463 24.407 25.961 27.382 29.317 31.27 33.293 34.883 36.084 
 36.676 36.837 36.997 37.158 37.319 37.479 37.64 37.399 36.795 35.835 
 34.73 33.761 32.545 31.47 30.514 29.676 28.695 27.382 26.179 25.071 
 23.763 22.801 22.8 22.678 22.313 20.987 18.896 16.499 16.296 16.094 
 15.892 15.69 15.487 15.285 15.083 14.881 14.679 14.476 18.206 24.028 
 27.649 28.267 28.886 29.505 30.123 30.742 31.361 30.882 30.384 29.787 
 29.031 
9910.5 9846.3 9781.8 9719.3 9654.9 9593.7 9530.6 9471.5 9412.9 9355.1 
 9301.2 9249.2 9194.1 9141.1 9089.1 9039.3 8989.1 8937.3 8885.9 8834.3 
 8781.4 8730.8 8680.9 8631.9 8574.8 8516.9 8457.3 8392.3 8323.8 8255.2 
 8188.3 8118.1 8044.1 7975.8 7903 7823.2 7745 7665.3 7585.8 7508.8 
 7429.5 7328.7 7227.9 7127.2 7039.8 6951.7 6862.6 6771.5 6674.6 6572.1 
 6467.6 6364.4 6257.4 6146.5 6032.4 5914.2 5793.7 5667.1 5538.1 5398.4 
 5262.5 5121.7 4978.8 4828 4674.2 4515.8 4358.9 4207 4056.8 3912.7 
 3776.8 3651.9 3539.5 3448 3373.5 3329 3323.7 3299.8 3150.3 2851.6 
 2460.4 2049.4 1630.6 1250.2 950.17 691.02 471.61 286.67 111.93 23.115 
 19.093 18.488 18.371 18.489 18.494 18.73 19.098 19.699 20.431 21.528 
 22.637 23.949 25.287 26.498 27.583 28.768 29.86 30.835 31.669 32.275 
 32.628 32.75 32.872 32.998 33.366 33.956 34.826 36.134 36.395 36.657 
 36.918 37.179 37.441 37.702 37.592 37.946 38.076 38.818 39.247 39.676 
 40.105 40.534 40.962 40.477 40.228 39.633 38.914 38.905 38.305 37.682 
 36.849 36.375 34.904 34.317 34.08 34.328 34.967 36.732 38.812 39.64 
 39.886 40.758 42.665 43.624 43.383 42.531 41.165 39.736 38.425 37.096 
 36.127 34.518 33.11 32.122 31.164 30.671 29.974 30.221 34.47 38.079 
 39.035 39.149 38.89 37.809 36.127 34.801 33.579 32.739 32.024 30.435 
 29.031 
9910.5 9883.9 9860.6 9841 9824.2 9808.3 9796.3 9788.6 9783.2 9783.1 
 9781.8 9781.8 9785.6 9793.3 9803.9 9816.7 9829.8 9843.1 9855.9 9873 
 9884.7 9900.5 9914.9 9921.5 9926.8 9930.7 9934.7 9929.6 9928.3 9923.1 
 9914.2 9901.1 9889.2 9877.6 9863.2 9851.5 9837.1 9818.6 9795.6 9764.1 
 9730.9 9699.2 9660.7 9620.7 9582.5 9554.5 9523.7 9502.2 9479.8 9451.5 
 9420.7 9403 9380.6 9358.2 9332.5 9296.9 9259.6 9218.8 9191.6 9177.8 
 9162.1 9158.1 9176.1 9191.5 9206.1 9249.1 9349.3 9517.4 9701.2 9865 
 9948.7 9911 9688.5 9235.2 8235.1 7218.8 6202.5 5186.3 4152.2 3367 
 2846.8 2542.5 2370.2 2235.1 2041.6 1785.1 1505.3 1135.6 331.22 37.428 
 30.638 30.415 30.411 30.529 30.651 30.885 31.48 31.965 32.332 32.815 
 33.425 34.257 35.228 36.199 37.518 38.938 40.629 42.214 43.767 45.003 
 46.298 47.761 49.217 50.895 52.475 53.658 53.585 53.466 53.579 52.4 
 51.196 49.733 48.165 47.798 47.67 47.669 47.787 46.951 46.115 44.905 
 43.955 43.827 43.699 43.571 43.443 43.314 44.256 45.346 45.609 45.498 
 45.615 46.336 46.461 46.462 46.111 45.864 45.74 45.388 45.26 45.255 
 45.608 45.854 45.741 45.738 45.505 44.797 43.699 41.319 39.048 36.989 
 35.176 35.02 34.864 34.708 34.552 35.735 36.919 38.102 39.285 40.469 
 43.272 45.337 46.323 46.224 46.221 46.337 46.222 45.393 44.445 43.816 
 29.031 
9910.5 9923.7 9942.7 9961.3 9992.9 10026 10065 10103 10142 10187 
 10234 10286 10339 10395 10451 10504 10555 10605 10656 10706 
 10750 10793 10838 10879 10918 10956 10990 11017 11040 11058 
 11073 11088 11103 11122 11133 11141 11138 11124 11110 11089 
 11067 11049 11025 11007 10981 10964 10940 10911 10871 10829 
 10785 10755 10727 10704 10692 10681 10660 10631 10623 10620 
 10615 10603 10596 10601 10624 10692 10763 10824 10823 10674 
 10350 9817.4 9030.2 8085.7 7034.7 6039.5 5149.1 4340.5 3650.9 3134.2 
 2618.1 2279.2 2017.6 1781.3 1553.1 1310.1 1000.9 529.96 74.722 31.176 
 30.239 30.218 30.932 32.354 34.172 35.974 37.751 39.121 40.656 42.115 
 43.572 44.523 45.705 46.456 47.658 48.273 49.224 49.84 50.9 51.636 
 51.887 52.244 53.066 53.05 53.034 53.017 53.001 52.985 52.38 51.652 
 50.703 50.089 49.145 48.29 47.559 47.317 47.193 47.779 48.624 49.599 
 49.956 49.961 49.253 48.527 48.517 47.683 47.491 47.298 47.105 46.913 
 46.72 46.528 46.335 46.142 45.95 45.757 44.459 42.888 41.227 39.755 
 38.055 36.514 35.17 33.831 33.001 32.927 32.852 32.778 32.704 32.63 
 32.145 31.434 30.233 28.814 27.697 27.329 29.559 32.496 32.859 33.582 
 34.413 35.265 35.743 36.35 36.838 38.137 38.163 37.808 37.563 37.444 
 29.031 
9910.5 9956.8 10005 10062 10119 10178 10240 10302 10368 10432 
 10496 10558 10621 10685 10745 10807 10867 10922 10974 11023 
 11072 11116 11161 11203 11238 11270 11291 11314 11326 11338 
 11347 11356 11360 11355 11344 11329 11306 11275 11240 11197 
 11148 11098 11034 10959 10884 10816 10744 10670 10587 10496 
 10393 10277 10158 10029 9907.4 9763.3 9606.8 9443.2 9285.5 9129.2 
 8956.3 8784.1 8618.4 8461.4 8332.6 8232.1 8188.1 8216.3 8315.7 8458.9 
 8598.8 8659.3 8560.8 8222.6 7638.6 6851.1 5955.5 5014.5 4193.3 3652.9 
 3112.5 2573.7 2182.1 1836.6 1519.5 1180.3 793.88 493.77 119.01 31.6 
 30.657 30.777 30.793 31.382 32.479 33.325 34.16 35.245 35.947 36.079 
 36.672 37.275 37.646 38.235 38.6 38.956 39.69 40.545 41.606 42.59 
 42.784 42.977 43.171 43.365 43.558 43.752 43.024 42.435 41.703 41.108 
 40.872 40.778 40.684 40.59 40.497 40.403 40.309 40.216 40.122 40.028 
 38.698 37.855 37.384 37.145 37.028 37.031 37.145 37.016 35.91 34.728 
 33.64 32.579 31.843 31.115 30.404 29.68 29.09 28.474 27.647 26.425 
 25.213 23.914 23.058 22.118 21.373 19.928 18.867 18.264 17.913 17.912 
 17.785 17.73 17.674 17.619 17.563 17.508 19.854 21.158 22.503 23.839 
 25.258 26.59 27.418 28.282 29.461 30.42 30.653 30.536 30.536 30.536 
 29.031 
9910.5 9987.2 10063 10145 10218 10291 10362 10428 10488 10547 
 10606 10656 10705 10754 10797 10836 10872 10906 10933 10959 
 10979 10991 11000 11005 11007 11000 10989 10974 10955 10934 
 10907 10868 10824 10771 10710 10647 10581 10503 10417 10328 
 10228 10128 10014 9900 9782.5 9656.9 9518.4 9385.7 9242.9 9089.5 
 8937.3 8767.7 8599.5 8419.8 8217.2 8019.1 7817.1 7619.4 7424.5 7235.9 
 7057.3 6887 6719.3 6553 6378.6 6197.8 5983.6 5744.4 5455.4 5135.5 
 4783.9 4414.7 4063.8 3823.6 3584.4 3345.4 3216.3 3197.2 3311.4 3456.6 
 3497.7 3365.4 3085.2 2573.2 2096 1805 1351.1 822.71 164.28 23.681 
 19.137 17.982 17.122 16.531 16.16 15.796 15.793 15.929 16.064 16.199 
 16.334 16.47 16.605 16.74 17.474 18.652 19.164 19.409 19.764 19.891 
 20.247 20.731 20.978 21.691 22.658 23.138 23.628 24.333 24.71 24.595 
 24.951 24.837 24.953 24.122 22.786 21.834 21.68 21.526 21.372 21.217 
 21.063 20.909 20.755 20.601 20.447 20.292 20.138 19.544 18.928 18.69 
 18.687 18.928 19.166 20.012 20.961 21.695 22.789 24.091 24.816 25.073 
 26.037 26.983 27.125 27.009 27.105 27.2 27.296 27.392 27.488 27.844 
 28.571 28.573 28.952 29.331 29.711 30.09 30.469 33.28 35.409 36.884 
 37.838 38.574 38.697 38.939 39.763 40.259 40.147 40.147 40.147 40.029 
 29.031 
9910.5 10001 10090 10172 10249 10321 10388 10447 10500 10547 
 10587 10626 10652 10671 10687 10693 10697 10695 10689 10675 
 10659 10643 10625 10597 10561 10517 10464 10411 10355 10289 
 10216 10133 10048 9965.7 9870.9 9756.6 9641.9 9520.7 9393.6 9262.4 
 9131.7 8994.3 8859.7 8719.5 8576.2 8426.5 8274.4 8109.1 7937.1 7757.7 
 7563.7 7359.1 7148.8 6935.1 6715.8 6490.1 6260.1 6015.3 5759.5 5494.1 
 5218.4 4926.5 4639 4357.9 4083.5 3829.9 3598.9 3367.9 3156.2 2927.9 
 2679.6 2428.5 2188.2 1963.1 1755.6 1562 1383.1 1207.7 1019.9 858.88 
 719.9 599.65 486.03 384.67 306.75 231.28 155.38 83.287 15.054 6.8223 
 5.9334 5.6732 5.6673 5.7358 5.8043 5.8728 5.9413 6.0098 6.0783 6.1468 
 6.7523 7.2257 7.3551 7.5927 8.4319 9.2831 9.6419 10.13 10.956 11.092 
 11.335 11.573 11.81 12.175 12.179 10.178 9.5287 10.231 13.464 15.667 
 16.857 17.715 18.666 19.403 20.133 21.086 21.222 21.222 21.46 21.825 
 22.018 22.211 22.404 22.597 22.79 22.909 22.67 22.197 22.067 22.235 
 22.403 22.571 22.739 22.906 23.384 23.401 23.417 23.433 23.449 23.465 
 23.481 23.497 23.513 23.634 23.753 23.875 24.229 24.715 24.601 24.836 
 24.96 25.079 25.44 25.325 23.885 22.066 21.712 25.079 28.639 30.737 
 30.829 30.92 31.012 31.104 31.196 31.288 31.38 31.471 31.351 31.233 
 29.031 
9910.5 10007 10099 10183 10258 10326 10387 10438 10484 10520 
 10547 10568 10580 10584 10581 10577 10565 10547 10523 10494 
 10457 10417 10372 10322 10265 10205 10142 10073 9998.2 9920.3 
 9831.2 9733.3 9624.4 9516.2 9404.3 9292.3 9176.5 9063.7 8940 8813 
 8682.2 8556.2 8422.4 8286.4 8146.5 8001.6 7848.1 7681.3 7501.9 7314.5 
 7128.5 6924.4 6699.1 6477.7 6248.5 6011.7 5776.9 5526.4 5267.2 4987.3 
 4706.8 4438 4179.6 3942.8 3724.3 3505.9 3286.6 3033.8 2752.1 2464.4 
 2192.4 1938 1715.6 1516.9 1334.7 1163 1009.9 849.29 720.67 611.11 
 515.42 428.85 349.99 285.08 226.73 168.14 111.72 55.046 11.137 3.7229 
 3.6217 3.5204 3.4192 3.3179 3.2167 3.1154 3.0141 3.4946 3.6152 4.1099 
 4.5853 5.4194 5.4263 5.7876 6.286 6.9872 7.5945 8.211 9.036 9.2957 
 9.9987 10.603 10.722 10.842 10.962 11.081 11.201 11.32 11.343 12.108 
 13.985 16.042 17.587 17.944 17.948 18.067 18.556 18.913 19.404 19.523 
 19.643 19.762 19.881 20 20.119 20.238 20.608 21.077 21.192 21.069 
 20.348 20.104 19.008 18.185 18.207 18.805 19.404 20.003 20.601 21.2 
 21.445 21.805 21.973 22.14 22.308 22.475 22.519 22.563 22.606 22.65 
 22.694 22.738 22.782 22.825 22.869 22.266 21.796 21.678 21.851 24.04 
 26.278 27.953 28.543 28.672 29.024 29.021 28.911 29.142 29.024 29.024 
 29.031 
