IESNA:LM-63-2002
[TEST] JDE250402-B
[TESTLAB] BESTWAY COMPLIANCE CO., LTD.
[TESTDATE] 14 April 2025
[ISSUEDATE] 2025-04-28 
[NEARFIELD] 
[LAMPPOSITION] 0,0
[OTHER] EVERFINE GO-R5000_V2 SYSTEM
[MANUFAC] American Lighting Industry Corp
[LUMCAT] ALI-SBX-200/240/300W-5000/5700/6500K-H3-S1(0%,5000K)
[LUMINAIRE] Outdoor Pole/Arm-Mounted Area and Roadway Luminaires
[OTHER] Input Voltage=277.0 PF=0.9194 THD=12.03
[OTHER] Gamma(deg)    Fz(lm)      Ft(lm)     %Lum    %Lamp
[OTHER]   0- 10       929.23      929.23     2.44     2.44
[OTHER]  10- 20      2740.75     3669.98     9.65     9.65
[OTHER]  20- 30      4391.99     8061.98    21.19    21.19
[OTHER]  30- 40      5702.11    13764.09    36.18    36.18
[OTHER]  40- 50      6459.18    20223.27    53.16    53.16
[OTHER]  50- 60      6489.86    26713.13    70.22    70.22
[OTHER]  60- 70      5898.74    32611.87    85.73    85.73
[OTHER]  70- 80      4155.02    36766.88    96.65    96.65
[OTHER]  80- 90      1102.51    37869.39    99.55    99.55
[OTHER]  90-100        19.49    37888.88    99.60    99.60
[OTHER] 100-110        25.61    37914.49    99.67    99.67
[OTHER] 110-120        29.51    37944.00    99.75    99.75
[OTHER] 120-130        28.89    37972.89    99.82    99.82
[OTHER] 130-140        24.99    37997.88    99.89    99.89
[OTHER] 140-150        18.96    38016.84    99.94    99.94
[OTHER] 150-160        12.97    38029.81    99.97    99.97
[OTHER] 160-170         7.36    38037.16    99.99    99.99
[OTHER] 170-180         3.29    38040.45   100.00   100.00
[OTHER] 
TILT=NONE
1 -1 1 181 17 1 2 0.295 0.295 0.000
1.000 1 274.1
0.0    1.0    2.0    3.0    4.0    5.0    6.0    7.0    8.0    9.0    
 10.0   11.0   12.0   13.0   14.0   15.0   16.0   17.0   18.0   19.0   
 20.0   21.0   22.0   23.0   24.0   25.0   26.0   27.0   28.0   29.0   
 30.0   31.0   32.0   33.0   34.0   35.0   36.0   37.0   38.0   39.0   
 40.0   41.0   42.0   43.0   44.0   45.0   46.0   47.0   48.0   49.0   
 50.0   51.0   52.0   53.0   54.0   55.0   56.0   57.0   58.0   59.0   
 60.0   61.0   62.0   63.0   64.0   65.0   66.0   67.0   68.0   69.0   
 70.0   71.0   72.0   73.0   74.0   75.0   76.0   77.0   78.0   79.0   
 80.0   81.0   82.0   83.0   84.0   85.0   86.0   87.0   88.0   89.0   
 90.0   91.0   92.0   93.0   94.0   95.0   96.0   97.0   98.0   99.0   
 100.0  101.0  102.0  103.0  104.0  105.0  106.0  107.0  108.0  109.0  
 110.0  111.0  112.0  113.0  114.0  115.0  116.0  117.0  118.0  119.0  
 120.0  121.0  122.0  123.0  124.0  125.0  126.0  127.0  128.0  129.0  
 130.0  131.0  132.0  133.0  134.0  135.0  136.0  137.0  138.0  139.0  
 140.0  141.0  142.0  143.0  144.0  145.0  146.0  147.0  148.0  149.0  
 150.0  151.0  152.0  153.0  154.0  155.0  156.0  157.0  158.0  159.0  
 160.0  161.0  162.0  163.0  164.0  165.0  166.0  167.0  168.0  169.0  
 170.0  171.0  172.0  173.0  174.0  175.0  176.0  177.0  178.0  179.0  
 180.0  
0.0    22.5   45.0   67.5   90.0   112.5  135.0  157.5  180.0  202.5  
 225.0  247.5  270.0  292.5  315.0  337.5  360.0  
9751 9849.3 9936.5 10021 10093 10159 10221 10274 10316 10350 
 10377 10395 10409 10413 10411 10405 10395 10378 10354 10323 
 10290 10249 10205 10151 10101 10043 9977.8 9910.4 9837.8 9760.2 
 9668.8 9574 9467.6 9361.8 9250.9 9139.8 9031.2 8915.7 8797.2 8671.7 
 8545.2 8416.2 8284.6 8151.1 8015 7872.5 7718.9 7553.9 7379.6 7198.9 
 7008.9 6808.9 6588.5 6366.5 6141.3 5912.3 5678.3 5429.9 5173.5 4902.1 
 4627.6 4359.8 4109.5 3874.5 3660.6 3446.8 3232.1 2984.1 2702.7 2422.7 
 2153.3 1903.2 1683.9 1488.9 1309.5 1142.2 991.07 832.77 705.38 599.37 
 506.42 420.16 342.66 278.57 221.58 163.94 108.69 52.789 9.5184 3.5706 
 3.5274 3.4842 3.4411 3.3979 3.3547 3.3115 3.2684 3.2252 3.353 3.9499 
 4.7834 5.2563 5.4926 5.8567 6.2235 6.8219 7.4125 8.028 9.1928 9.3099 
 9.7951 10.158 10.623 10.626 10.862 10.981 11.101 11.22 11.237 11.825 
 13.76 15.899 17.19 17.431 17.663 17.551 18.162 18.744 18.984 19.118 
 19.252 19.386 19.52 19.653 19.787 19.921 19.946 19.971 19.996 20.021 
 20.047 19.566 18.616 17.667 17.835 19.712 20.766 20.649 20.652 20.774 
 21.009 21.136 21.487 21.604 21.607 21.721 21.607 21.727 21.843 21.962 
 22.081 22.2 22.32 22.439 22.309 21.835 21.246 21.247 21.412 23.575 
 25.794 27.244 27.418 27.592 27.766 27.94 28.114 28.288 28.288 28.288 
 28.303 
9751 9836.2 9909.9 9983.2 10054 10119 10178 10229 10275 10314 
 10347 10372 10389 10400 10409 10413 10414 10409 10397 10385 
 10365 10338 10307 10271 10233 10191 10147 10095 10039 9973.8 
 9903 9831.1 9748.9 9653.5 9556.7 9461.6 9361.3 9254 9147.1 9026.3 
 8907.9 8782 8652.5 8525.9 8389.3 8249.5 8106.6 7951.5 7793.7 7620.3 
 7441.7 7255.6 7066.9 6869.3 6669.8 6464.9 6262.4 6052.5 5834.8 5603.4 
 5355.6 5084.7 4792.5 4500 4205.8 3932.1 3707.4 3482.8 3258.7 3049.9 
 2820.2 2572.6 2328 2092.2 1869.1 1662.9 1469.4 1283.8 1096.1 921.44 
 774.65 649.28 531.81 415.77 336.2 261.06 183.33 115.43 42.968 5.4754 
 4.7781 4.7471 4.716 4.685 4.6539 4.6229 4.5919 4.5608 5.1423 5.3931 
 5.9867 6.3447 7.0539 7.181 7.797 8.8619 9.4534 10.076 11.115 11.212 
 11.309 11.406 11.503 11.601 11.698 11.225 10.631 10.522 11.184 13.942 
 16.274 17.586 18.403 18.649 19.008 19.361 19.601 20.198 20.554 20.672 
 20.921 21.389 21.483 21.578 21.673 21.767 21.862 21.72 21.579 21.437 
 21.295 21.154 21.644 22.344 22.465 22.586 22.707 22.828 22.949 23.07 
 23.557 24.14 24.375 24.334 24.294 24.253 24.212 24.172 24.131 24.091 
 24.05 24.009 23.655 23.536 23.286 22.827 23.332 25.381 26.91 28.216 
 28.796 28.814 29.395 29.416 29.437 29.459 29.48 29.501 29.031 28.914 
 28.303 
9751 9815.4 9876.4 9932.7 9991.7 10047 10103 10154 10199 10243 
 10283 10320 10358 10388 10421 10449 10480 10506 10528 10549 
 10560 10571 10578 10591 10596 10599 10596 10591 10581 10562 
 10548 10518 10485 10444 10395 10338 10274 10209 10137 10064 
 9988.2 9900.6 9808.3 9706.5 9601.8 9488.8 9369.3 9241 9108.1 8964.3 
 8820.3 8660 8499.1 8326.9 8140.9 7951.8 7755.6 7555 7354.7 7160.1 
 6976.8 6807.5 6653.4 6504.2 6354.4 6197.3 6025 5834 5605.2 5326.3 
 5006.8 4642.7 4284.1 3953.1 3743.2 3533.4 3325 3257.3 3342 3539.6 
 3697.2 3703.9 3538.2 3188.9 2571.4 2072.6 1741.8 1187.7 663.87 80.146 
 19.856 18.055 17.216 16.745 16.388 16.373 16.357 16.341 16.326 16.31 
 16.294 16.279 16.633 17.37 18.447 19.303 20.474 21.071 21.43 22.263 
 22.618 23.108 23.696 24.414 24.657 25.008 25.134 25.368 25.624 26.438 
 26.324 26.439 26.312 25.344 24.518 24.162 23.808 23.569 23.453 23.57 
 23.621 23.671 23.721 23.772 23.822 23.873 21.998 19.963 19.706 19.449 
 19.193 18.936 18.679 19.297 20.361 21.328 22.269 23.351 24.533 25.507 
 26.456 26.923 26.922 26.921 26.919 26.918 26.778 26.638 26.498 26.358 
 26.219 26.079 25.939 24.999 24.401 24.182 25.548 28.926 31.497 33.055 
 34.234 35.317 36.024 36.89 38.412 39.255 39.723 39.723 39.731 39.965 
 28.303 
9751 9783.8 9819.2 9856 9890.1 9927.7 9968.3 10010 10051 10097 
 10143 10190 10239 10292 10343 10395 10446 10499 10548 10600 
 10648 10696 10744 10790 10829 10865 10900 10927 10949 10962 
 10971 10969 10968 10966 10964 10962 10947 10922 10892 10855 
 10817 10780 10737 10696 10644 10575 10503 10432 10348 10254 
 10151 10050 9944.3 9849.5 9737.3 9621.8 9509.7 9377.1 9242.4 9091.4 
 8936.9 8779 8632.3 8496.8 8360.5 8227.6 8123.2 8067.5 8075.7 8149.5 
 8280.9 8439.1 8539.4 8511.1 8282.1 7837.7 7223.3 6425.2 5567.8 4699.5 
 3943.6 3407.9 2877.1 2346.2 1961.9 1644.1 1300 902.17 524.38 120.22 
 31.798 28.577 28.323 28.32 28.799 29.869 31.151 32.259 33.32 34.17 
 35.133 35.949 36.684 37.276 37.52 37.998 38.235 38.598 39.541 40.263 
 41.467 42.646 43.589 43.734 43.615 43.496 43.377 43.258 43.138 43.019 
 42.548 41.947 41.241 40.634 40.509 40.391 40.389 40.74 40.747 40.148 
 38.851 37.329 36.34 36.088 35.607 35.016 34.312 33.826 33.105 32.278 
 31.913 31.668 31.784 31.785 32.018 32.141 31.666 30.235 29.053 28.323 
 27.614 26.765 25.695 24.514 23.095 22.103 20.461 18.996 17.808 17.332 
 17.332 17.332 17.332 17.332 17.332 17.333 20.634 24.256 26.277 27.125 
 28.304 29.874 30.825 32.264 33.092 35.009 36.077 35.968 35.967 35.967 
 28.303 
9751 9744.6 9739.5 9739.6 9743.4 9750 9761.9 9777.2 9795.6 9819.4 
 9849.7 9882.6 9912.8 9952.3 9995.7 10036 10078 10126 10173 10219 
 10262 10308 10350 10391 10429 10467 10504 10530 10553 10581 
 10606 10630 10653 10668 10677 10680 10678 10661 10640 10620 
 10594 10575 10566 10559 10546 10520 10491 10454 10421 10385 
 10359 10327 10296 10265 10242 10226 10202 10187 10164 10158 
 10165 10178 10196 10219 10251 10325 10423 10532 10662 10797 
 10832 10636 10185 9480.8 8580.9 7606.3 6631.6 5662.7 4924.9 4268.2 
 3663.3 3108.6 2670.1 2320.4 2033.2 1772.2 1510.2 1155.1 616.08 99.945 
 27.691 26.536 26.423 26.657 26.788 27.377 28.098 29.077 30.012 31.1 
 32.187 33.244 34.453 35.505 36.355 37.177 38.146 39.115 40.052 40.775 
 41.486 42.334 43.161 43.758 44.487 45.217 46.26 46.141 46.143 46.253 
 45.887 45.406 44.585 43.744 43.254 43.018 42.782 42.546 42.31 42.074 
 41.947 41.468 40.755 40.523 40.523 40.645 41.122 41.241 41.357 41.258 
 41.841 42.316 42.315 42.187 41.593 41.223 40.161 38.849 38.491 38.487 
 38.25 37.863 36.561 35.595 34.304 32.983 32.622 32.02 31.311 30.954 
 30.596 30.239 29.881 29.524 29.166 28.925 28.814 29.306 31.202 31.802 
 33.83 36.701 37.654 38.253 38.736 39.209 39.447 39.446 39.206 38.251 
 28.303 
9751 9702.8 9660.4 9624.2 9587.4 9555.9 9524.5 9499 9476.6 9455.7 
 9436.8 9423.5 9413.1 9404.2 9400.1 9398.8 9398.8 9397.5 9401.3 9405.2 
 9411.7 9415.5 9419.4 9425.7 9428.5 9432.4 9434.9 9436.2 9437.5 9438.8 
 9437.5 9427.5 9413.1 9395.3 9372.1 9349.7 9326.9 9303.3 9275.6 9240.5 
 9213.9 9186.3 9160 9131.9 9109.6 9082.2 9055.6 9035.7 9003.3 8971.4 
 8941.2 8913.4 8871.6 8828.9 8798.3 8773.3 8752.9 8728.2 8704.6 8676.5 
 8658.3 8649.2 8645.2 8641.4 8647.6 8678.6 8733.4 8818.2 8943.5 9108.3 
 9279 9447.7 9521.9 9391.9 9008.8 8109.7 7201.5 6293.3 5385.1 4545.8 
 3850 3301.5 2907.7 2626.1 2401.8 2153.6 1869.9 1503.8 891.66 114.23 
 30.212 25.237 25.17 25.054 25.051 25.169 25.635 26.111 26.589 26.953 
 27.436 28.14 29.096 30.056 30.771 31.472 32.66 33.866 34.927 35.902 
 37.063 38.151 39.118 40.065 40.905 41.865 42.223 42.692 43.17 43.065 
 43.18 42.828 42.349 42.113 41.99 41.989 42.107 41.872 41.399 40.321 
 39.622 38.549 38.18 37.819 37.107 36.402 36.383 36.732 37.436 39.119 
 40.771 41.034 40.915 40.214 39.501 38.432 37.821 37.654 37.487 37.32 
 37.153 36.985 35.814 34.975 33.786 32.945 32.688 32.334 31.999 31.665 
 31.33 30.995 30.66 29.95 28.516 28.51 28.392 28.739 31.094 31.605 
 33.377 36.226 37.203 37.915 38.513 38.992 39.007 39.124 38.769 38.179 
 28.303 
9751 9671 9590.5 9511.4 9433.9 9352.8 9277 9200.5 9126.9 9056.1 
 8986.6 8923.3 8859.5 8795.8 8731.1 8669.2 8606.3 8553.9 8494.1 8437.8 
 8381.6 8331.5 8279.6 8224.7 8173.3 8118.4 8058.5 7999.7 7943.5 7887.5 
 7831.2 7773.8 7708.5 7640.9 7569.3 7498.4 7427 7351.2 7260.9 7170.3 
 7079.8 6995.8 6914.3 6830.1 6748.2 6665.7 6582.7 6501.7 6417 6327.2 
 6233.6 6140.4 6044.1 5950.2 5845.1 5736.5 5621.6 5500.5 5370.5 5232.8 
 5092.1 4946.5 4794.1 4638.1 4482.7 4323.7 4166.8 4014.5 3857.2 3703.3 
 3557.9 3414.1 3277.3 3148.2 3032.6 2931.4 2855 2811.7 2783.2 2684.5 
 2461.5 2131.7 1761.8 1392.7 1072.3 805.32 582.43 382.57 180.25 33.263 
 15.222 14.001 13.864 13.978 13.982 14.339 14.805 15.28 16.109 17.07 
 18.158 19.337 20.656 21.982 23.29 24.461 25.551 26.518 27.112 27.233 
 27.355 27.476 27.597 27.719 28.078 28.674 29.5 30.787 32.224 33.319 
 33.108 32.747 32.15 31.68 31.55 31.549 31.197 30.836 30.362 30.116 
 30.115 29.414 28.701 28.09 27.376 26.788 26.308 25.942 25.12 24.152 
 23.554 23.423 23.542 24.008 24.368 24.727 25.086 25.446 25.805 27.1 
 28.407 29.618 31.034 31.189 30.959 29.33 28.336 28.205 27.625 27.027 
 26.314 25.098 24.504 24.263 23.549 23.305 23.421 23.423 24.477 25.321 
 26.981 29.13 30.217 31.165 31.654 32.131 32.029 32.144 31.789 30.612 
 28.303 
9751 9654.7 9554.5 9452.2 9346.5 9240.7 9133.6 9025 8913.8 8806.3 
 8695.1 8584.7 8478.8 8368.3 8258.7 8148.7 8041.2 7932.2 7829.5 7724.8 
 7623.3 7530.2 7441.8 7353.6 7251.2 7148.3 7045.5 6961.5 6876.6 6790.1 
 6710.6 6636.3 6556.4 6478.7 6407 6334.8 6258.9 6181.3 6102.5 6025.3 
 5946.2 5865.5 5778.2 5688.8 5596.8 5494.6 5391.9 5282.2 5172.2 5053.1 
 4930.7 4802.6 4668.7 4529.5 4382.3 4232.1 4076.2 3917 3756.1 3592.4 
 3434.6 3268 3104.7 2938.7 2776.7 2616.7 2460.2 2314.2 2173 2041.8 
 1913.7 1785.4 1657.6 1523.9 1387.6 1247.1 1108.2 972.14 838.75 714.53 
 604.66 513.37 434.73 363.6 301.79 245.31 194.83 142.01 71.069 11.86 
 4.9001 5.0162 5.1379 5.6034 6.0865 6.8053 7.3931 7.9873 8.6985 9.4253 
 10.278 11.214 12.055 12.308 12.783 13.365 14.433 15.76 16.824 18.147 
 19.117 19.708 19.72 19.603 19.132 17.969 17.104 16.616 13.949 13.275 
 14.664 18.683 23.74 26.369 27.477 28.524 29.616 30.563 31.646 32.728 
 33.442 34.171 34.759 35.128 35.02 35.018 35.136 35.137 35.253 35.372 
 35.61 35.499 34.546 33.244 32.176 30.759 29.079 27.539 26.217 25.939 
 26.05 26.522 27.464 28.533 30.538 31.757 32.611 33.56 33.816 33.354 
 32.53 31.804 30.621 30.363 29.649 28.948 28.923 29.042 32.272 37.936 
 40.212 40.512 40.812 41.112 41.412 41.712 41.594 40.433 39.567 39.089 
 28.303 
9751 9649.8 9543.2 9433.2 9316.3 9203.9 9084.1 8965.4 8847.6 8724.8 
 8604.8 8482.9 8360.6 8237.2 8109.3 7983.1 7857.5 7734.1 7612.6 7492.2 
 7376 7247.9 7119.5 6991 6884.3 6786.3 6690.7 6599.1 6507.4 6419 
 6334.5 6252.2 6174.7 6090.1 6006.9 5923.4 5837.4 5750.1 5666.5 5575.8 
 5482.7 5389.4 5292.6 5192.2 5093.7 4989.8 4884.1 4774.7 4663.4 4547.4 
 4422.9 4296.8 4163.9 4026 3884.7 3741 3590.6 3445.6 3292.9 3144.5 
 2994.2 2847.1 2697.5 2552 2408.8 2265.5 2127.7 1993.7 1857.1 1723.1 
 1579.7 1418.8 1259.1 1098.2 945.57 806.18 688.23 585.79 497.54 423.58 
 361.2 306.09 257.47 212.7 171.42 135.52 101.24 68.121 30.533 7.7737 
 3.7047 3.6972 4.0534 4.1741 4.7666 5.2484 5.9478 6.5446 7.143 7.9804 
 8.709 9.767 10.614 11.454 12.167 12.637 13.353 14.314 15.367 16.698 
 18.103 19.43 20.397 21.23 21.128 21.245 21.012 21.123 21.127 20.893 
 20.423 19.821 20.29 23.093 27.169 30.825 31.971 32.577 33.286 33.42 
 33.77 33.662 33.659 33.504 33.349 33.194 33.039 32.884 32.729 32.232 
 31.877 31.158 30.672 28.813 26.683 22.767 19.256 21.636 25.738 25.664 
 25.315 24.479 24.236 23.757 22.435 19.783 16.579 16.301 16.023 15.746 
 15.468 15.19 14.912 15.508 16.224 16.94 17.653 18.014 23.672 29.655 
 32.799 35.068 36.152 35.816 34.529 33.917 33.193 32.246 31.764 31.163 
 28.303 
9751 9662.4 9567.6 9473 9372.5 9271.9 9168.8 9069.1 8968.3 8868.8 
 8768.9 8665.3 8562.1 8464.3 8361.4 8261.5 8160.5 8062.2 7960.6 7863.8 
 7765.7 7668.3 7576.2 7482.7 7392 7295.2 7198.3 7101.4 7004.5 6924.7 
 6842.9 6763.7 6683.3 6605.4 6524.6 6443.5 6362.2 6277.5 6193.9 6109 
 6021.5 5933.4 5840.6 5741.7 5642.9 5540.2 5431.5 5316.2 5197.5 5074.5 
 4945.4 4810.4 4667.5 4518.9 4367.7 4209.7 4049 3884.1 3718.8 3552.3 
 3386.4 3219.7 3052.3 2886.7 2726.8 2569.9 2413.2 2264.3 2119.4 1981.4 
 1851.5 1724.9 1596.6 1469.7 1340.5 1209.8 1080.2 948.31 819.17 699.43 
 596.09 504.66 427.67 358.42 297.15 240.51 186.99 129.48 59.39 12.012 
 6.6197 6.4522 6.688 6.9226 7.4006 7.9997 8.5845 9.1801 10.011 10.737 
 11.583 12.528 13.371 13.975 14.452 15.035 16.105 17.31 18.252 19.226 
 20.162 21.011 20.841 20.672 20.502 20.333 20.163 19.994 16.822 15.678 
 16.93 19.793 23.754 25.41 26.747 28.742 30.554 32.47 34.25 35.244 
 36.059 36.667 36.69 36.713 36.736 36.759 36.782 36.805 35.99 35.14 
 34.195 32.989 31.904 30.857 30.596 29.191 28.094 26.929 25.702 24.406 
 23.331 22.244 21.528 21.626 21.512 20.699 18.669 15.952 14.277 14.244 
 14.211 14.177 14.144 14.11 14.077 14.043 14.01 13.976 17.494 23.291 
 26.837 29.478 29.606 29.734 29.862 29.989 30.117 30.245 30.345 29.41 
 28.303 
9751 9687.4 9623.9 9561.7 9500.4 9440.2 9378.8 9318.6 9260.9 9205.8 
 9152.6 9097.4 9042.7 8990.3 8940 8890.6 8840.8 8792.1 8738.8 8689 
 8635.3 8587.8 8540.9 8489.8 8434.7 8378.5 8319.9 8255.9 8189.4 8122.7 
 8056.4 7985.9 7916.4 7847.3 7775.9 7698 7618.9 7541.8 7464.4 7389.3 
 7314.2 7214.3 7114.3 7014.3 6928.3 6839.8 6753.5 6663.7 6566.5 6466.2 
 6364.9 6264.3 6158.4 6051.2 5937.6 5822.4 5703.5 5579.4 5451.4 5316.1 
 5182.6 5046.5 4902.6 4757.8 4602.7 4449 4293.5 4144.1 3997 3852.2 
 3719.7 3596.4 3485.8 3395.2 3320.1 3275.4 3267.4 3247.1 3105.9 2822 
 2441.4 2034.9 1621.9 1248.2 946 691.99 472.94 290.24 117.3 24.608 
 18.812 18.805 18.798 18.791 18.784 18.777 18.77 19.246 19.957 20.916 
 22.006 23.185 24.624 25.953 26.908 28.076 29.168 30.136 30.963 31.7 
 31.937 32.179 32.185 32.419 32.777 33.137 34.077 35.367 35.582 35.797 
 36.012 36.227 36.442 36.657 36.872 37.087 37.442 38.038 39.216 39.365 
 39.515 39.665 39.814 39.964 39.844 38.919 38.41 38.174 37.704 37.098 
 36.158 35.778 34.46 33.527 33.501 33.618 34.211 35.994 38.026 38.982 
 39.121 40.181 41.712 42.586 42.594 41.902 40.579 39.039 37.85 36.539 
 35.338 34.029 32.709 31.603 30.636 30.392 29.686 29.672 33.754 37.37 
 38.623 38.646 38.176 37.238 35.704 34.152 32.921 32.201 31.259 30.404 
 28.303 
9751 9724.4 9700.7 9680.1 9663.5 9647.9 9636.2 9628.5 9624.6 9622.1 
 9623.4 9623.4 9627.4 9635.1 9643.2 9658.3 9670.2 9684.6 9698.5 9711.7 
 9727 9740.1 9754.3 9763.2 9765.9 9771 9771 9769.6 9764.5 9761.8 
 9752.9 9738.5 9728.1 9717.8 9702.2 9688.1 9676.2 9656.6 9633.8 9604.8 
 9572.9 9540.5 9503.6 9463.8 9430 9397.4 9372 9348.4 9326.1 9300.4 
 9266.8 9249 9229.3 9211 9186.6 9147.1 9109 9070 9040.4 9031.3 
 9013.4 9008.4 9028 9043.4 9055.6 9102.7 9203.4 9368.6 9549.6 9709.1 
 9788.2 9747 9527.5 9080.8 8126.1 7171.3 6214.7 5078.8 4069.4 3298.8 
 2794.3 2496.9 2332.1 2198.9 2007.3 1752.8 1479.2 1106.7 312.13 32.932 
 29.993 29.992 29.876 29.994 30.234 30.366 30.95 31.308 31.547 32.153 
 32.88 33.595 34.669 35.526 36.836 38.239 40.048 41.496 43.023 44.243 
 45.526 46.976 48.424 49.974 51.523 51.515 51.508 51.501 51.494 51.487 
 50.292 48.835 47.297 46.481 46.363 46.364 46.479 46.229 45.501 44.059 
 42.895 42.8 42.706 42.612 42.517 42.423 43.374 44.571 44.571 44.69 
 44.697 45.42 45.882 45.767 45.882 45.283 44.803 44.452 44.451 44.455 
 44.692 45.166 45.05 45.168 44.57 43.851 42.615 40.599 38.471 36.32 
 34.533 34.294 34.291 34.177 34.281 33.813 33.7 33.892 36.226 39.822 
 42.576 44.709 45.764 45.646 45.527 45.527 45.624 44.559 43.613 42.635 
 28.303 
9751 9765.3 9784.3 9805.3 9835.3 9869.3 9904.7 9942.6 9981.3 10025 
 10072 10122 10174 10229 10287 10339 10388 10438 10492 10540 
 10584 10625 10669 10711 10747 10784 10819 10846 10866 10885 
 10897 10913 10928 10948 10958 10965 10962 10951 10935 10916 
 10893 10873 10852 10833 10810 10789 10767 10741 10703 10658 
 10616 10586 10560 10540 10527 10517 10495 10468 10460 10455 
 10451 10437 10429 10435 10462 10528 10601 10660 10650 10505 
 10182 9642.9 8876.7 7932.7 6907.5 5933 5043.2 4254.6 3692.6 3132 
 2571.4 2241.8 1982.6 1751.8 1526.5 1285.8 982.54 512.44 68.821 30.496 
 29.545 29.408 30.236 31.756 33.453 35.255 36.898 38.48 39.889 41.465 
 42.642 43.732 44.82 45.762 46.496 47.429 48.164 49.125 49.83 50.439 
 51.262 51.281 51.998 52.025 52.051 52.077 52.104 52.13 51.289 50.588 
 49.742 49.02 48.312 47.463 46.621 46.502 46.5 46.734 47.688 48.743 
 48.888 49.009 48.305 47.58 47.459 46.749 46.655 46.562 46.469 46.375 
 46.282 46.189 46.095 46.002 45.909 44.954 43.546 41.978 40.333 38.99 
 37.431 35.78 34.436 33.145 32.289 32.239 32.189 32.139 32.088 32.038 
 31.441 30.732 29.534 28.244 27.027 26.776 29.003 32.053 32.155 32.865 
 33.806 34.538 34.897 35.142 36.192 37.397 37.534 37.181 36.818 36.817 
 28.303 
9751 9800.8 9849 9898.8 9955.1 10013 10074 10134 10199 10263 
 10328 10390 10451 10512 10575 10635 10692 10749 10799 10848 
 10897 10940 10982 11021 11057 11087 11113 11135 11149 11163 
 11171 11179 11181 11175 11167 11150 11127 11093 11058 11018 
 10970 10919 10855 10783 10710 10641 10570 10500 10416 10328 
 10228 10115 9992 9869 9748.5 9606.9 9451.7 9291.5 9138 8981.3 
 8813.4 8644.4 8482.5 8327.5 8197.9 8102.2 8059.9 8092.4 8188.7 8329.7 
 8465.9 8525.1 8421.6 8087.6 7497.6 6733.1 5842 4925.9 4115.2 3584.8 
 3054.4 2525.3 2139 1804.3 1490.4 1153.6 769.72 483.3 103.72 30.882 
 30.182 30.182 30.312 30.785 31.748 32.59 33.65 34.356 35.078 35.789 
 35.906 36.51 36.978 37.58 37.943 38.41 39.025 39.727 40.804 41.771 
 42.716 43.537 43.421 43.423 43.524 42.817 42.206 41.51 40.905 40.716 
 40.528 40.339 40.201 40.064 39.926 39.788 39.651 39.513 39.375 39.238 
 38.036 37.088 36.738 36.493 36.249 36.005 35.761 35.517 35.273 33.98 
 33.019 31.849 31.24 30.52 29.928 29.207 28.505 27.904 27.194 25.975 
 24.657 23.256 22.529 21.707 20.844 19.529 18.48 17.768 17.535 17.533 
 17.416 17.178 17.175 17.058 17.062 17.193 19.344 20.798 22.09 23.416 
 24.713 26.15 27.086 27.932 28.873 30.063 30.187 30.417 30.299 30.299 
 28.303 
9751 9828.4 9900.8 9975.5 10051 10121 10192 10256 10316 10374 
 10428 10481 10529 10575 10617 10655 10693 10724 10752 10773 
 10791 10807 10817 10819 10821 10814 10804 10789 10770 10749 
 10723 10685 10642 10587 10533 10467 10400 10321 10238 10149 
 10055 9952.8 9845.1 9729.5 9614 9490.5 9352.8 9221.1 9081.2 8931.8 
 8782.8 8614.4 8446.9 8271.5 8073.9 7880.3 7677.9 7484 7292.9 7108.6 
 6934.6 6769.4 6600.5 6436.9 6266.8 6082.2 5879.6 5636 5352 5028 
 4687 4324.9 3979.2 3748.3 3517.5 3287.7 3166.8 3157.4 3271.8 3415.5 
 3447.6 3310 3017.2 2509.5 2047.7 1764.9 1304.7 786.02 136.76 20.968 
 18.626 17.433 16.605 16.251 15.882 15.816 15.75 15.683 15.617 15.551 
 15.485 15.419 15.671 16.386 17.211 18.047 18.646 18.888 19.128 19.49 
 19.84 20.205 20.795 21.303 22.238 22.589 23.075 23.549 24.143 24.267 
 24.497 24.381 24.483 23.387 22.312 21.15 21.089 21.028 20.967 20.906 
 20.845 20.784 20.724 20.663 20.602 20.541 19.714 19.109 19.043 18.978 
 18.913 18.847 18.782 19.626 20.562 21.297 22.365 23.682 24.498 24.51 
 25.24 26.291 26.298 26.53 26.652 26.885 26.769 26.772 26.895 27.378 
 28.21 28.515 28.819 29.124 29.429 29.734 30.038 32.759 34.691 36.119 
 37.173 38.002 38.008 38.483 38.61 39.436 39.44 39.552 39.31 39.076 
 28.303 
9751 9845.5 9927.6 10012 10086 10157 10223 10278 10330 10373 
 10417 10451 10479 10500 10512 10518 10521 10519 10515 10502 
 10487 10468 10448 10422 10389 10344 10293 10242 10183 10118 
 10045 9965.7 9883.1 9799 9703.9 9589.9 9474.6 9358.3 9231 9101.5 
 8974.8 8843.9 8707 8568.1 8428.4 8280.6 8128.4 7968.5 7797.6 7618.9 
 7431.3 7227.7 7019.3 6809.4 6593.8 6376.1 6146.4 5905.5 5654.7 5391.3 
 5119.3 4832 4550.9 4270.2 4001.1 3748.3 3526.9 3305.8 3093.7 2870.9 
 2624.2 2378.2 2140.5 1919.2 1716.3 1527.1 1351 1176.3 994.41 836.9 
 700.83 583.6 470.79 373.5 297.29 222.66 149.11 77.492 12.94 6.5489 
 5.7354 5.4977 5.4947 5.3782 5.3819 5.4977 5.4992 5.6172 5.6261 6.1083 
 6.5868 6.9425 7.4057 7.307 8.1439 8.7406 9.2167 9.8263 10.525 10.995 
 10.998 11.244 11.595 11.832 11.782 9.7946 9.342 9.9607 13.314 15.335 
 16.511 17.474 18.412 18.9 19.492 19.849 20.321 20.68 20.927 21.394 
 21.52 21.872 22.354 22.585 22.469 22.462 22.226 21.75 21.625 21.393 
 21.396 21.515 21.772 22.592 22.712 22.763 22.813 22.864 22.914 22.964 
 23.015 23.065 22.947 22.95 23.308 23.429 23.551 23.766 23.981 24.196 
 24.41 24.625 24.862 24.958 23.258 21.631 21.571 24.745 28.25 30.255 
 30.837 30.853 30.869 30.885 30.901 30.917 30.933 30.949 30.715 30.715 
 28.303 
9751 9849.3 9936.5 10021 10093 10159 10221 10274 10316 10350 
 10377 10395 10409 10413 10411 10405 10395 10378 10354 10323 
 10290 10249 10205 10151 10101 10043 9977.8 9910.4 9837.8 9760.2 
 9668.8 9574 9467.6 9361.8 9250.9 9139.8 9031.2 8915.7 8797.2 8671.7 
 8545.2 8416.2 8284.6 8151.1 8015 7872.5 7718.9 7553.9 7379.6 7198.9 
 7008.9 6808.9 6588.5 6366.5 6141.3 5912.3 5678.3 5429.9 5173.5 4902.1 
 4627.6 4359.8 4109.5 3874.5 3660.6 3446.8 3232.1 2984.1 2702.7 2422.7 
 2153.3 1903.2 1683.9 1488.9 1309.5 1142.2 991.07 832.77 705.38 599.37 
 506.42 420.16 342.66 278.57 221.58 163.94 108.69 52.789 9.5184 3.5706 
 3.5274 3.4842 3.4411 3.3979 3.3547 3.3115 3.2684 3.2252 3.353 3.9499 
 4.7834 5.2563 5.4926 5.8567 6.2235 6.8219 7.4125 8.028 9.1928 9.3099 
 9.7951 10.158 10.623 10.626 10.862 10.981 11.101 11.22 11.237 11.825 
 13.76 15.899 17.19 17.431 17.663 17.551 18.162 18.744 18.984 19.118 
 19.252 19.386 19.52 19.653 19.787 19.921 19.946 19.971 19.996 20.021 
 20.047 19.566 18.616 17.667 17.835 19.712 20.766 20.649 20.652 20.774 
 21.009 21.136 21.487 21.604 21.607 21.721 21.607 21.727 21.843 21.962 
 22.081 22.2 22.32 22.439 22.309 21.835 21.246 21.247 21.412 23.575 
 25.794 27.244 27.418 27.592 27.766 27.94 28.114 28.288 28.288 28.288 
 28.303 
