IESNA:LM-63-2002
[TEST] 1
[TESTLAB] 
[TESTDATE] 2025-06-14
[ISSUEDATE] 2025-06-14 17:00:33
[LAMPPOSITION] 0,0
[OTHER] EVERFINE GO-2000A_V1 SYSTEM
[MANUFAC] 
[LUMINAIRE] 100W-4000K
[LAMP] WP09A-14-120L-S2D4C3
TILT=NONE
1 14936 1 181 17 1 2 0.190 0.300 0.000
1.000 1 96.9596
0.0    1.0    2.0    3.0    4.0    5.0    6.0    7.0    8.0    9.0    
 10.0   11.0   12.0   13.0   14.0   15.0   16.0   17.0   18.0   19.0   
 20.0   21.0   22.0   23.0   24.0   25.0   26.0   27.0   28.0   29.0   
 30.0   31.0   32.0   33.0   34.0   35.0   36.0   37.0   38.0   39.0   
 40.0   41.0   42.0   43.0   44.0   45.0   46.0   47.0   48.0   49.0   
 50.0   51.0   52.0   53.0   54.0   55.0   56.0   57.0   58.0   59.0   
 60.0   61.0   62.0   63.0   64.0   65.0   66.0   67.0   68.0   69.0   
 70.0   71.0   72.0   73.0   74.0   75.0   76.0   77.0   78.0   79.0   
 80.0   81.0   82.0   83.0   84.0   85.0   86.0   87.0   88.0   89.0   
 90.0   91.0   92.0   93.0   94.0   95.0   96.0   97.0   98.0   99.0   
 100.0  101.0  102.0  103.0  104.0  105.0  106.0  107.0  108.0  109.0  
 110.0  111.0  112.0  113.0  114.0  115.0  116.0  117.0  118.0  119.0  
 120.0  121.0  122.0  123.0  124.0  125.0  126.0  127.0  128.0  129.0  
 130.0  131.0  132.0  133.0  134.0  135.0  136.0  137.0  138.0  139.0  
 140.0  141.0  142.0  143.0  144.0  145.0  146.0  147.0  148.0  149.0  
 150.0  151.0  152.0  153.0  154.0  155.0  156.0  157.0  158.0  159.0  
 160.0  161.0  162.0  163.0  164.0  165.0  166.0  167.0  168.0  169.0  
 170.0  171.0  172.0  173.0  174.0  175.0  176.0  177.0  178.0  179.0  
 180.0  
0.0    22.5   45.0   67.5   90.0   112.5  135.0  157.5  180.0  202.5  
 225.0  247.5  270.0  292.5  315.0  337.5  360.0  
3932.8 3995.2 4019.6 4097.7 4170.7 4249.1 4327.5 4398.8 4460.8 4544.7 
 4566.8 4631.1 4620.8 4668.9 4680.1 4734.1 4720.9 4806.5 4811.8 4897.8 
 4928.1 5039.5 5054.7 5152.3 5177.4 5197.1 5203.1 5254.3 5293.5 5277.9 
 5316 5335.4 5318.3 5379.1 5428 5429.7 5422.6 5443.8 5459.4 5424.7 
 5500.7 5430.8 5451 5512.7 5665.5 5591.2 5632.8 5537.6 5595.1 5518.6 
 5401.9 5378.5 5403.6 5388.2 5420.2 5474 5484 5383.3 5291.1 5424.8 
 5495.9 5399.6 5332.8 5288.9 5245 5215.9 5212.7 5173.3 5073.8 4992.4 
 4916.3 4835.6 4786.4 4733.8 4687.5 4680 4628.8 4572.4 4611.4 4489.8 
 4355.1 4333.7 4265.7 4176.1 4030.5 3936.6 3928.3 3678.2 3225.9 2742.1 
 2296.7 2110.6 2051.4 2040.8 2046.5 2032 1986.5 1887.5 1788.2 1687 
 1626.9 1580.3 1525.5 1463.9 1435.5 1483.6 1495.8 1440.3 1351.9 1260.5 
 1175.9 1096.8 1022.1 954.65 889.19 827.62 775.48 730.08 690.88 656.71 
 625.33 595.51 566.27 537.67 509.85 482.54 455.71 429.17 403.35 376.89 
 351.7 326.8 301.41 277.08 253.85 232.24 212.38 196.59 180.81 167.51 
 156.39 146.2 137.12 128.99 121.25 113.9 106.7 99.841 93.315 86.215 
 80.553 76.164 72.238 68.543 65.171 61.71 58.356 54.976 51.801 48.721 
 45.625 42.699 39.917 37.238 34.718 32.532 30.455 28.455 26.551 24.902 
 23.442 22.504 22.878 23.346 23.826 24.318 24.849 25.379 25.882 26.435 
 26.93 
3932.8 3963.3 3967.9 4065.5 4101.9 4174.8 4278.5 4324.1 4413.5 4458.8 
 4555.3 4573.5 4634.4 4622.1 4639.8 4673.4 4674.8 4716.5 4733.3 4822.8 
 4822.7 4912.4 4902.7 4995 4946.7 5033.3 5026.4 5046.4 5052.9 5110.3 
 5154.1 5143.7 5140.4 5243.1 5213.3 5256.3 5259.6 5311.4 5310 5265.2 
 5211.9 5204.3 5209.9 5187.4 5191 5262.1 5266 5282.2 5311.9 5298.5 
 5304.5 5193 5154.1 5140.5 5102.9 5102.4 5129 5138.5 5119.3 5083.2 
 5062 5082.9 5104.8 5088.1 5037.1 4998.8 4968.1 4907.6 4861.6 4820.2 
 4764.9 4718.9 4660.2 4588.2 4513.7 4435.2 4391.2 4350.9 4298.4 4244.1 
 4189.6 4109.2 4070.8 3999.8 3928.4 3793.7 3727.8 3644.5 3542 3476.3 
 3428.1 3350.9 3290.6 3224 3122.2 3006.1 2894.7 2783.4 2662.7 2545.9 
 2442.4 2349.9 2260.8 2152.3 2029.8 1905 1785.2 1665.3 1541.8 1420.9 
 1304.6 1193.2 1091 1000.7 920.13 849.63 786.95 731.41 680.88 635 
 592.1 553.83 516.51 483.02 451.29 420.95 392.72 364.51 338.35 313.35 
 290.68 269.38 249.36 231.02 213.72 197.96 183.42 170.19 158.52 147.85 
 138.29 129.44 121.55 114.28 107.65 101.62 95.726 88.713 83.055 77.984 
 73.193 68.772 65.032 61.345 58.019 54.792 51.631 48.676 45.675 42.811 
 39.958 37.3 34.804 32.469 30.461 28.474 26.664 24.886 23.167 21.831 
 21.033 21.508 22.038 22.551 23.086 23.58 24.097 24.611 25.131 25.66 
 26.93 
3932.8 3957.7 3969.4 4018.8 4082.8 4106.6 4194.2 4244.1 4269.5 4294.8 
 4377.6 4433.8 4464.9 4494 4487.6 4511.2 4565.9 4498.7 4502.5 4555.8 
 4554 4587.6 4579.9 4580.5 4648 4630.7 4626.1 4651.3 4633.2 4657.1 
 4666.7 4623 4635.7 4660.4 4639.8 4651.9 4631.2 4611.8 4634.3 4602.8 
 4618.6 4583.2 4591.6 4581.6 4544.9 4568 4498 4470.9 4390.3 4365 
 4294.3 4206.6 4142.3 4103.8 4081.2 4020.2 3993.3 3910.5 3855.8 3827.6 
 3812 3788.7 3758.7 3738.5 3728.1 3702.5 3674.2 3647 3604.5 3557.3 
 3506.5 3460.6 3408.9 3357 3311.7 3261.6 3221 3161.7 3095.6 3020.1 
 2956.6 2865.7 2794 2732 2667.8 2592 2520.9 2442.5 2362.2 2285.9 
 2199.5 2104.7 2026.2 1945.2 1863.6 1782 1696 1614.6 1537.9 1456.2 
 1374.5 1291 1203.8 1118 1037.7 968.55 904.23 846.05 794.68 745.26 
 700.5 660.67 625.13 592.94 563.83 536.51 511.41 487 463.46 440.14 
 416.95 394.54 371.5 348.73 326.32 303.85 282.58 261.65 242.04 224.09 
 208.6 193.1 179.12 166.34 154.37 143.42 133.29 124.24 116.25 108.71 
 100.98 95.297 89.761 84.648 79.729 75.139 69.97 65.56 61.398 57.206 
 53.798 50.734 47.646 45.001 42.326 39.88 37.454 35.291 33.29 31.428 
 29.514 27.706 25.996 24.404 23.051 21.772 20.861 20.412 20.715 21.137 
 21.566 22.008 22.466 23.001 23.577 24.087 24.557 25.053 25.58 26.044 
 26.93 
3932.8 3914.7 3946.9 3985.7 3977 4013.4 4041.4 4056.2 4078.1 4104.5 
 4119.8 4129.1 4155.8 4161.8 4196.2 4227.9 4206.8 4215.8 4230.7 4242.3 
 4253.4 4262.5 4253.2 4225.8 4214.8 4211.7 4190.9 4155.4 4119.9 4098.6 
 4071.5 4045.5 3994.3 3968.4 3954.9 3911.5 3862.2 3841.4 3801.7 3754.1 
 3718.1 3683.3 3630.4 3599.4 3553.7 3493.8 3461.3 3401 3346.2 3307.6 
 3250.7 3204.3 3160.8 3097.9 3059.8 3025.5 2979.3 2936.2 2892.7 2850 
 2797.6 2765.5 2678.3 2663.7 2577.3 2524 2404.9 2231.6 2099.6 2006.1 
 1934.7 1869.8 1805.4 1748.7 1697.5 1651.7 1602 1534.6 1466 1406.2 
 1349.7 1303.2 1246 1181.7 1118.7 1060.2 1003.1 948 894.7 835.38 
 785.91 738.16 691.7 648.57 608.27 568.54 529.79 492.17 456.19 422.13 
 393.19 364.26 339.46 317.6 298.22 281 265.86 252.29 239.3 227.31 
 216.25 205.83 196.01 187.16 178.6 170.38 162.22 154.33 146.62 138.85 
 130.93 122.64 114.05 105.1 97.5 90.253 83.14 76.483 71.379 67.114 
 63.029 59.531 56.395 53.057 50.143 47.735 44.933 42.635 40.282 38.223 
 36.453 34.687 33.087 31.783 30.575 29.5 28.494 27.569 26.681 25.848 
 25.083 24.351 23.651 22.946 22.204 21.474 20.968 20.942 20.961 20.987 
 21.06 21.171 21.325 21.488 21.685 21.919 22.186 22.485 22.809 23.151 
 23.493 23.825 24.18 24.545 24.985 25.572 26.005 26.376 26.736 27.113 
 26.93 
3932.8 3949.4 3930.8 3939.9 3946.5 3963.5 3923.7 3919.5 3943.8 3940.6 
 3894.9 3890.3 3872.6 3867.8 3840.2 3805.9 3783.8 3771.3 3753.9 3728.6 
 3696.6 3683 3657.5 3620.7 3583.1 3539.9 3499.6 3446.3 3398.9 3351.1 
 3298.7 3243.9 3188.8 3131.2 3072 3013.9 2949.2 2884.9 2817.1 2747.5 
 2674.9 2601.9 2529 2457.3 2386.1 2318.1 2251.7 2189.8 2132.8 2080.7 
 2032.3 1988.6 1947.4 1906.3 1863.8 1821.8 1778.2 1735.4 1694.5 1648.3 
 1600.1 1551.2 1501.3 1449.1 1396.3 1339.9 1279 1214.6 1145.7 1074 
 999.12 922.52 845.4 768.29 690.91 615.11 543.26 476.44 417.15 357.87 
 307.19 262.13 221.91 186.7 156.45 130.14 108.43 90.435 76.614 65.685 
 57.36 51.355 47.826 45.678 44.432 44.181 44.926 46.277 48.37 50.849 
 53.268 55.476 57.242 58.554 59.532 60.021 60.43 60.308 60.031 59.442 
 58.514 57.448 56.209 54.821 53.232 51.645 50.065 48.347 46.507 44.611 
 42.437 39.998 37.363 34.722 32.172 27.001 23.202 22.007 22.181 22.47 
 22.787 23.096 23.386 23.706 24.063 24.428 24.777 25.13 25.473 25.813 
 26.157 26.497 26.813 27.146 27.472 27.761 28.047 28.338 28.631 28.916 
 29.182 29.447 29.701 29.934 30.181 30.407 30.624 30.837 31.042 31.245 
 31.433 31.603 31.764 31.94 32.108 32.269 32.412 32.561 32.659 32.776 
 32.84 32.853 32.899 32.938 32.963 33.022 33.139 33.178 33.184 33.184 
 26.93 
3932.8 3950.7 3868.3 3840.5 3815.2 3760.3 3705.8 3683.6 3635.3 3581.2 
 3527.6 3458.3 3406.5 3344.5 3294.4 3211.1 3129.5 3065.8 3002.4 2932.4 
 2854.6 2777.8 2702 2617.7 2526 2436.2 2346.4 2249.2 2150.4 2058.4 
 1963.7 1871.5 1786 1699.1 1616.6 1537.7 1460.8 1387.2 1315 1246.1 
 1179.3 1115.5 1055.6 998.79 946.55 900.07 857.38 818.19 783.97 752.16 
 723.86 699.17 676.2 654.4 633.24 612.82 592.31 569.08 544 519.32 
 499.61 480.24 460.51 440.54 420.32 396.72 376.35 356.44 336.06 313.25 
 292.22 271.45 249.99 230.92 212.22 195.04 177.89 162.03 147.56 134.3 
 123.1 113.2 104.3 96.83 90.531 85.095 80.567 76.838 73.913 71.281 
 68.956 66.459 64.368 62.726 61.198 59.854 58.175 56.67 55.47 54.295 
 52.966 51.611 50.511 49.678 48.865 48.028 46.968 45.868 44.92 44.217 
 43.601 43.1 42.676 42.189 41.627 40.901 40.095 39.338 38.57 37.778 
 36.928 36.085 35.185 34.182 33.102 32.357 31.92 31.612 31.472 31.452 
 31.503 31.639 31.796 31.957 32.133 32.332 32.534 32.74 32.924 33.144 
 33.332 33.507 33.637 33.773 33.884 33.993 34.079 34.176 34.261 34.351 
 34.429 34.481 34.514 34.546 34.572 34.579 34.579 34.579 34.579 34.585 
 34.527 34.476 34.404 34.372 34.301 34.217 34.131 34.004 33.841 33.692 
 33.464 33.211 32.965 32.757 32.582 32.408 32.244 32.102 31.945 31.79 
 26.93 
3932.8 3900.3 3829.9 3708.2 3693.7 3564.1 3493.9 3432.7 3313.4 3203.8 
 3126.2 3025.1 2922.5 2802.7 2664.3 2538.1 2410.2 2281.2 2160.2 2028.7 
 1892.1 1764.9 1642.3 1525.3 1416.7 1314.6 1225.6 1141.2 1068.5 1004.1 
 942.18 885.96 835.27 788.31 744.78 704.01 665.91 629.06 593.79 559.08 
 513.96 468.08 440.43 416.88 394.79 372.69 350.96 331.25 304.08 283.08 
 266.11 250.22 235.19 220.13 201.68 188.92 176.61 164.61 151.65 141.06 
 130.82 120.43 110.84 101.18 92.022 83.025 73.928 66.149 58.621 51.879 
 46.594 44.765 43.438 42.165 41.02 39.952 38.919 37.948 37.015 36.164 
 35.484 34.971 34.659 34.47 34.314 34.215 34.132 34.125 34.138 34.204 
 34.339 34.513 34.681 34.774 34.767 34.715 34.631 34.631 34.638 34.683 
 34.781 34.898 35.051 35.228 35.396 35.558 35.708 35.85 35.948 36.026 
 36.084 36.13 36.24 36.37 36.532 36.713 36.895 37.076 37.278 37.465 
 37.673 37.874 38.051 38.22 38.386 38.549 38.697 38.834 38.964 39.1 
 39.225 39.367 39.49 39.588 39.691 39.763 39.82 39.873 39.899 39.899 
 39.899 39.879 39.833 39.781 39.711 39.626 39.548 39.439 39.34 39.218 
 39.095 38.933 38.764 38.576 38.405 38.226 38.003 37.764 37.551 37.309 
 37.051 36.748 36.452 36.162 35.85 35.495 35.151 34.766 34.324 33.923 
 33.503 33.069 32.621 32.23 31.854 31.503 31.153 30.805 30.486 30.182 
 26.93 
3932.8 3837.3 3742 3683.2 3532.5 3411.5 3301.6 3178.2 3068.4 2918.6 
 2773.1 2629.7 2476.9 2325.2 2169.9 2009.5 1853.3 1697.2 1545.3 1413.1 
 1289.8 1182.4 1089.1 1008.4 938.49 876.81 822.77 772.8 727.58 684.45 
 641.34 602.1 555.62 492.85 451.96 421.8 390.26 362.3 338.55 313.62 
 280.15 256.97 240.93 224.78 210.43 198.44 184.67 174.6 165.09 155.58 
 146.24 138.18 130.04 121.67 113.36 104.64 96.377 86.233 77.569 65.453 
 56.34 46.752 38.322 28.379 19.178 18.238 18.718 19.194 19.739 20.287 
 20.868 21.44 22.044 22.646 23.243 23.866 24.463 25.06 25.641 26.229 
 26.784 27.283 27.765 28.229 28.684 29.129 29.609 30.098 30.36 30.627 
 31.013 31.465 31.899 32.474 33.267 33.935 34.472 34.868 35.123 35.33 
 35.441 35.768 36.475 37.119 37.822 38.585 39.183 39.632 40.039 40.358 
 40.615 40.865 41.121 41.343 41.558 41.779 41.986 42.182 42.375 42.556 
 42.74 42.9 43.045 43.186 43.323 43.44 43.544 43.641 43.745 43.829 
 43.894 43.927 43.966 43.973 43.967 43.967 43.973 43.934 43.896 43.857 
 43.798 43.708 43.586 43.455 43.287 43.118 42.935 42.73 42.54 42.297 
 42.03 41.71 41.377 41.021 40.621 40.21 39.802 39.365 38.94 38.485 
 37.98 37.472 36.98 36.506 36.011 35.507 35.03 34.528 33.992 33.529 
 32.995 32.459 31.934 31.452 30.996 30.504 30.046 29.568 29.107 28.714 
 26.93 
3932.8 3839 3728.6 3663.2 3523.6 3407.5 3250.5 3131.2 2993.7 2838.5 
 2676.6 2504.5 2338.8 2175.2 2005.7 1835.7 1666.1 1506.6 1363.2 1238.5 
 1130.1 1034.9 957.61 893.1 832.99 781.71 734.88 688.73 646.09 604.17 
 554.51 491.18 451.15 416.01 390.25 364.46 335.33 311.76 280.34 261.4 
 245.52 231.31 216.78 202.56 190.79 181.73 173.13 165.08 158.65 152.98 
 147.87 142.97 135.64 128 118.7 106.69 95.233 82.567 72.616 63.091 
 49.645 33.762 21.927 21.303 21.84 22.427 23.085 23.775 24.484 25.22 
 25.97 26.676 27.363 28.037 28.629 28.268 28.112 28.643 28.779 27.715 
 27.741 28.333 28.917 29.509 30.105 30.694 31.257 31.764 32.261 32.766 
 33.206 33.632 34.115 34.575 35.053 35.501 35.938 36.381 36.835 37.219 
 37.52 37.861 38.237 38.889 39.482 39.516 39.529 39.789 40.077 40.487 
 40.548 40.767 40.976 41.17 41.325 41.514 41.676 41.844 41.982 42.112 
 42.234 42.344 42.449 42.553 42.669 42.76 42.845 42.942 43.026 43.116 
 43.155 43.149 43.149 43.11 43.064 43.019 42.942 42.864 42.799 42.754 
 42.682 42.592 42.43 42.319 42.312 42.19 42.04 41.858 41.644 41.416 
 41.159 40.857 40.545 40.176 39.815 39.435 39.041 38.626 38.212 37.785 
 37.3 36.789 36.296 35.799 35.29 34.765 34.271 33.768 33.209 32.691 
 32.136 31.567 30.978 30.436 29.929 29.415 28.911 28.394 27.892 27.392 
 26.93 
3932.8 3817.6 3722.2 3657.4 3518.6 3407.6 3303.6 3164.7 3049.2 2899.1 
 2753.3 2605.4 2445.7 2293.4 2137.7 1978.3 1827.1 1676.1 1526.6 1391.4 
 1266 1160 1067.9 988.47 922.01 862.39 810.56 762.19 716.87 674.03 
 631.02 591.09 541.1 480.27 442.9 411.63 381.13 353.19 329.23 305.19 
 269.71 249.56 233.87 218.55 205.24 191.95 179.43 169.25 159.48 149.58 
 140.52 132.15 123.69 115.27 106.21 97.565 88.295 78.435 68.155 58.217 
 48.029 39.763 31.999 21.185 17.759 18.191 18.657 19.146 19.674 20.2 
 20.771 21.337 21.911 22.489 23.055 23.644 24.198 24.762 25.331 25.876 
 26.413 26.931 27.405 27.856 28.295 28.751 29.226 29.75 30.249 30.56 
 30.764 31.19 31.642 32.152 33.037 33.636 34.145 34.623 34.58 34.709 
 34.426 34.559 35.073 36.083 36.94 38.046 38.646 39.011 39.262 39.367 
 39.36 39.367 39.463 39.522 38.838 38.325 38.322 38.4 38.484 38.684 
 38.887 39.079 39.262 39.431 39.611 39.762 39.903 40.041 40.144 40.262 
 40.345 40.431 40.483 40.508 40.535 40.541 40.541 40.541 40.541 40.541 
 40.535 40.457 40.323 40.173 39.998 39.828 39.802 40.719 40.877 40.872 
 40.497 40.089 39.687 39.238 38.84 38.385 37.923 37.46 36.997 36.501 
 35.984 35.441 34.931 34.436 33.924 33.414 32.933 32.423 31.913 31.421 
 30.897 30.361 29.838 29.352 28.919 28.436 27.963 27.496 27.022 26.603 
 26.93 
3932.8 3879.5 3808 3706.9 3678.7 3542 3470.6 3385.6 3270.6 3157.7 
 3067 2954.9 2830.4 2709.3 2587.7 2462.8 2329.2 2198.9 2074.1 1950.8 
 1823.5 1704.2 1590.6 1476.2 1366.2 1265 1173.4 1094.6 1027.4 965.64 
 906.07 851.74 802.34 756.8 714.42 675.06 637.85 602.67 568.14 529.92 
 483.78 446.2 420.8 398.33 375.88 353.99 333.15 309.51 284.45 266.91 
 250.85 236.01 221.6 203.19 189.83 177.57 165.19 152.14 141.55 130.95 
 120.49 111.01 101.51 92.309 83.294 74.188 65.967 58.182 51.146 46.907 
 45.159 43.541 42.057 40.666 39.417 38.301 37.258 36.287 35.452 34.835 
 34.217 33.643 33.209 32.991 32.815 32.627 32.517 32.406 32.393 32.393 
 32.393 32.393 32.393 32.393 32.393 32.393 32.393 32.413 32.483 32.607 
 32.756 32.969 33.164 33.339 33.52 33.683 33.834 34.014 34.171 34.319 
 34.462 34.579 34.722 34.87 35 35.143 35.279 35.435 35.578 35.7 
 35.544 34.694 34.268 34.345 34.403 34.547 34.683 34.8 34.922 35.078 
 35.235 35.391 35.533 35.655 35.753 35.832 35.903 35.954 35.987 36.045 
 36.039 36.038 35.987 35.915 35.804 35.707 35.598 35.481 35.371 35.227 
 35.06 34.846 34.622 34.41 34.421 35.046 35.279 35.157 34.86 34.534 
 34.166 33.739 33.326 32.934 32.538 32.111 31.704 31.286 30.855 30.426 
 30.013 29.591 29.167 28.786 28.463 28.104 27.742 27.378 27.029 26.743 
 26.93 
3932.8 3924.4 3861.4 3821.5 3789.7 3730.5 3657.2 3638.4 3584.5 3489.6 
 3425.6 3378.8 3310.8 3243.5 3176.5 3093.7 3024.8 2956.1 2877.6 2807.2 
 2730.3 2634.4 2540 2449.2 2355.2 2262.8 2166.8 2069.9 1977.2 1885.4 
 1795 1711 1627.5 1547.4 1470.5 1395.3 1323 1250.3 1183.5 1118.2 
 1055.5 997.22 943.67 893.97 848.47 807.76 769.16 733.38 700.97 672.26 
 646.19 621.71 598.35 576.09 554.77 533.68 509.92 486.08 463.2 442.57 
 422.81 403.13 383.72 362.03 341.57 322.25 303.04 283.18 263.49 244.89 
 225.53 208.35 191.62 175.58 160.74 146.75 134.29 123 113.46 105.03 
 97.883 91.712 86.445 82.067 78.132 75.135 72.456 70.159 68.065 66.134 
 64.239 62.512 60.791 59.077 57.307 55.701 54.382 53.241 52.2 51.09 
 49.81 48.547 47.327 46.287 45.313 44.358 43.373 42.357 41.42 40.643 
 40 39.38 38.678 37.979 37.339 36.776 36.287 35.892 35.518 35.138 
 34.745 34.344 33.742 33.076 32.401 31.633 30.776 30.131 29.744 29.528 
 29.402 29.363 29.428 29.543 29.68 29.814 29.977 30.133 30.301 30.465 
 30.621 30.706 30.706 30.602 30.404 30.382 30.381 30.381 30.426 30.446 
 30.446 30.446 30.446 30.446 30.446 30.446 30.587 30.723 30.97 31.24 
 31.309 31.309 31.207 31.051 30.855 30.663 30.474 30.356 30.141 29.865 
 29.617 29.357 29.112 28.864 28.65 28.431 28.221 28.009 27.781 27.658 
 26.93 
3932.8 3943.1 3939.4 3932.2 3939.8 3926.6 3883.8 3906.7 3877.4 3841 
 3828.2 3816.9 3789.5 3767.9 3738.7 3722.3 3706.5 3687.3 3645.9 3616.7 
 3595.9 3555.4 3496.2 3446 3400.9 3345.2 3297.1 3242 3189 3130 
 3073 3013.3 2951.5 2888.7 2822.5 2757.1 2687.8 2615.4 2542 2469.3 
 2396.1 2324.2 2250.3 2181 2115.3 2052.2 1997.1 1943.1 1890.4 1841 
 1793.9 1746.6 1700.5 1653.6 1603.6 1554.7 1504.4 1452 1402.8 1350.4 
 1297 1243.2 1189.7 1130.5 1067.7 1003.9 937.86 872.81 806.2 740.3 
 674.64 611.05 549.95 490.6 435.39 384.6 338.39 297.32 259.74 226.97 
 199.29 171.63 147.94 127.07 109.28 93.804 81.049 70.924 63.037 57.629 
 53.78 51.047 49.36 48.852 49.318 50.311 51.86 53.649 55.4 57.107 
 58.492 59.547 60.277 60.588 60.8 60.687 60.301 59.555 58.563 57.409 
 56.038 54.474 52.694 50.976 49.168 47.265 45.413 43.608 41.809 40.086 
 38.353 36.554 34.607 32.449 29.012 25.437 22.927 20.936 20.28 20.481 
 20.767 21.064 21.384 21.677 22.021 22.36 22.706 23.067 23.428 23.782 
 24.119 24.482 24.834 25.178 25.517 25.867 26.21 26.54 26.873 27.204 
 27.525 27.84 28.153 28.466 28.767 29.063 29.366 29.661 29.946 30.226 
 30.523 30.81 31.069 31.296 31.491 31.68 31.854 32.017 32.146 32.294 
 32.438 32.587 32.794 32.873 32.918 32.944 33.022 33.067 33.112 33.171 
 26.93 
3932.8 3933.9 3972.3 3997.2 3995 4010.9 4023.5 4041.1 4067.2 4052.9 
 4058.7 4078.8 4092.4 4114 4128.7 4135.9 4128 4142.7 4163.9 4171.7 
 4174 4156.4 4130.1 4117.2 4099.3 4056.7 4007.4 3981.8 3952.3 3904.6 
 3870 3824.5 3789.4 3766.4 3713 3673.1 3654.3 3604.6 3557.4 3523.2 
 3466.7 3426.3 3395.3 3332.7 3288.3 3242.4 3186.6 3138.4 3076.4 3025.4 
 2980.3 2934.7 2895.9 2838.5 2803.7 2748.6 2713 2663.5 2604.3 2567.7 
 2494.2 2467.5 2380.8 2320.8 2180 2040.5 1934.4 1857.5 1792.3 1735.2 
 1678.2 1626.5 1583.1 1540 1485.8 1425.9 1365.1 1312.3 1259.6 1208.1 
 1153 1098.6 1045.4 988.31 933.34 878.99 826.91 774.29 723.47 675.22 
 629.34 586.22 546.41 510.39 477.06 448.49 422.04 398.61 375.21 353.46 
 333.98 316.57 300.91 286.18 272.43 259.55 247.19 235.62 224.49 214.21 
 204.41 195.02 186.07 177.54 169.3 161.28 153.79 146.46 139.39 132.28 
 125.03 118.18 111.52 104.45 98.52 92.853 87.215 81.891 77.444 73.085 
 68.617 64.778 61.386 58.163 55.353 52.969 50.473 48.112 45.933 43.815 
 42.02 40.25 38.751 37.421 36.225 35.167 34.186 33.284 32.373 31.566 
 30.751 30.002 29.323 28.731 28.158 27.57 27.02 26.657 26.45 26.516 
 26.607 26.723 26.881 27.102 27.352 27.622 27.923 28.268 28.622 28.982 
 29.354 29.664 29.922 30.143 30.339 30.546 30.773 30.999 31.2 31.427 
 26.93 
3932.8 3972.3 4002 4035.3 4081.4 4112.8 4195.6 4240.7 4253.4 4266.2 
 4346.6 4385.5 4428.5 4443.3 4451.2 4472.7 4485.6 4432 4490.1 4510.9 
 4501.9 4538.2 4496.2 4526.3 4573.1 4549.5 4577.9 4572.7 4542.4 4550.5 
 4529.2 4501.4 4530.4 4508.9 4489.6 4497.8 4463 4484.2 4443.4 4442 
 4404.5 4419.2 4420 4377.9 4388.2 4317.1 4310.9 4217.6 4180 4089 
 4014.7 3937.9 3923.4 3877.8 3844.7 3787.3 3712.2 3673.4 3655.5 3639.1 
 3615.8 3594.4 3583.9 3569 3538.5 3509.1 3477.2 3427.8 3384.3 3342.1 
 3288.2 3229.4 3182.1 3134.4 3089.8 3035.2 2973.9 2903.2 2840.8 2764.3 
 2689.8 2633.6 2573.1 2510 2438.1 2370.4 2281.9 2199.8 2120.9 2033.2 
 1947.2 1871.9 1796.5 1722.1 1642.8 1561.4 1482.3 1406.2 1330.2 1252.4 
 1173.9 1095.2 1020.6 953.22 895.54 841.37 790.57 746.48 705.82 669.34 
 635.65 604.11 575.03 547.73 522.39 497.64 473.55 449.99 426.08 402.91 
 379.51 357.16 333.78 311.6 290.01 269.19 249.57 230.73 214.05 199.55 
 185.08 171.97 159.69 148.75 138.78 129.9 122 115.17 109.1 103.56 
 97.061 91.783 86.582 81.702 77.139 72.935 68.634 64.912 61.555 58.278 
 55.493 52.859 50.314 47.875 45.564 43.398 41.29 39.295 37.42 35.731 
 34.163 32.643 31.236 29.919 28.644 27.537 26.516 25.548 25.568 25.937 
 26.33 26.737 27.112 27.446 27.804 28.145 28.521 28.859 29.2 29.567 
 26.93 
3932.8 3971.2 3985.5 4088 4119.5 4188.5 4278.8 4315.4 4398.6 4436 
 4539.8 4567.1 4638.3 4621.2 4657.2 4655.3 4659.2 4668.1 4705.9 4772.3 
 4794.2 4865.1 4863 4931.1 4905.4 4982.6 4979.4 4991.8 5013 5053.6 
 5094.4 5062.5 5104 5156.7 5144 5170.2 5198.6 5233.9 5204.7 5170.8 
 5138.9 5158.7 5134.1 5134.2 5146 5184.3 5147.2 5204.2 5184.9 5220.2 
 5137.5 5062.4 5039.6 5009.6 4987.4 5010.8 5030 5026 4998.9 4966.5 
 4977.8 5006 5000.8 4946.9 4903.6 4870.2 4810.8 4764.6 4727.1 4670.5 
 4616.4 4560.8 4491.2 4415.4 4348.2 4306.4 4262.8 4219.3 4204.6 4107.6 
 4028.8 3983.8 3914.2 3845.7 3716.6 3647.3 3570.2 3469 3399.3 3346.9 
 3259.9 3192.1 3119.2 3025.2 2925.6 2822.5 2708.6 2588.3 2474.9 2373.5 
 2286.8 2200 2099.2 1984.2 1865.5 1744 1619.5 1492 1364.9 1245.7 
 1134.7 1035.7 949.46 870.91 804.08 745.23 690.92 643.77 600.6 563.65 
 529.77 497.56 466.64 438.24 410.66 385.78 360.91 337.4 315.09 294.07 
 273.55 253.42 234.4 217.11 201.13 186.56 173.43 161.51 151.06 141.51 
 132.84 124.73 117.51 110.97 104.9 99.307 93.907 87.884 82.222 77.579 
 73.28 69.315 65.903 62.693 59.726 56.886 54.089 51.332 48.551 45.879 
 43.262 40.785 38.334 36.029 34.005 32.013 30.188 28.398 26.756 25.324 
 24.004 24.203 24.649 25.087 25.544 26.013 26.478 26.948 27.387 27.867 
 26.93 
3932.8 3995.2 4019.6 4097.7 4170.7 4249.1 4327.5 4398.8 4460.8 4544.7 
 4566.8 4631.1 4620.8 4668.9 4680.1 4734.1 4720.9 4806.5 4811.8 4897.8 
 4928.1 5039.5 5054.7 5152.3 5177.4 5197.1 5203.1 5254.3 5293.5 5277.9 
 5316 5335.4 5318.3 5379.1 5428 5429.7 5422.6 5443.8 5459.4 5424.7 
 5500.7 5430.8 5451 5512.7 5665.5 5591.2 5632.8 5537.6 5595.1 5518.6 
 5401.9 5378.5 5403.6 5388.2 5420.2 5474 5484 5383.3 5291.1 5424.8 
 5495.9 5399.6 5332.8 5288.9 5245 5215.9 5212.7 5173.3 5073.8 4992.4 
 4916.3 4835.6 4786.4 4733.8 4687.5 4680 4628.8 4572.4 4611.4 4489.8 
 4355.1 4333.7 4265.7 4176.1 4030.5 3936.6 3928.3 3678.2 3225.9 2742.1 
 2296.7 2110.6 2051.4 2040.8 2046.5 2032 1986.5 1887.5 1788.2 1687 
 1626.9 1580.3 1525.5 1463.9 1435.5 1483.6 1495.8 1440.3 1351.9 1260.5 
 1175.9 1096.8 1022.1 954.65 889.19 827.62 775.48 730.08 690.88 656.71 
 625.33 595.51 566.27 537.67 509.85 482.54 455.71 429.17 403.35 376.89 
 351.7 326.8 301.41 277.08 253.85 232.24 212.38 196.59 180.81 167.51 
 156.39 146.2 137.12 128.99 121.25 113.9 106.7 99.841 93.315 86.215 
 80.553 76.164 72.238 68.543 65.171 61.71 58.356 54.976 51.801 48.721 
 45.625 42.699 39.917 37.238 34.718 32.532 30.455 28.455 26.551 24.902 
 23.442 22.504 22.878 23.346 23.826 24.318 24.849 25.379 25.882 26.435 
 26.93 
