IESNA:LM-63-2002
[TEST] 1
[TESTLAB] 
[TESTDATE] 2025-06-14
[ISSUEDATE] 2025-06-14 16:44:43
[LAMPPOSITION] 0,0
[OTHER] EVERFINE GO-2000A_V1 SYSTEM
[MANUFAC] 
[LUMINAIRE] 100W-5000K
[LAMP] WP09A-14-120L-S2D4C3
TILT=NONE
1 15034 1 181 17 1 2 0.190 0.300 0.000
1.000 1 99.3411
0.0    1.0    2.0    3.0    4.0    5.0    6.0    7.0    8.0    9.0    
 10.0   11.0   12.0   13.0   14.0   15.0   16.0   17.0   18.0   19.0   
 20.0   21.0   22.0   23.0   24.0   25.0   26.0   27.0   28.0   29.0   
 30.0   31.0   32.0   33.0   34.0   35.0   36.0   37.0   38.0   39.0   
 40.0   41.0   42.0   43.0   44.0   45.0   46.0   47.0   48.0   49.0   
 50.0   51.0   52.0   53.0   54.0   55.0   56.0   57.0   58.0   59.0   
 60.0   61.0   62.0   63.0   64.0   65.0   66.0   67.0   68.0   69.0   
 70.0   71.0   72.0   73.0   74.0   75.0   76.0   77.0   78.0   79.0   
 80.0   81.0   82.0   83.0   84.0   85.0   86.0   87.0   88.0   89.0   
 90.0   91.0   92.0   93.0   94.0   95.0   96.0   97.0   98.0   99.0   
 100.0  101.0  102.0  103.0  104.0  105.0  106.0  107.0  108.0  109.0  
 110.0  111.0  112.0  113.0  114.0  115.0  116.0  117.0  118.0  119.0  
 120.0  121.0  122.0  123.0  124.0  125.0  126.0  127.0  128.0  129.0  
 130.0  131.0  132.0  133.0  134.0  135.0  136.0  137.0  138.0  139.0  
 140.0  141.0  142.0  143.0  144.0  145.0  146.0  147.0  148.0  149.0  
 150.0  151.0  152.0  153.0  154.0  155.0  156.0  157.0  158.0  159.0  
 160.0  161.0  162.0  163.0  164.0  165.0  166.0  167.0  168.0  169.0  
 170.0  171.0  172.0  173.0  174.0  175.0  176.0  177.0  178.0  179.0  
 180.0  
0.0    22.5   45.0   67.5   90.0   112.5  135.0  157.5  180.0  202.5  
 225.0  247.5  270.0  292.5  315.0  337.5  360.0  
3847.1 3888.6 3885.4 3934.6 3990 4044.2 4114.4 4180 4224.9 4259.8 
 4294.7 4324.2 4312.9 4344.4 4335 4373.4 4360.3 4420.7 4436.1 4499.2 
 4550 4632.4 4677.5 4754 4799.4 4815.6 4846.7 4902.2 4956.8 4976.7 
 5021.7 5053.8 5072.3 5129.4 5202.1 5209.4 5241 5274.3 5321.9 5309.1 
 5390 5353.9 5383.7 5462.8 5608.8 5572 5589.4 5527.3 5586.8 5536.6 
 5440.6 5438.8 5463.2 5434.3 5478.2 5547.1 5551.8 5447.1 5349 5480.7 
 5555.9 5460.3 5380.9 5320.5 5272.8 5253.7 5259.4 5206.6 5100.5 5033.2 
 4966.1 4889.3 4843.1 4788 4747.8 4732.6 4658.4 4607.7 4649.1 4527.9 
 4400.2 4396 4329.5 4251.6 4113.9 4022.6 4013.4 3783.6 3302.1 2746.5 
 2324.5 2144.5 2069.9 2039 2064.6 2078.3 2034.4 1936.6 1827.2 1717.8 
 1657.3 1606.5 1547.6 1483.1 1452.9 1495.6 1504.3 1448.9 1361.8 1272.9 
 1189.2 1110.3 1034.5 965.8 899.09 837.64 784.96 739.42 699.98 665.4 
 633.57 602.99 573.1 544.02 515.92 488.53 461.92 435.46 409.84 383.17 
 358.26 333.43 307.83 283 259.59 237.68 217.34 201.32 185.32 171.76 
 160.18 149.57 140.17 131.74 123.79 116.12 108.71 101.76 95.114 87.775 
 81.975 77.494 73.516 69.78 66.37 62.864 59.447 56.059 52.79 49.678 
 46.462 43.492 40.681 37.943 35.38 33.128 30.978 28.936 26.995 25.317 
 23.821 22.839 23.246 23.7 24.185 24.708 25.221 25.737 26.262 26.805 
 27.319 
3847.1 3933.8 3998.3 4189.1 4307.5 4387.6 4391.9 4272.5 4200.7 4225 
 4462.8 4738.9 5004.8 5008.6 4873.3 4630.3 4414.9 4423.6 4571.1 4890 
 5067 5205.5 5080.5 4962.5 4750.7 4775.1 4881.3 5095.3 5329.5 5489.6 
 5509.2 5340.9 5172.8 5113.7 5051.2 5140.2 5253.7 5381.9 5417.9 5317.6 
 5224.5 5143.2 5134 5132.1 5170 5255 5268.7 5292 5305.9 5284.8 
 5282.7 5176.7 5121 5109 5069.7 5055.8 5099.6 5133.4 5129.5 5106.8 
 5089 5119.2 5154.1 5147.1 5101.5 5054.1 5032.5 4969.2 4935.6 4920.9 
 4870.3 4793.4 4734.9 4657.9 4573.2 4490.4 4455.2 4421.9 4378.9 4362.9 
 4273.8 4184.8 4148.1 4074.3 3998.8 3862.2 3773.2 3672.3 3572.9 3511.5 
 3460.9 3387.4 3323.7 3251.9 3161.2 3063.2 2950.9 2830.5 2704.6 2583.4 
 2481 2392.3 2306.4 2196.7 2071.6 1941.8 1817.4 1688.5 1560.6 1435.4 
 1313.8 1200.7 1097.2 1006.9 926.49 854.9 790.94 736.03 685.61 639.06 
 595.16 556.85 520.83 487.06 455.1 423.82 395.26 366.71 339.92 315.12 
 292.87 272.12 252.32 233.64 216.25 200.37 186.05 172.77 160.81 149.91 
 140.33 131.43 123.24 115.92 109.37 103.25 97.308 90.206 84.354 79.249 
 74.461 69.898 66.129 62.404 59.039 55.769 52.559 49.571 46.51 43.611 
 40.701 37.993 35.465 33.075 31.011 28.985 27.129 25.285 23.549 22.178 
 21.37 21.847 22.386 22.911 23.438 23.961 24.485 25.001 25.518 26.063 
 27.319 
3847.1 4002.3 4114.6 4153.9 4020.4 3971 4247.8 4525.2 4284.5 4020.3 
 4354.7 4758.1 4581.8 4219.2 4315.2 4757.8 4871.5 4479.5 4313.5 4616 
 4850 4728 4447.3 4432.4 4700.6 4783.3 4658.8 4522.5 4558.4 4745.6 
 4843.4 4718 4613 4647.7 4750.6 4834.5 4719.5 4576.5 4594.5 4655.8 
 4734.6 4617 4520.1 4527.8 4591.2 4674.7 4559.7 4455.8 4389.2 4410 
 4341.3 4237.2 4154.4 4106 4081.4 4028.8 4007.6 3940.8 3886.1 3850.6 
 3827.8 3800.8 3773 3758.1 3754.1 3737.2 3715.8 3689.2 3640.6 3594.1 
 3548.8 3512 3461.6 3407.3 3365.5 3326.1 3294.6 3231.8 3154 3066.3 
 2996.9 2903.9 2833.7 2767.6 2708 2642.3 2576.7 2505.3 2430.4 2348.8 
 2258.9 2157.9 2059 1959.1 1879.1 1799.1 1726.5 1654.9 1584.8 1504.4 
 1418.4 1331.2 1238.9 1149 1064 991.91 928.2 869.26 817.16 767.98 
 722.54 681.87 647.17 613.62 583.09 555.43 528.95 503.48 479.16 455.11 
 430.99 407.29 382.91 359.07 335.76 312.19 289.61 268.2 248.06 229.25 
 212 197.57 183.18 170.19 157.81 146.49 136.19 126.92 118.76 111.09 
 103.13 97.327 91.629 86.418 81.285 76.523 71.283 66.75 62.488 58.273 
 54.736 51.612 48.449 45.706 43.015 40.51 38.083 35.882 33.836 31.926 
 29.972 28.113 26.36 24.729 23.366 22.063 21.149 20.692 21.002 21.437 
 21.876 22.314 22.789 23.35 23.934 24.478 24.942 25.433 25.986 26.456 
 27.319 
3847.1 3965.8 4065.9 3992.4 3874.1 4186.6 4153.1 3799.9 4158.9 4304.5 
 3887.8 4121.3 4420 4093.2 4155.4 4441.4 4229.8 4152.3 4304.2 4240 
 4223.4 4339.3 4278.9 4268.3 4336.8 4273.6 4210.9 4268.4 4175.9 4068.2 
 4128.4 4128.8 4006.8 4029.1 4079.9 3951.5 3872.9 3889.7 3808 3722.3 
 3735.9 3722.7 3649.7 3652.7 3629 3520.3 3479.1 3437.7 3372 3329.1 
 3318.8 3272.4 3218.9 3171.1 3135.4 3075.6 3028 2976.1 2929.6 2903 
 2864.5 2833.3 2750.9 2738.4 2643.1 2586.1 2466.5 2296.7 2163.3 2057.8 
 1969.6 1889 1824.3 1780.8 1743.6 1704.5 1648.3 1575.7 1504.5 1445.6 
 1391.5 1345.9 1283 1214.8 1146.6 1087.8 1031.5 975.21 920.44 862.67 
 809.35 760.89 716.38 674.08 628.13 581.81 543.38 509 472.89 434.98 
 405.41 375.9 351.59 328.78 308.95 290.97 275.31 261.1 247.63 235.27 
 223.75 212.88 202.89 193.62 184.95 176.2 167.85 159.75 151.68 143.68 
 135.5 126.88 118.02 108.78 100.8 93.372 85.931 79.02 73.745 69.334 
 65.1 61.413 58.174 54.631 51.602 49.066 46.152 43.777 41.332 39.178 
 37.312 35.441 33.835 32.444 31.194 30.062 29.01 28.054 27.141 26.3 
 25.479 24.74 24.025 23.287 22.519 21.776 21.26 21.247 21.26 21.299 
 21.351 21.463 21.592 21.76 21.962 22.214 22.47 22.792 23.107 23.452 
 23.794 24.123 24.494 24.88 25.325 25.932 26.366 26.738 27.134 27.522 
 27.319 
3847.1 3994.6 4021 3946 3865.4 4156.1 3860.7 3756.2 4175.4 3810.6 
 3830.6 4100 3820.3 3890.4 3952.2 3785.6 3793.3 3773.1 3781.6 3759.3 
 3705.9 3760.4 3685.5 3644.2 3640.4 3556.5 3543.3 3490.3 3459.2 3406 
 3340.5 3287.6 3214.5 3172.9 3118.2 3066.7 2997.3 2922 2853.9 2790.4 
 2724.5 2651.8 2572.9 2499.2 2427.9 2364.5 2298.9 2240.5 2178.1 2118.4 
 2070 2027.9 1989.8 1951.9 1906.7 1860.3 1815 1770.6 1727.1 1680.7 
 1632.4 1582.4 1535.1 1480 1423.6 1369.1 1306.4 1241.5 1169.7 1100.1 
 1023.1 946.55 869.22 791.87 712.89 637.57 565.09 497.3 432.37 376.76 
 321.25 274.67 232.88 195.97 164.22 136.47 113.62 94.466 79.65 68.043 
 59.229 52.752 49.111 46.843 45.568 45.432 46.35 47.83 50.156 52.718 
 55.118 57.426 59.136 60.394 61.389 61.847 62.06 61.926 61.512 60.891 
 59.82 58.647 57.332 55.951 54.389 52.711 51.062 49.201 47.357 45.313 
 42.975 40.409 37.731 35.019 32.279 27.012 23.204 21.969 22.137 22.429 
 22.749 23.053 23.334 23.683 24.037 24.383 24.75 25.094 25.432 25.777 
 26.116 26.439 26.795 27.133 27.431 27.745 28.049 28.313 28.585 28.888 
 29.164 29.415 29.694 29.947 30.169 30.418 30.655 30.851 31.072 31.286 
 31.465 31.635 31.816 31.998 32.159 32.328 32.479 32.601 32.738 32.86 
 32.899 32.944 33.003 33.029 33.055 33.139 33.243 33.307 33.34 33.34 
 27.319 
3847.1 3994.4 3935.8 3889 3723.6 3851 3816.5 3474.9 3664.3 3682.4 
 3381.8 3495.5 3535.3 3310.8 3321.8 3278.8 3104.3 3066.4 3016.5 2931.5 
 2878.4 2794.7 2722.9 2642.2 2555.1 2463.6 2377.1 2291.5 2184.1 2085.9 
 1993.8 1912.3 1831 1742 1653 1571.8 1500.5 1425.4 1348.3 1279.6 
 1213.3 1145.5 1084.1 1027.2 973.59 926.6 881.71 841.91 806.55 773.82 
 744.93 719.78 696.2 673.12 651.12 629.71 608.5 584.37 558.48 533.71 
 512.73 492.64 472.36 452.04 430.94 406.37 385.7 365.21 344.2 320.7 
 299.18 278.19 256.32 236.37 216.76 199.34 181.91 165.69 150.83 137.29 
 125.67 115.57 106.52 98.972 92.601 87.111 82.448 78.648 75.7 73.064 
 70.683 68.185 66.042 64.336 62.725 61.277 59.547 58.046 56.801 55.577 
 54.208 52.794 51.654 50.721 49.887 48.958 47.85 46.66 45.668 44.938 
 44.308 43.771 43.293 42.778 42.16 41.397 40.547 39.757 38.957 38.131 
 37.248 36.36 35.437 34.424 33.294 32.52 32.076 31.76 31.608 31.582 
 31.64 31.775 31.917 32.099 32.269 32.442 32.619 32.826 33.008 33.201 
 33.414 33.591 33.74 33.852 33.993 34.098 34.144 34.247 34.357 34.435 
 34.506 34.585 34.611 34.663 34.702 34.728 34.748 34.741 34.741 34.741 
 34.715 34.67 34.625 34.579 34.521 34.431 34.353 34.217 34.099 33.905 
 33.673 33.453 33.207 33.006 32.829 32.691 32.536 32.393 32.244 32.076 
 27.319 
3847.1 3937.2 3882.6 3788.2 3781.4 3531.8 3470.1 3566.7 3394.7 3107.9 
 3058.1 3097.7 2990.5 2763.6 2645.9 2629.2 2490.4 2283.4 2175.8 2079.1 
 1915.8 1766.5 1659.2 1550 1428.1 1325.9 1246.9 1163 1086.5 1028.1 
 968.11 904.93 852.42 810.8 766.29 721.5 684.32 647.43 611.1 574.8 
 528.59 481.57 452.54 427.51 404.99 382.78 360.59 340.45 312.47 291.04 
 273.56 257.22 241.7 225.9 207.07 193.79 181.21 168.85 155.45 144.55 
 134.08 123.39 113.44 103.33 93.923 84.579 75.178 67.2 59.362 52.345 
 46.848 45.052 43.771 42.502 41.347 40.27 39.231 38.294 37.347 36.502 
 35.798 35.277 34.962 34.767 34.623 34.507 34.423 34.41 34.424 34.489 
 34.605 34.749 34.91 34.994 34.994 34.936 34.877 34.877 34.884 34.943 
 35.009 35.144 35.282 35.448 35.611 35.799 35.948 36.085 36.162 36.233 
 36.286 36.324 36.404 36.533 36.7 36.875 37.057 37.254 37.449 37.649 
 37.856 38.05 38.231 38.402 38.569 38.744 38.9 39.023 39.154 39.277 
 39.401 39.569 39.693 39.796 39.905 39.99 40.042 40.08 40.119 40.113 
 40.113 40.093 40.073 40.002 39.937 39.834 39.704 39.581 39.47 39.321 
 39.171 39.002 38.866 38.704 38.561 38.418 38.217 38.03 37.81 37.581 
 37.324 37.034 36.751 36.474 36.154 35.82 35.458 35.063 34.642 34.222 
 33.771 33.353 32.911 32.497 32.139 31.807 31.471 31.139 30.828 30.53 
 27.319 
3847.1 3834.7 3793.9 3724.2 3564 3463.1 3377.8 3262 3125.3 2929.6 
 2763.1 2628.6 2498.9 2372.5 2229.9 2053.4 1861.9 1670.2 1518.5 1408.9 
 1310.2 1212.9 1114.9 1024.6 947.78 885.04 832.89 787.64 745.33 702.68 
 656.66 614.87 565.82 501.48 460.1 429.7 397.37 368.63 344.22 318.97 
 285.03 261.75 245.35 229.3 214.68 201.63 188.6 178.32 168.69 158.94 
 149.46 141.36 132.97 124.3 115.87 106.91 98.379 88.018 79.092 66.787 
 57.322 47.518 38.938 28.648 19.429 18.438 18.894 19.394 19.934 20.488 
 21.075 21.651 22.264 22.881 23.489 24.107 24.711 25.321 25.916 26.51 
 27.071 27.571 28.054 28.534 28.999 29.446 29.92 30.394 30.667 30.916 
 31.324 31.773 32.196 32.779 33.57 34.226 34.773 35.191 35.433 35.635 
 35.753 36.08 36.783 37.435 38.146 38.903 39.534 39.98 40.394 40.715 
 40.978 41.227 41.485 41.714 41.941 42.155 42.375 42.569 42.773 42.953 
 43.114 43.252 43.389 43.53 43.667 43.79 43.906 43.999 44.089 44.167 
 44.232 44.271 44.284 44.297 44.297 44.297 44.252 44.187 44.116 44.077 
 44.006 43.928 43.812 43.682 43.521 43.332 43.113 42.905 42.685 42.443 
 42.157 41.867 41.547 41.202 40.86 40.484 40.084 39.669 39.233 38.782 
 38.3 37.79 37.318 36.831 36.332 35.836 35.366 34.847 34.362 33.842 
 33.312 32.834 32.297 31.826 31.355 30.887 30.416 29.941 29.484 29.087 
 27.319 
3847.1 3777.2 3685.2 3633.6 3506.5 3397.1 3245.8 3132.2 2997.8 2848.1 
 2689 2517.7 2354.6 2191.3 2023.8 1856.9 1684.8 1525.4 1382.3 1256.3 
 1145.9 1050.4 972.33 906.35 844.96 791.47 743.17 695.38 651.56 608.2 
 557.78 494.08 454.17 419.29 393.35 367.39 337.98 313.8 282.17 262.87 
 246.83 232.62 218.21 204.03 192.18 183.12 174.53 166.38 159.99 154.31 
 149.09 144.19 136.95 129.23 119.77 107.71 95.995 83.247 73.162 63.631 
 50.05 33.974 22.16 21.504 22.038 22.626 23.319 24.005 24.709 25.451 
 26.195 26.92 27.586 28.264 28.876 28.506 28.383 28.903 29.024 28.007 
 28.027 28.637 29.229 29.814 30.416 31.016 31.581 32.095 32.589 33.09 
 33.523 33.962 34.458 34.927 35.402 35.848 36.288 36.74 37.19 37.578 
 37.876 38.226 38.566 39.237 39.802 39.841 39.88 40.128 40.407 40.789 
 40.878 41.101 41.3 41.502 41.676 41.847 42.014 42.178 42.327 42.469 
 42.598 42.702 42.813 42.922 43.027 43.131 43.221 43.312 43.396 43.48 
 43.551 43.545 43.545 43.512 43.44 43.363 43.258 43.149 43.032 42.974 
 42.915 42.811 42.676 42.552 42.557 42.397 42.241 42.033 41.803 41.565 
 41.298 41.019 40.708 40.369 40.061 39.714 39.351 38.962 38.539 38.121 
 37.636 37.126 36.656 36.152 35.617 35.11 34.618 34.092 33.591 33.043 
 32.462 31.938 31.38 30.819 30.313 29.797 29.283 28.76 28.256 27.754 
 27.319 
3847.1 3722.5 3658.9 3668.3 3631.7 3553.4 3400.4 3171.5 2993.4 2846.2 
 2748 2659.4 2537.1 2379.8 2178 1965.7 1811.5 1657.6 1535 1416.1 
 1290.7 1170 1064.9 979.91 914.46 860.15 814.34 768.52 722.04 676.39 
 631.55 590.87 541.16 481.41 444.27 412.87 381.81 353.1 329.03 304.97 
 269.57 248.92 233.31 217.74 204.53 191.34 179.01 168.87 159.12 149.32 
 140.27 131.79 123.46 115.27 106.24 97.535 88.327 78.495 68.218 58.335 
 48.144 39.956 32.217 21.449 17.98 18.425 18.884 19.385 19.919 20.467 
 21.024 21.606 22.182 22.769 23.342 23.931 24.49 25.066 25.623 26.194 
 26.733 27.252 27.731 28.191 28.642 29.086 29.583 30.125 30.628 30.922 
 31.133 31.563 32.018 32.53 33.422 34.02 34.554 35.043 35.001 35.136 
 34.867 34.994 35.485 36.502 37.368 38.473 39.074 39.437 39.681 39.794 
 39.795 39.801 39.898 39.957 39.278 38.778 38.77 38.84 38.945 39.151 
 39.347 39.527 39.709 39.885 40.066 40.235 40.364 40.508 40.631 40.735 
 40.839 40.923 40.969 41.014 41.008 41.008 41.015 40.951 40.924 40.904 
 40.879 40.802 40.692 40.542 40.347 40.153 40.094 41.009 41.164 41.145 
 40.735 40.356 39.966 39.574 39.196 38.77 38.347 37.911 37.446 36.954 
 36.428 35.885 35.381 34.881 34.366 33.865 33.361 32.845 32.354 31.824 
 31.292 30.822 30.264 29.787 29.336 28.859 28.397 27.917 27.456 27.029 
 27.319 
3847.1 3794.9 3912.3 3870.6 3616 3426.5 3610.2 3563.1 3235.1 3069.6 
 3116 3043.8 2798.6 2647 2621.7 2518.5 2321.4 2197 2104.2 1967.6 
 1822.1 1719.5 1613 1480 1365.1 1266.9 1171 1089.5 1030 970.43 
 901.93 841.99 794.94 749.19 705.84 668.1 632.39 597.05 562.59 525.2 
 480.14 442.13 416.82 394.57 372.32 350.65 330.11 307.25 282.43 265.09 
 249.21 234.56 220.14 201.78 188.52 176.41 164.3 151.31 140.84 130.4 
 120.08 110.64 101.27 92.087 83.303 74.345 66.239 58.682 51.747 47.525 
 45.689 44.106 42.521 41.11 39.865 38.691 37.642 36.672 35.801 35.161 
 34.556 33.981 33.599 33.333 33.13 32.963 32.834 32.743 32.736 32.736 
 32.737 32.743 32.743 32.743 32.743 32.743 32.743 32.782 32.867 33.015 
 33.174 33.386 33.586 33.782 33.956 34.133 34.294 34.449 34.574 34.743 
 34.866 35.014 35.169 35.306 35.444 35.598 35.747 35.903 36.059 36.186 
 36.043 35.179 34.735 34.826 34.898 35.035 35.17 35.319 35.45 35.593 
 35.754 35.922 36.065 36.17 36.266 36.318 36.357 36.37 36.395 36.415 
 36.415 36.415 36.383 36.317 36.2 36.071 35.933 35.811 35.682 35.519 
 35.364 35.148 34.953 34.754 34.806 35.448 35.7 35.582 35.306 34.967 
 34.579 34.166 33.739 33.361 32.947 32.542 32.138 31.731 31.324 30.872 
 30.426 30.05 29.621 29.238 28.882 28.525 28.182 27.813 27.449 27.157 
 27.319 
3847.1 3889.6 4054.1 3727.2 3706 3989.1 3596.1 3534 3743 3448.4 
 3330.8 3461.5 3326.1 3225.6 3214.2 3100.7 3029.4 2958.4 2866.9 2809.4 
 2725.2 2636.8 2526.4 2420.4 2330.3 2235.8 2158.3 2054.1 1939.5 1861.3 
 1783.6 1708.3 1618.2 1530.4 1456.5 1386.9 1316 1238.3 1168.1 1108.7 
 1047.2 985.01 933.52 884.73 838.26 798.88 760.85 725.35 693.12 664.49 
 638.69 614.36 591.57 569.74 548.52 527.78 504.44 481.01 458.55 438.33 
 418.53 399.01 379.78 358.47 338.29 319.39 300.65 280.65 261.01 242.63 
 223.61 206.94 190.28 174.62 159.96 146.17 133.69 122.53 113.13 104.85 
 97.624 91.41 86.143 81.801 77.961 74.899 72.249 69.854 67.705 65.745 
 63.915 62.148 60.479 58.814 57.107 55.498 54.21 53.115 52.098 50.996 
 49.745 48.502 47.292 46.293 45.332 44.4 43.432 42.489 41.519 40.803 
 40.18 39.563 38.916 38.236 37.576 37.043 36.556 36.176 35.816 35.455 
 35.097 34.688 34.093 33.45 32.781 32.044 31.197 30.561 30.172 29.969 
 29.838 29.824 29.9 30.017 30.141 30.269 30.406 30.555 30.71 30.868 
 31.01 31.107 31.108 31.031 30.81 30.771 30.751 30.751 30.751 30.758 
 30.758 30.758 30.758 30.764 30.816 30.823 31.041 31.178 31.442 31.711 
 31.788 31.789 31.686 31.538 31.316 31.143 30.928 30.804 30.604 30.295 
 30.035 29.832 29.568 29.321 29.098 28.857 28.658 28.436 28.229 28.079 
 27.319 
3847.1 3963 4093.4 3734.7 4050.1 4112.5 3657 4029.9 3937.4 3678.9 
 3902.4 3854.4 3752.5 3810.7 3741.4 3743.3 3682.3 3682 3665.2 3567.3 
 3594.1 3549.7 3468.3 3437 3359.5 3313.8 3264.8 3227.2 3171.3 3096.9 
 3048.4 2993.3 2946.5 2877.1 2801.1 2722.5 2658.3 2595.5 2530 2451.3 
 2373.4 2293.7 2224.7 2155.4 2090.8 2028.4 1973.4 1923.7 1874.2 1820.2 
 1770.8 1726.3 1682.7 1636.3 1586.2 1537.6 1488.3 1439.4 1391 1337.4 
 1283.3 1230.2 1176.3 1117.6 1052.6 987.13 922.82 859.57 792.3 724.12 
 658.77 595.73 534.43 476.31 421.45 372.22 326.67 287.33 250.98 219.25 
 192.53 165.88 143.06 123.06 105.9 91.338 79.234 69.557 62.069 56.835 
 53.119 50.437 48.731 48.149 48.498 49.332 50.751 52.49 54.209 55.857 
 57.285 58.401 59.15 59.525 59.75 59.732 59.395 58.715 57.748 56.659 
 55.38 53.925 52.225 50.598 48.803 46.973 45.194 43.447 41.74 40.074 
 38.405 36.598 34.702 32.561 29.183 25.693 23.167 21.184 20.523 20.712 
 21.004 21.31 21.625 21.926 22.263 22.61 22.963 23.319 23.681 24.034 
 24.393 24.75 25.109 25.455 25.807 26.142 26.466 26.787 27.124 27.445 
 27.796 28.121 28.439 28.735 29.031 29.335 29.627 29.927 30.204 30.482 
 30.768 31.058 31.325 31.561 31.769 31.944 32.107 32.23 32.373 32.495 
 32.645 32.812 33.04 33.105 33.158 33.184 33.242 33.281 33.326 33.372 
 27.319 
3847.1 3920.5 4161.8 3856.3 3904.5 4293.8 3931.4 3833.6 3953.6 4071 
 3845.3 4181.4 4184.7 3986.9 4156.3 4223.5 4096 4181.2 4200.6 4120 
 4173.1 4148.5 4053.6 4116.2 4158.6 4010.7 3966.5 4018.5 3923.5 3830.7 
 3885.5 3836.8 3741.8 3762.1 3762.3 3673.7 3644.9 3630.6 3551.7 3495 
 3472.7 3437.9 3382.6 3346.1 3311.5 3241.5 3181.3 3138.4 3058.5 2998.6 
 2964.3 2924.7 2878.1 2828.9 2794.4 2731.8 2700.8 2647.1 2588.6 2548.9 
 2479.7 2448.9 2366.9 2298.6 2151.5 2011 1908.3 1838.2 1786.3 1736.9 
 1679.3 1623.2 1571 1522.3 1469 1406.9 1351.1 1300.9 1250.2 1198.2 
 1142.7 1086.4 1034.7 978.18 922.93 869.47 820.93 768.99 716.21 666.53 
 619.1 576.4 540.15 505.2 470.93 442 416.18 393.47 370.77 349.14 
 329.96 313.04 297.97 283.47 269.99 257.25 245.18 233.63 222.5 212.16 
 202.38 193.23 184.47 176.05 167.94 160.07 152.59 145.43 138.36 131.47 
 124.23 117.45 110.92 103.91 98.081 92.503 86.952 81.671 77.279 73.021 
 68.558 64.796 61.427 58.263 55.45 53.094 50.655 48.346 46.187 44.08 
 42.33 40.616 39.116 37.794 36.609 35.556 34.584 33.666 32.769 31.949 
 31.13 30.382 29.697 29.081 28.505 27.92 27.346 26.979 26.768 26.813 
 26.905 27.015 27.164 27.356 27.589 27.858 28.166 28.523 28.871 29.247 
 29.623 29.937 30.202 30.415 30.61 30.797 31.026 31.239 31.447 31.666 
 27.319 
3847.1 3924.1 4183.9 4160.1 3891.3 3969.3 4227.9 4488.6 4113.1 3985.5 
 4433.1 4685.1 4456.9 4184.9 4328.6 4668.6 4687.6 4360.5 4289.9 4511.5 
 4683 4652.1 4420.7 4405.2 4593.5 4699 4676.8 4512.5 4430.1 4521.2 
 4627.9 4570 4466.6 4361.1 4427 4570 4575.3 4505.3 4397.6 4430.5 
 4496.1 4536.4 4462.7 4337.3 4336.2 4344.5 4386.7 4264.4 4188.4 4093.6 
 4034.5 3956.2 3941.3 3909.2 3882.3 3814 3731.3 3700.2 3693.1 3678.2 
 3664.4 3647.5 3635.8 3618.5 3577.6 3542.6 3506.2 3459.6 3415 3368.6 
 3306.5 3241 3196.2 3152.2 3106.3 3046.4 2972.3 2889.6 2826.3 2757.6 
 2697.9 2642.4 2584.2 2523.1 2444.1 2359.6 2261.4 2171.9 2095.4 2011.6 
 1932.7 1868.8 1805.2 1734.8 1650.8 1559.8 1472.6 1393.8 1321.7 1246 
 1168.9 1090.7 1014.7 945.32 887.31 833.96 784.91 742.85 703.81 669.26 
 636.27 604.38 575.68 548.1 522.11 497.27 473.17 449.62 426.09 403.03 
 380.13 358.26 335.49 313.29 291.63 270.68 251.1 232.18 215.44 200.91 
 186.39 173.28 161 149.96 139.83 130.95 123.04 116.21 110.1 104.51 
 97.984 92.726 87.606 82.748 78.118 73.902 69.528 65.85 62.49 59.212 
 56.381 53.729 51.132 48.693 46.323 44.117 41.973 39.951 38.022 36.314 
 34.684 33.152 31.697 30.383 29.069 27.907 26.854 25.879 25.879 26.254 
 26.65 27.064 27.432 27.776 28.135 28.488 28.856 29.205 29.555 29.914 
 27.319 
3847.1 3855.6 3959 4215.6 4363.3 4411.3 4342.5 4199.7 4144.4 4221.2 
 4503.8 4753.8 4960.6 4928.7 4800.7 4579.1 4408.8 4394.8 4538.3 4794.4 
 4992.3 5138.8 5093 5003.1 4788.3 4702.9 4659 4740.4 4903.4 5096.6 
 5241.2 5236.1 5236.6 5223 5126.3 5100.3 5136.5 5177.7 5208.2 5213 
 5188.9 5216.2 5182.5 5157.4 5203.3 5262.5 5242.8 5304.3 5277 5311.9 
 5219.2 5150.8 5135.9 5118.3 5106.8 5114.6 5119 5107.1 5088.4 5061.3 
 5064.2 5082 5072.3 5016.2 4975.1 4937.5 4872.7 4808.9 4771.7 4734.3 
 4696.1 4619.1 4520.1 4449.5 4394 4374.2 4346.7 4290.8 4235.5 4180.1 
 4088.3 4032.2 3948.2 3872.3 3741.3 3674.7 3606.3 3508.1 3454.8 3407.9 
 3321.2 3254.5 3185.1 3085.3 2983.4 2873.9 2751.2 2624 2510.2 2412 
 2331.5 2250 2150.9 2036.1 1910.9 1787.1 1662.9 1536.7 1411.9 1289.4 
 1174.8 1074.4 984.17 903.22 834.02 771.81 715 664.78 619.89 581.21 
 545.71 512.41 480.16 449.11 419.35 393.6 367.85 343.86 321.06 299.14 
 277.79 257.69 238.4 220.4 203.56 188.7 175.55 163.5 152.71 142.97 
 134.22 126.05 118.68 112.13 105.99 100.36 95.01 88.935 83.312 78.667 
 74.307 70.332 66.876 63.626 60.649 57.815 54.924 52.151 49.361 46.631 
 43.983 41.479 39.001 36.609 34.54 32.515 30.639 28.816 27.133 25.661 
 24.343 24.546 24.978 25.431 25.897 26.374 26.843 27.312 27.756 28.222 
 27.319 
3847.1 3888.6 3885.4 3934.6 3990 4044.2 4114.4 4180 4224.9 4259.8 
 4294.7 4324.2 4312.9 4344.4 4335 4373.4 4360.3 4420.7 4436.1 4499.2 
 4550 4632.4 4677.5 4754 4799.4 4815.6 4846.7 4902.2 4956.8 4976.7 
 5021.7 5053.8 5072.3 5129.4 5202.1 5209.4 5241 5274.3 5321.9 5309.1 
 5390 5353.9 5383.7 5462.8 5608.8 5572 5589.4 5527.3 5586.8 5536.6 
 5440.6 5438.8 5463.2 5434.3 5478.2 5547.1 5551.8 5447.1 5349 5480.7 
 5555.9 5460.3 5380.9 5320.5 5272.8 5253.7 5259.4 5206.6 5100.5 5033.2 
 4966.1 4889.3 4843.1 4788 4747.8 4732.6 4658.4 4607.7 4649.1 4527.9 
 4400.2 4396 4329.5 4251.6 4113.9 4022.6 4013.4 3783.6 3302.1 2746.5 
 2324.5 2144.5 2069.9 2039 2064.6 2078.3 2034.4 1936.6 1827.2 1717.8 
 1657.3 1606.5 1547.6 1483.1 1452.9 1495.6 1504.3 1448.9 1361.8 1272.9 
 1189.2 1110.3 1034.5 965.8 899.09 837.64 784.96 739.42 699.98 665.4 
 633.57 602.99 573.1 544.02 515.92 488.53 461.92 435.46 409.84 383.17 
 358.26 333.43 307.83 283 259.59 237.68 217.34 201.32 185.32 171.76 
 160.18 149.57 140.17 131.74 123.79 116.12 108.71 101.76 95.114 87.775 
 81.975 77.494 73.516 69.78 66.37 62.864 59.447 56.059 52.79 49.678 
 46.462 43.492 40.681 37.943 35.38 33.128 30.978 28.936 26.995 25.317 
 23.821 22.839 23.246 23.7 24.185 24.708 25.221 25.737 26.262 26.805 
 27.319 
