IESNA:LM-63-2002
[TEST] 1
[TESTLAB] 
[TESTDATE] 2025-06-14
[ISSUEDATE] 2025-06-14 17:20:10
[LAMPPOSITION] 0,0
[OTHER] EVERFINE GO-2000A_V1 SYSTEM
[MANUFAC] 
[LUMINAIRE] 100W-3000K
[LAMP] WP09A-14-120L-S2D4C3
TILT=NONE
1 13895 1 181 17 1 2 0.190 0.300 0.000
1.000 1 99.4808
0.0    1.0    2.0    3.0    4.0    5.0    6.0    7.0    8.0    9.0    
 10.0   11.0   12.0   13.0   14.0   15.0   16.0   17.0   18.0   19.0   
 20.0   21.0   22.0   23.0   24.0   25.0   26.0   27.0   28.0   29.0   
 30.0   31.0   32.0   33.0   34.0   35.0   36.0   37.0   38.0   39.0   
 40.0   41.0   42.0   43.0   44.0   45.0   46.0   47.0   48.0   49.0   
 50.0   51.0   52.0   53.0   54.0   55.0   56.0   57.0   58.0   59.0   
 60.0   61.0   62.0   63.0   64.0   65.0   66.0   67.0   68.0   69.0   
 70.0   71.0   72.0   73.0   74.0   75.0   76.0   77.0   78.0   79.0   
 80.0   81.0   82.0   83.0   84.0   85.0   86.0   87.0   88.0   89.0   
 90.0   91.0   92.0   93.0   94.0   95.0   96.0   97.0   98.0   99.0   
 100.0  101.0  102.0  103.0  104.0  105.0  106.0  107.0  108.0  109.0  
 110.0  111.0  112.0  113.0  114.0  115.0  116.0  117.0  118.0  119.0  
 120.0  121.0  122.0  123.0  124.0  125.0  126.0  127.0  128.0  129.0  
 130.0  131.0  132.0  133.0  134.0  135.0  136.0  137.0  138.0  139.0  
 140.0  141.0  142.0  143.0  144.0  145.0  146.0  147.0  148.0  149.0  
 150.0  151.0  152.0  153.0  154.0  155.0  156.0  157.0  158.0  159.0  
 160.0  161.0  162.0  163.0  164.0  165.0  166.0  167.0  168.0  169.0  
 170.0  171.0  172.0  173.0  174.0  175.0  176.0  177.0  178.0  179.0  
 180.0  
0.0    22.5   45.0   67.5   90.0   112.5  135.0  157.5  180.0  202.5  
 225.0  247.5  270.0  292.5  315.0  337.5  360.0  
3767.2 3851.4 3905.6 4006.7 4096.4 4186.7 4272.1 4357.3 4438.4 4528.8 
 4562 4655.6 4644.9 4705.6 4735.7 4801.9 4789.8 4896.8 4891.1 4991.2 
 5001.5 5133.3 5114.2 5229.9 5235.4 5252.9 5235.5 5279.2 5304.9 5250.9 
 5279.3 5289.9 5233.8 5298.6 5317.7 5314.1 5273.1 5279.6 5259.6 5203.3 
 5268.6 5171.5 5180.1 5213.7 5360.6 5259 5322.3 5201 5250.3 5151.4 
 5022.9 4978.7 5001.5 5001.5 5019.2 5056.6 5070.4 4977.7 4892.6 5021.7 
 5085.4 4995.6 4950.8 4925.8 4885.3 4846.4 4834.6 4810 4728.9 4639.8 
 4556 4475 4426.1 4374.3 4325.5 4329.7 4301.2 4247 4282.8 4173.4 
 4038.3 4001.3 3933.4 3838.6 3689.5 3599.4 3594.3 3341 2950.1 2564.2 
 2126.5 1942.7 1932.5 1922.3 1906.1 1861.7 1819.5 1748.2 1651.1 1550.5 
 1494.4 1456.6 1409.3 1354.2 1328.1 1378.1 1393.6 1341.4 1258 1169.9 
 1089.1 1014 945.28 883.41 823.23 766.11 717.25 674.38 637.98 606.64 
 577.8 551.24 524.49 498.09 472.34 446.66 421.33 396.28 371.95 347.06 
 323.52 300.38 276.92 254.04 232.43 212.39 195.73 179.07 165.31 153.28 
 143.09 133.84 125.65 118.21 111.22 104.6 98.101 91.783 85.886 79.441 
 74.281 70.139 66.519 63.127 60.024 56.846 53.784 50.657 47.682 44.876 
 42.025 39.295 36.713 34.238 31.999 29.976 28.037 26.2 24.471 22.935 
 21.574 20.721 21.092 21.508 21.955 22.415 22.902 23.407 23.887 24.401 
 24.873 
3767.2 3749.3 3689.1 3686.7 3632.5 3693.5 3896.4 4111.3 4356.8 4414.6 
 4357.6 4111.1 3962.4 3942.5 4118.8 4433.1 4646 4715.2 4600.2 4445.6 
 4263.7 4305.3 4415.4 4714 4829.4 4978.7 4855.2 4670.7 4445.5 4402.7 
 4474.4 4626.5 4786.7 5045.7 5048.3 5042.8 4936.9 4906.5 4867.9 4884.6 
 4872 4934.7 4954.6 4915 4883.7 4935.2 4929.5 4934.8 4980.7 4975.7 
 4992.6 4879.1 4857.8 4845.4 4808.7 4822.3 4833.2 4816.1 4785.3 4738.8 
 4713.7 4721.5 4731.7 4706.7 4651.7 4625.8 4590.8 4537.5 4485.3 4415.8 
 4360.3 4351.5 4297.6 4243.5 4180 4110.5 4059.4 4016.1 3954.7 3943.6 
 3858.6 3772.1 3734.8 3675.1 3612.5 3486.4 3448.6 3386.8 3285.2 3222.9 
 3176.9 3103.6 3053.2 2993.9 2887.7 2764.3 2660.7 2563.8 2456 2349.9 
 2252.8 2159.8 2073 1972.6 1859.6 1748.4 1640.1 1534.5 1425 1318 
 1212.3 1110.3 1014.1 929.45 854.29 788.96 731.41 680.58 633.44 590.21 
 551.18 515.67 479.55 448.64 419.14 392.23 365.34 339.69 315.24 291.75 
 269.95 249.75 230.6 213.6 197.66 182.84 168.94 156.92 146.16 136.49 
 127.77 119.55 112.14 105.59 99.344 93.695 88.307 81.658 76.487 71.828 
 67.493 63.474 59.946 56.541 53.454 50.464 47.548 44.803 42.059 39.405 
 36.789 34.324 32.002 29.85 27.988 26.181 24.499 22.857 21.312 20.101 
 19.354 19.795 20.286 20.766 21.242 21.726 22.196 22.669 23.15 23.676 
 24.873 
3767.2 3663.7 3572.5 3636.8 3890.8 3985.6 3798.9 3676.3 4034.3 4082.2 
 4125.4 3825.6 4069.2 4495.7 4381.6 3980.9 3967.2 4241.6 4412.7 4198.6 
 3958.9 4151.1 4427.9 4437.5 4298.2 4177.5 4298 4487.6 4411.7 4269.6 
 4187.1 4229.5 4360.9 4373.8 4228.4 4167.3 4248.9 4356.5 4386.8 4263 
 4209.7 4262 4373.2 4347.2 4211.4 4170 4151.9 4202.5 4114.2 4041.8 
 3977.2 3911.7 3869.9 3843.2 3822.9 3757.8 3729 3635.7 3586.2 3564.5 
 3554.6 3536.5 3509.9 3484 3468.9 3435.8 3402.6 3377.7 3343.3 3298.6 
 3246.1 3192.7 3144.1 3099.6 3049.2 2988.6 2943.8 2889.8 2841.5 2784.8 
 2728.9 2646.9 2581.1 2523.6 2459.7 2376.8 2304.6 2225.8 2146.1 2077.6 
 1999.2 1939.9 1875.1 1819.1 1739.7 1653.1 1559.4 1472.9 1394.9 1315.5 
 1243.3 1170.3 1093.1 1016.3 946.11 884.72 824.01 769.96 722.42 676.46 
 635.01 598.59 565.17 536.17 509.21 484.31 462.05 440.38 419.21 398.28 
 377.54 357.48 337 316.93 296.9 276.85 257.86 238.81 221.12 205.97 
 190.82 177.02 164.19 152.51 141.45 131.47 122.15 113.86 106.58 99.784 
 92.614 87.423 82.404 77.843 73.339 69.099 64.316 60.319 56.501 52.659 
 49.577 46.737 43.959 41.434 38.98 36.767 34.573 32.558 30.699 28.984 
 27.239 25.576 24.005 22.51 21.223 20.048 19.221 18.798 19.073 19.456 
 19.863 20.261 20.698 21.194 21.694 22.179 22.611 23.077 23.576 24.004 
 24.873 
3767.2 3599.8 3565.1 3717.7 3816.9 3565.8 3665.5 4048 3720.4 3634.2 
 4095.8 3865.2 3614.9 3959.5 3965.2 3734.2 3909.7 4003.8 3875.2 3967.3 
 4006.9 3906.9 3951.7 3908.7 3816.2 3889.8 3907.2 3782.5 3804.1 3870 
 3753.6 3703.8 3727.6 3653.5 3577.8 3623.3 3605.7 3544.4 3549.1 3544.1 
 3458.4 3404.3 3375.4 3312.9 3248 3243.6 3220.9 3145.5 3104.6 3072.4 
 2974.1 2928.6 2897.8 2825.2 2788.2 2782.5 2740.8 2709.7 2673.7 2619.4 
 2551.3 2522.4 2436.1 2419.4 2349.5 2301 2193.1 2026.6 1901.7 1825.6 
 1777.2 1731.9 1673.9 1607 1544.8 1495.5 1454.5 1394.9 1333 1276.2 
 1223.9 1180 1131 1075.5 1021.7 965.36 910.05 860.86 811.82 755.61 
 711.93 669.02 623.25 582.42 550.49 520.23 481.63 443.19 411.14 383.05 
 354.98 329.33 305.93 286.94 269.32 253.6 239.84 227.41 215.88 205.32 
 195.3 185.89 177.12 169.05 161.4 153.82 146.52 139.51 132.42 125.52 
 118.32 110.85 103.09 95.09 88.077 81.508 75.152 69.15 64.554 60.754 
 57.051 53.897 51.137 48.117 45.557 43.445 40.93 38.811 36.741 34.889 
 33.299 31.742 30.36 29.167 28.087 27.094 26.218 25.394 24.592 23.851 
 23.133 22.464 21.862 21.203 20.525 19.868 19.385 19.372 19.379 19.392 
 19.45 19.556 19.685 19.847 20.016 20.21 20.447 20.712 21.014 21.343 
 21.649 21.944 22.266 22.621 23.015 23.567 23.961 24.3 24.634 24.979 
 24.873 
3767.2 3645.5 3584 3678.6 3772 3501.5 3734.2 3837 3447.4 3819.5 
 3705.2 3424.7 3674.5 3595.1 3481.4 3587.7 3531.3 3525.8 3478.6 3453.7 
 3448.1 3364.1 3387.7 3361.5 3292.6 3292.7 3227.4 3176.5 3117.6 3075.8 
 3038.9 2989.1 2952.3 2882.4 2823.9 2764.4 2708.8 2657.4 2593.8 2524.5 
 2448.9 2380.7 2320.5 2254 2189.2 2120 2057.1 1995.4 1947 1905.9 
 1861.3 1818.6 1775.9 1735.1 1700.1 1665.3 1625.2 1586.6 1550.8 1507.9 
 1463.8 1421.6 1372.5 1323.8 1276.3 1223.6 1166.6 1106.3 1044.4 975.81 
 907.76 836.98 763.88 691.18 621.81 550.89 485.06 424.5 370.4 316.33 
 271.4 231.19 195.21 164.11 137.52 114.42 95.458 80.102 68.19 58.787 
 51.744 46.51 43.454 41.549 40.358 40.055 40.579 41.78 43.633 45.813 
 47.997 50.123 51.734 52.981 54.024 54.555 54.937 54.846 54.638 54.222 
 53.403 52.469 51.411 50.115 48.706 47.292 45.845 44.347 42.699 41.028 
 39.096 36.949 34.638 32.257 29.895 25.149 21.681 20.632 20.8 21.059 
 21.348 21.659 21.924 22.206 22.548 22.89 23.205 23.531 23.863 24.156 
 24.495 24.828 25.129 25.409 25.691 25.972 26.216 26.515 26.777 27.014 
 27.283 27.528 27.749 27.977 28.214 28.403 28.6 28.807 28.988 29.164 
 29.338 29.507 29.644 29.812 29.961 30.11 30.246 30.344 30.46 30.557 
 30.622 30.641 30.667 30.706 30.719 30.79 30.874 30.881 30.881 30.881 
 24.873 
3767.2 3640.2 3534.7 3530.9 3654.3 3417.5 3346.7 3648.2 3356.4 3232.5 
 3431.9 3181.2 3038.2 3144.4 3039.7 2918.8 2939.8 2856.2 2782.1 2734.9 
 2637.1 2571.9 2494.7 2411.7 2320.6 2238.7 2152.9 2050 1962.7 1885.3 
 1795.5 1708.6 1624.1 1546.5 1477.3 1405.1 1328.4 1259.6 1197.4 1132.5 
 1070.1 1014.2 959.1 907.34 859.84 816.57 778.25 742.07 710.48 682.45 
 657.1 634.38 613.39 593.94 575.33 557.13 538.1 517 494.43 472.61 
 454.41 436.48 418.72 400.76 382.17 360.73 342.61 324.62 306.19 285.55 
 266.49 247.78 228.22 210.61 193.78 177.45 162.17 147.86 134.76 122.72 
 112.35 103.3 95.181 88.444 82.654 77.722 73.54 70.094 67.403 65 
 62.861 60.574 58.677 57.152 55.712 54.456 53.023 51.683 50.616 49.567 
 48.356 47.175 46.25 45.465 44.794 44.05 43.114 42.118 41.261 40.644 
 40.139 39.704 39.32 38.906 38.426 37.775 37.073 36.423 35.738 35.014 
 34.285 33.526 32.704 31.808 30.854 30.203 29.799 29.503 29.396 29.383 
 29.408 29.538 29.699 29.842 30.017 30.206 30.391 30.56 30.744 30.956 
 31.131 31.283 31.424 31.566 31.646 31.737 31.827 31.893 31.951 32.009 
 32.055 32.081 32.139 32.184 32.185 32.185 32.185 32.185 32.185 32.159 
 32.133 32.076 32.017 31.965 31.894 31.816 31.719 31.596 31.459 31.304 
 31.102 30.877 30.641 30.453 30.265 30.077 29.915 29.747 29.617 29.481 
 24.873 
3767.2 3615.6 3531.9 3391.1 3372.4 3370.1 3293.8 3074.1 3015.9 3101.1 
 2995.3 2755.7 2666.7 2662.7 2514.5 2282.7 2175.6 2132.3 2004.4 1848.7 
 1750.2 1652.6 1521.6 1403.7 1316.1 1220.9 1126.7 1048.4 984.14 917.21 
 857.41 811.05 765.38 716.28 675.93 641.44 604.77 570.52 539.23 507.74 
 466.33 424.59 402.81 381.03 359.25 339.13 319.46 301.16 276.46 257.2 
 241.72 227.3 213.63 199.88 183.27 171.85 160.71 149.91 138.12 128.58 
 119.23 109.78 101.16 92.26 84.025 75.91 67.664 60.758 53.98 47.948 
 43.139 41.561 40.323 39.155 38.021 36.963 36.011 35.123 34.279 33.5 
 32.862 32.399 32.111 31.951 31.84 31.73 31.673 31.673 31.687 31.751 
 31.881 32.064 32.237 32.328 32.321 32.269 32.204 32.198 32.205 32.27 
 32.336 32.472 32.615 32.764 32.94 33.087 33.224 33.353 33.451 33.529 
 33.587 33.665 33.756 33.906 34.068 34.242 34.412 34.594 34.776 34.983 
 35.179 35.346 35.521 35.678 35.833 35.98 36.13 36.261 36.377 36.507 
 36.637 36.76 36.864 36.967 37.025 37.077 37.116 37.122 37.122 37.122 
 37.122 37.109 37.082 37.025 36.966 36.894 36.823 36.726 36.615 36.504 
 36.382 36.24 36.095 35.927 35.757 35.565 35.361 35.136 34.903 34.673 
 34.427 34.149 33.864 33.577 33.281 32.959 32.627 32.249 31.877 31.521 
 31.134 30.739 30.345 29.966 29.612 29.252 28.933 28.628 28.323 28.038 
 24.873 
3767.2 3589.6 3446.4 3409.1 3275.6 3145.7 3017.5 2891.8 2820.2 2722.2 
 2610.8 2465.7 2296.6 2129.8 1971.8 1854 1736.9 1619.2 1477.6 1329.4 
 1189 1078.7 995.08 930.23 872.23 815.48 762.29 710.77 664.61 623.86 
 585.77 552.17 510.74 453.88 416.03 388.19 358.75 333.18 311.59 288.95 
 257.78 236.37 221.31 207.61 193.94 182.11 169.31 159.91 151.18 142.38 
 133.87 126.5 118.99 111.26 103.8 95.739 88.276 79.059 71.108 60.043 
 51.709 42.953 35.275 26.088 17.786 16.914 17.346 17.81 18.312 18.812 
 19.348 19.892 20.437 21 21.555 22.108 22.666 23.232 23.797 24.321 
 24.831 25.292 25.723 26.161 26.586 27.012 27.452 27.902 28.156 28.402 
 28.779 29.196 29.617 30.158 30.891 31.501 32.003 32.382 32.604 32.8 
 32.904 33.226 33.87 34.467 35.119 35.813 36.359 36.767 37.14 37.427 
 37.691 37.931 38.147 38.367 38.575 38.795 38.996 39.178 39.371 39.561 
 39.734 39.892 40.015 40.17 40.314 40.437 40.539 40.644 40.722 40.8 
 40.852 40.898 40.93 40.943 40.943 40.943 40.95 40.905 40.834 40.807 
 40.769 40.684 40.601 40.477 40.334 40.148 39.951 39.744 39.512 39.252 
 38.978 38.715 38.422 38.087 37.719 37.346 36.97 36.578 36.146 35.702 
 35.253 34.789 34.316 33.87 33.392 32.921 32.462 31.972 31.51 31.057 
 30.558 30.071 29.575 29.118 28.685 28.252 27.788 27.348 26.931 26.555 
 24.873 
3767.2 3662.2 3538.9 3461.1 3318 3203.6 3050.6 2935 2800.2 2648.9 
 2497.1 2335.2 2178.5 2021.4 1861 1702.7 1544.2 1395.9 1259.9 1144.8 
 1042.3 954.58 883.34 823.51 770.05 722.92 681.23 639.26 600.53 562.14 
 515.75 456.94 419.68 390.23 360.78 338.64 311.81 290.02 261.05 243.29 
 228.44 215.2 201.65 188.43 177.44 168.86 160.87 153.36 147.46 142.08 
 137.28 132.62 125.94 118.86 110.08 99.05 88.311 76.638 67.34 58.585 
 46.026 31.304 20.299 19.766 20.274 20.836 21.453 22.086 22.745 23.42 
 24.143 24.791 25.429 26.042 26.605 26.236 26.079 26.568 26.69 25.678 
 25.709 26.259 26.82 27.359 27.907 28.462 28.999 29.468 29.941 30.398 
 30.813 31.217 31.682 32.109 32.525 32.945 33.352 33.769 34.192 34.554 
 34.832 35.153 35.486 36.104 36.675 36.681 36.703 36.941 37.196 37.577 
 37.655 37.851 38.052 38.24 38.401 38.57 38.738 38.894 39.043 39.18 
 39.289 39.399 39.492 39.615 39.725 39.816 39.918 39.996 40.068 40.132 
 40.171 40.171 40.158 40.125 40.08 40.015 39.937 39.866 39.781 39.704 
 39.659 39.58 39.451 39.36 39.334 39.211 39.067 38.873 38.632 38.386 
 38.107 37.84 37.551 37.237 36.902 36.534 36.19 35.818 35.417 34.993 
 34.577 34.1 33.621 33.156 32.653 32.173 31.71 31.213 30.713 30.246 
 29.721 29.188 28.651 28.151 27.669 27.189 26.706 26.23 25.748 25.307 
 24.873 
3767.2 3679.5 3556.9 3417.4 3179.5 3041.7 2991 2956.1 2912.7 2770.6 
 2587.6 2387 2201 2061.9 1966.1 1860.1 1753.9 1595.4 1426.9 1283.6 
 1167 1080.3 1007.4 938.31 874.15 813.07 758.24 710.5 669.09 631.6 
 593.05 556.39 508.81 450.79 415.31 386.06 357.96 332.18 309.62 287.01 
 253.53 234.86 220.15 206.82 193.5 180.56 168.78 159.09 149.96 140.71 
 132.24 124.35 116.27 108.42 99.855 91.62 82.873 73.574 63.915 54.521 
 44.946 37.144 29.899 19.656 16.434 16.815 17.246 17.697 18.192 18.68 
 19.196 19.725 20.248 20.788 21.315 21.854 22.366 22.903 23.431 23.949 
 24.444 24.918 25.364 25.771 26.182 26.603 27.053 27.548 28.012 28.278 
 28.479 28.872 29.297 29.793 30.611 31.145 31.621 32.072 32.081 32.159 
 31.926 32.029 32.499 33.413 34.233 35.275 35.813 36.171 36.4 36.506 
 36.519 36.512 36.597 36.674 36.033 35.565 35.565 35.623 35.72 35.935 
 36.113 36.302 36.454 36.634 36.804 36.958 37.083 37.205 37.316 37.387 
 37.485 37.537 37.595 37.634 37.635 37.635 37.635 37.635 37.635 37.596 
 37.563 37.511 37.396 37.266 37.097 36.923 36.85 37.671 37.783 37.771 
 37.432 37.055 36.679 36.288 35.91 35.492 35.083 34.659 34.193 33.73 
 33.259 32.752 32.257 31.805 31.322 30.854 30.381 29.917 29.449 28.981 
 28.499 28.028 27.528 27.087 26.662 26.231 25.79 25.363 24.933 24.549 
 24.873 
3767.2 3722.9 3462.5 3301.8 3509.2 3437.2 3112.4 2991.5 3102.1 3050 
 2827.4 2677 2684.4 2603.4 2391.3 2253.4 2192.2 2064.6 1914.7 1814.6 
 1712.8 1583.5 1470.4 1382.3 1285.1 1185 1104.7 1033.9 961.77 901.49 
 855.51 809.37 761.16 717.73 679.52 641.2 604.11 570.58 538.51 501.75 
 457.92 423.24 400.39 377.55 356.16 335.28 315.35 292.92 269.03 252.42 
 237.22 223.24 209.56 192.01 179.29 167.56 155.91 143.65 133.59 123.45 
 113.44 104.4 95.56 86.693 78.177 69.382 61.516 54.194 47.446 43.43 
 41.844 40.366 38.999 37.724 36.563 35.502 34.545 33.701 32.907 32.305 
 31.771 31.26 30.841 30.62 30.434 30.29 30.174 30.09 30.063 30.051 
 30.051 30.051 30.051 30.051 30.051 30.051 30.051 30.057 30.122 30.2 
 30.337 30.52 30.693 30.868 31.006 31.174 31.334 31.485 31.615 31.757 
 31.893 31.99 32.126 32.25 32.387 32.517 32.651 32.781 32.95 33.086 
 32.931 32.134 31.757 31.822 31.893 32.016 32.126 32.238 32.361 32.503 
 32.645 32.801 32.931 33.029 33.119 33.191 33.236 33.275 33.301 33.333 
 33.34 33.34 33.301 33.242 33.138 33.034 32.911 32.776 32.639 32.47 
 32.309 32.126 31.944 31.75 31.764 32.327 32.586 32.477 32.193 31.86 
 31.523 31.137 30.754 30.375 30.001 29.592 29.205 28.812 28.416 28.026 
 27.638 27.248 26.88 26.535 26.215 25.887 25.562 25.249 24.914 24.652 
 24.873 
3767.2 3699.4 3409.5 3662.3 3623.2 3218.9 3471.7 3506.4 3186.9 3294 
 3293.4 3068.4 3072.6 3047.9 2926.5 2878.7 2819.1 2757.2 2698.3 2619.9 
 2553.8 2461.6 2388.2 2316.3 2223.2 2137.9 2029.9 1946.3 1881.1 1791.1 
 1695 1608.5 1535.7 1469.2 1394 1317.9 1249.4 1187.7 1127.9 1060.2 
 1000.3 948.66 896.09 848.22 806.28 767.28 730.18 695.72 665.4 638.15 
 613.16 590.18 567.73 546.39 526.13 506 483.91 461.12 439.07 419.52 
 400.61 381.88 363.36 342.43 323.02 304.79 287.04 267.66 248.98 231.29 
 213 197 181.01 165.87 151.68 138.4 126.31 115.62 106.69 98.842 
 92.024 86.216 81.235 77.07 73.571 70.727 68.253 66.037 64.122 62.311 
 60.525 58.873 57.276 55.656 54.007 52.452 51.155 50.059 49.055 47.937 
 46.711 45.485 44.365 43.372 42.399 41.47 40.492 39.531 38.624 37.873 
 37.254 36.647 35.991 35.329 34.678 34.148 33.702 33.305 32.948 32.603 
 32.239 31.835 31.285 30.648 30.006 29.3 28.502 27.874 27.503 27.302 
 27.166 27.132 27.182 27.273 27.396 27.519 27.655 27.791 27.941 28.095 
 28.239 28.317 28.325 28.241 28.059 28.046 28.033 28.033 28.033 28.033 
 28.033 28.033 28.033 28.027 28.02 28.026 28.182 28.317 28.517 28.756 
 28.811 28.811 28.727 28.593 28.399 28.216 28.041 27.924 27.744 27.484 
 27.25 27.009 26.775 26.555 26.355 26.152 25.983 25.776 25.581 25.465 
 24.873 
3767.2 3670.9 3525 3880.4 3576.8 3484.3 3870.4 3529.6 3565.7 3766 
 3504.3 3533.6 3589.1 3478.6 3493.4 3461.8 3494.3 3456.7 3394.6 3437.6 
 3368.2 3327.5 3298.5 3235.3 3225.7 3163.1 3120.1 3050.7 3000.7 2961 
 2899.3 2841.5 2769 2717.7 2663.4 2618.1 2552.2 2473.6 2396.2 2333 
 2268.6 2209 2137.2 2069.7 2009.1 1949 1896.4 1840.9 1791.5 1750.5 
 1707.2 1657.2 1611.8 1568.5 1522.2 1474.1 1427.8 1377.6 1330.4 1281.8 
 1230.8 1179.1 1129.7 1074.1 1017.6 958.61 895.65 832.29 770.55 711.1 
 649.06 588.72 531.84 475.06 422.69 374.31 329.5 289.65 253.24 221.37 
 194.24 167.1 143.76 123.33 105.88 90.555 78.008 67.969 60.179 54.798 
 51.062 48.45 46.876 46.432 46.952 47.96 49.512 51.255 52.946 54.541 
 55.861 56.766 57.384 57.693 57.843 57.69 57.229 56.473 55.441 54.273 
 52.918 51.397 49.696 48.078 46.335 44.522 42.757 40.991 39.257 37.594 
 35.915 34.15 32.288 30.205 26.973 23.653 21.245 19.346 18.744 18.897 
 19.171 19.43 19.729 20.013 20.324 20.655 20.973 21.309 21.646 21.97 
 22.284 22.613 22.94 23.265 23.591 23.933 24.262 24.579 24.906 25.189 
 25.468 25.766 26.051 26.347 26.652 26.936 27.22 27.495 27.753 28.027 
 28.318 28.585 28.804 28.999 29.169 29.341 29.538 29.712 29.862 29.992 
 30.122 30.258 30.458 30.531 30.576 30.628 30.68 30.738 30.777 30.816 
 24.873 
3767.2 3682 3512.5 3872.7 3824.3 3454.9 3851.5 3980.7 3566.7 3773.6 
 4018.8 3712.2 3732.2 3979.3 3835 3781 3895.2 3839.9 3860 3957.8 
 3911.4 3898.5 3944.5 3858.6 3779.8 3843.8 3791.8 3687.3 3723.4 3729.6 
 3602.2 3563.2 3588.5 3524.3 3420.2 3433.9 3423.7 3338.7 3329 3318.6 
 3233.3 3195.7 3189.9 3106.3 3053.5 3036.3 2987.4 2936.9 2900.6 2860.3 
 2808.2 2758.1 2728.2 2666.9 2633.4 2589.5 2552.6 2508.4 2451.4 2420.1 
 2349.2 2328.3 2242.7 2195.6 2071 1945.2 1844.3 1761.9 1687.5 1624.4 
 1570.3 1525.3 1495 1460.2 1410.2 1354.9 1291.9 1239.7 1189.6 1142.6 
 1091.4 1040.6 989.35 936.22 885.22 834.18 780.81 731.48 684.92 641.11 
 598.99 558.34 518.06 483.38 453.42 427.13 403.62 380.11 356.64 335.85 
 317.15 300.28 285.1 270.96 258.02 245.69 234.19 223.18 212.65 202.87 
 193.59 184.84 176.36 168.19 160.33 152.82 145.54 138.58 131.72 124.95 
 118.12 111.64 105.23 98.607 92.987 87.536 82.218 77.129 72.878 68.773 
 64.497 60.863 57.63 54.525 51.863 49.559 47.178 44.897 42.786 40.781 
 39.113 37.425 36.004 34.739 33.6 32.612 31.661 30.8 29.955 29.2 
 28.439 27.735 27.114 26.538 26.006 25.476 24.964 24.637 24.446 24.531 
 24.615 24.738 24.9 25.115 25.361 25.61 25.874 26.175 26.51 26.85 
 27.181 27.489 27.729 27.943 28.133 28.34 28.554 28.78 28.962 29.176 
 24.873 
3767.2 3768.5 3560.9 3648.8 4015.8 3999.9 3686.4 3702.6 4156.5 4287 
 3984.5 3800.1 4109.4 4427.5 4297.9 3987 3990.4 4217 4407.9 4224.4 
 4025.4 4128.3 4290 4361.7 4262.2 4105.9 4179.3 4339.2 4366.5 4290.6 
 4142 4144.5 4310.2 4371.8 4269.9 4137.6 4067.3 4179.7 4210.5 4173.5 
 4033.1 4018 4099.4 4150.9 4166.5 4023.2 3959.9 3899.6 3908 3826.4 
 3743.8 3671.2 3656 3601.9 3564 3519.5 3457.2 3413.2 3387.4 3365.2 
 3337.3 3312 3305.8 3296.7 3280 3256.6 3231.2 3182.9 3142.3 3108 
 3064.4 3016.7 2970.4 2923.5 2883.2 2837 2789.9 2735.3 2676.8 2598.9 
 2513.8 2456.5 2399.5 2338.4 2279.6 2230.9 2158.4 2088.6 2015 1925.9 
 1844 1762.2 1678 1603.7 1533.3 1466.7 1399.4 1332.2 1256.7 1181.3 
 1107.4 1033.5 963.91 901.77 847.88 797.86 747.83 704.14 663.85 628 
 595.97 566.97 539.53 513.91 490.37 467.6 445.33 422.87 400.05 377.72 
 355.69 333.63 311.93 290.94 270.91 251.3 232.97 215.3 200.61 185.94 
 172.49 160.17 148.74 138.54 129.31 121.14 113.68 107.06 101.47 96.195 
 90.096 85.145 80.253 75.717 71.433 67.487 63.432 59.995 56.914 53.881 
 51.254 48.765 46.383 44.195 42.04 40.042 38.102 36.263 34.523 32.997 
 31.549 30.144 28.843 27.616 26.464 25.476 24.528 23.628 23.641 23.989 
 24.353 24.734 25.084 25.404 25.734 26.046 26.387 26.712 27.033 27.356 
 24.873 
3767.2 3839.6 3763 3702.7 3610.9 3698.6 3940.6 4155.2 4377.2 4376.4 
 4285.7 4087.8 4010.1 4012.3 4208.3 4434.8 4610.9 4644.8 4575.3 4448 
 4284.2 4268.8 4317.2 4544.5 4709.3 4952.9 4995.9 4931.9 4813.9 4692.3 
 4626.5 4570.2 4644.8 4764.3 4838.7 4917.3 4934.1 4959.6 4875 4799.1 
 4762.6 4774.1 4761.9 4781.7 4765.3 4784.4 4731.4 4776.7 4770.3 4798.2 
 4730.9 4655.1 4625.4 4586 4553.6 4587.8 4624.1 4627.7 4593.5 4559.8 
 4578.1 4616.9 4610.1 4559.8 4514.4 4488.2 4443.1 4416.6 4382.3 4316.3 
 4255.4 4221.1 4185.6 4107.7 4028.2 3968.3 3927.8 3867 3862.6 3779.2 
 3716.5 3689.2 3636.6 3578.2 3458.9 3391.1 3311.3 3210.2 3131.6 3075.7 
 2993.1 2929.4 2860.7 2772.8 2680.9 2591.4 2492.9 2387.1 2284 2186.1 
 2099.2 2012.1 1913.3 1806.2 1700.7 1589.9 1471.6 1351.6 1231.6 1122.6 
 1021.3 933.01 854.76 783.69 723.01 670.53 622.8 581.98 544.73 511.26 
 481.35 452.59 424.3 400.65 377 353.6 331.74 310.33 289.56 270.8 
 252.46 233.67 216.19 200.61 186.31 172.8 160.42 149.53 139.94 131.17 
 123.32 115.72 109.13 103.04 97.343 92.072 86.985 81.281 76.02 71.733 
 67.806 64.094 60.944 57.897 55.127 52.529 49.96 47.428 44.874 42.363 
 39.892 37.581 35.35 33.207 31.339 29.482 27.832 26.196 24.691 23.393 
 22.149 22.329 22.746 23.162 23.605 24.039 24.487 24.904 25.318 25.757 
 24.873 
3767.2 3851.4 3905.6 4006.7 4096.4 4186.7 4272.1 4357.3 4438.4 4528.8 
 4562 4655.6 4644.9 4705.6 4735.7 4801.9 4789.8 4896.8 4891.1 4991.2 
 5001.5 5133.3 5114.2 5229.9 5235.4 5252.9 5235.5 5279.2 5304.9 5250.9 
 5279.3 5289.9 5233.8 5298.6 5317.7 5314.1 5273.1 5279.6 5259.6 5203.3 
 5268.6 5171.5 5180.1 5213.7 5360.6 5259 5322.3 5201 5250.3 5151.4 
 5022.9 4978.7 5001.5 5001.5 5019.2 5056.6 5070.4 4977.7 4892.6 5021.7 
 5085.4 4995.6 4950.8 4925.8 4885.3 4846.4 4834.6 4810 4728.9 4639.8 
 4556 4475 4426.1 4374.3 4325.5 4329.7 4301.2 4247 4282.8 4173.4 
 4038.3 4001.3 3933.4 3838.6 3689.5 3599.4 3594.3 3341 2950.1 2564.2 
 2126.5 1942.7 1932.5 1922.3 1906.1 1861.7 1819.5 1748.2 1651.1 1550.5 
 1494.4 1456.6 1409.3 1354.2 1328.1 1378.1 1393.6 1341.4 1258 1169.9 
 1089.1 1014 945.28 883.41 823.23 766.11 717.25 674.38 637.98 606.64 
 577.8 551.24 524.49 498.09 472.34 446.66 421.33 396.28 371.95 347.06 
 323.52 300.38 276.92 254.04 232.43 212.39 195.73 179.07 165.31 153.28 
 143.09 133.84 125.65 118.21 111.22 104.6 98.101 91.783 85.886 79.441 
 74.281 70.139 66.519 63.127 60.024 56.846 53.784 50.657 47.682 44.876 
 42.025 39.295 36.713 34.238 31.999 29.976 28.037 26.2 24.471 22.935 
 21.574 20.721 21.092 21.508 21.955 22.415 22.902 23.407 23.887 24.401 
 24.873 
