IESNA:LM-63-2002
[TEST] 1
[TESTLAB] 
[TESTDATE] 2025-06-14
[ISSUEDATE] 2025-06-14 16:10:13
[LAMPPOSITION] 0,0
[OTHER] EVERFINE GO-2000A_V1 SYSTEM
[MANUFAC] 
[LUMINAIRE] 120W-4000K
[LAMP] WP09A-14-120L-S2D4C3
TILT=NONE
1 17305 1 181 17 1 2 0.190 0.300 0.000
1.000 1 114.391
0.0    1.0    2.0    3.0    4.0    5.0    6.0    7.0    8.0    9.0    
 10.0   11.0   12.0   13.0   14.0   15.0   16.0   17.0   18.0   19.0   
 20.0   21.0   22.0   23.0   24.0   25.0   26.0   27.0   28.0   29.0   
 30.0   31.0   32.0   33.0   34.0   35.0   36.0   37.0   38.0   39.0   
 40.0   41.0   42.0   43.0   44.0   45.0   46.0   47.0   48.0   49.0   
 50.0   51.0   52.0   53.0   54.0   55.0   56.0   57.0   58.0   59.0   
 60.0   61.0   62.0   63.0   64.0   65.0   66.0   67.0   68.0   69.0   
 70.0   71.0   72.0   73.0   74.0   75.0   76.0   77.0   78.0   79.0   
 80.0   81.0   82.0   83.0   84.0   85.0   86.0   87.0   88.0   89.0   
 90.0   91.0   92.0   93.0   94.0   95.0   96.0   97.0   98.0   99.0   
 100.0  101.0  102.0  103.0  104.0  105.0  106.0  107.0  108.0  109.0  
 110.0  111.0  112.0  113.0  114.0  115.0  116.0  117.0  118.0  119.0  
 120.0  121.0  122.0  123.0  124.0  125.0  126.0  127.0  128.0  129.0  
 130.0  131.0  132.0  133.0  134.0  135.0  136.0  137.0  138.0  139.0  
 140.0  141.0  142.0  143.0  144.0  145.0  146.0  147.0  148.0  149.0  
 150.0  151.0  152.0  153.0  154.0  155.0  156.0  157.0  158.0  159.0  
 160.0  161.0  162.0  163.0  164.0  165.0  166.0  167.0  168.0  169.0  
 170.0  171.0  172.0  173.0  174.0  175.0  176.0  177.0  178.0  179.0  
 180.0  
0.0    22.5   45.0   67.5   90.0   112.5  135.0  157.5  180.0  202.5  
 225.0  247.5  270.0  292.5  315.0  337.5  360.0  
4548.8 4615.2 4642 4735.1 4820 4902.4 5009.2 5092.1 5169.3 5262.5 
 5290.9 5364.5 5353.9 5407.5 5425.6 5484.2 5470.2 5567.8 5577.2 5676.2 
 5712.7 5838.3 5855.1 5968.4 6001.2 6019.4 6028 6085 6134.7 6113.2 
 6155.8 6183.7 6162.1 6233.9 6292.4 6291.9 6288.7 6308.5 6328.6 6285.4 
 6376.9 6293.3 6317 6385.3 6566.3 6480 6527.1 6414.9 6479.8 6396.2 
 6263.4 6232.8 6261.3 6242.7 6279.6 6343.3 6355.5 6240.5 6128 6279.4 
 6369.7 6254.7 6180 6129.5 6079.2 6044 6037.9 5991.1 5881.8 5788.3 
 5699.4 5606.6 5550.1 5485.8 5432 5420.7 5364.9 5298.7 5343.5 5209.3 
 5050.2 5023.7 4945.8 4841.4 4672.7 4562.7 4553.3 4265.9 3744.6 3184.6 
 2664.9 2448.5 2380.1 2369 2375.9 2357.5 2305.3 2201 2062.3 1946.9 
 1889.9 1833.4 1769.7 1698.2 1664.4 1720.8 1734.6 1671.3 1568.6 1464.2 
 1365.9 1273.4 1187.3 1108.9 1032.8 961.23 900.3 847.57 802.33 762.8 
 726.22 691.46 657.64 624.49 592.37 560.73 529.58 498.98 469.07 438.25 
 409.14 380.42 351.12 322.4 295.56 270.43 247.15 226.97 209.28 194.9 
 181.96 170.08 159.52 150.05 141.03 132.4 124.06 116.2 108.66 100.51 
 93.925 88.687 84.194 79.985 76.064 72.065 68.194 64.29 60.467 56.937 
 53.314 49.883 46.71 43.597 40.77 38.183 35.703 33.373 31.173 29.233 
 27.551 26.452 26.911 27.429 27.981 28.58 29.195 29.808 30.412 31.038 
 31.64 
4548.8 4592.3 4600 4713.5 4750.4 4835 4954.6 5010.7 5114.5 5168.9 
 5275.8 5297.9 5366.5 5357 5373.3 5417.3 5412.9 5464.8 5481.8 5587.5 
 5586.4 5690.1 5677.8 5788 5730.5 5829.9 5825.4 5846.2 5855.5 5921.2 
 5972.8 5961.1 5956.2 6074 6042 6091.1 6095.2 6154.2 6156 6106.3 
 6044.2 6031.4 6036.9 6011.2 6014.9 6095.7 6102.8 6118.5 6161.1 6141.8 
 6151.8 6022 5972 5956.5 5911.1 5909.4 5941.2 5953.3 5930.9 5888.9 
 5862.4 5886.5 5912.9 5897.2 5837.3 5792.7 5757 5685.5 5632.8 5585.7 
 5523.1 5470.6 5398.6 5316.9 5230.6 5137.6 5087.7 5041.7 4978.1 4960.3 
 4841.7 4746.6 4702.4 4621.6 4540.5 4383.8 4313.1 4227.2 4104.8 4031.4 
 3973.8 3885.9 3816 3739.2 3622.6 3489.5 3359.9 3229.7 3088.1 2953.6 
 2833.2 2723.5 2621.6 2497 2355.4 2209.2 2070.2 1930.2 1788.7 1648.7 
 1512.4 1385.3 1265.5 1160.6 1067.6 985.72 912.9 848.75 790.48 736.6 
 686.74 642.4 599.49 560.55 523.78 488.69 455.37 422.89 393.43 363.98 
 337.76 313.08 289.85 268.46 248.51 230.05 213.19 197.9 184.25 172.02 
 160.89 150.67 141.36 132.95 125.34 118.32 111.55 103.37 96.75 90.834 
 85.367 80.286 75.873 71.627 67.818 64.034 60.386 56.95 53.461 50.126 
 46.813 43.724 40.795 38.15 35.77 33.482 31.359 29.273 27.292 25.723 
 24.765 25.327 25.951 26.535 27.134 27.739 28.344 28.941 29.533 30.177 
 31.64 
4548.8 4570.8 4584.9 4641.3 4716.3 4740.3 4841.9 4897.9 4961 4970.3 
 5067 5134.2 5168 5203.4 5197.1 5224.1 5289 5214.6 5216.6 5274.4 
 5274.6 5312.4 5308.2 5304.3 5384 5362.3 5355 5386.8 5362.9 5393.2 
 5403.7 5354 5368.5 5397.1 5372 5386.1 5366.8 5342.9 5370.3 5335.2 
 5351.6 5310.8 5316.6 5308.2 5263.5 5292.4 5212.7 5180.4 5088.8 5056.2 
 4978.3 4876.7 4803.8 4757.3 4732 4662.1 4632 4536.7 4471.7 4438.4 
 4418.8 4391 4357.1 4333 4322.6 4294 4259.4 4229 4178.2 4122.7 
 4064.6 4011.2 3951.7 3892.5 3839.2 3778.5 3732 3662.7 3586.9 3502.3 
 3428.7 3324.5 3240.7 3168.5 3093.8 3005.5 2921.6 2831.4 2738.9 2649 
 2551.1 2441.6 2350.1 2256.1 2154.8 2056 1957 1870.3 1783.8 1688.7 
 1593.7 1498.2 1396.8 1297 1203.4 1124.1 1049.6 981.5 922.57 864.93 
 813.16 767.09 725.47 688.25 654.1 622.81 593.65 565.4 538.21 511.18 
 484.56 458.24 431.35 405.02 379.06 353.09 328.33 304.02 281.33 260.45 
 241.03 223.46 208.43 193.42 179.36 166.7 154.99 144.49 135.29 126.6 
 117.57 110.93 104.53 98.694 92.969 87.652 81.596 76.475 71.641 66.82 
 62.896 59.239 55.696 52.615 49.548 46.728 43.963 41.354 38.984 36.841 
 34.647 32.553 30.565 28.675 27.126 25.69 24.606 24.076 24.44 24.933 
 25.424 25.938 26.48 27.099 27.751 28.36 28.907 29.483 30.107 30.667 
 31.64 
4548.8 4519.3 4555.1 4603.1 4594.2 4633.5 4666.4 4684.7 4708 4739.2 
 4758 4766.5 4795.6 4804.8 4846 4882.4 4857.4 4866.6 4881.5 4895.7 
 4910.6 4921.5 4911.6 4879.2 4866.4 4862.9 4841.1 4801.4 4758.9 4733.8 
 4700 4671.8 4611.5 4577.9 4566.9 4517.8 4462.8 4435 4389.4 4336.6 
 4296.3 4249.3 4202.5 4168.4 4115.4 4045.7 4010.2 3938.6 3875.4 3832.4 
 3767.3 3712 3662.6 3590.1 3544.1 3506 3451.8 3401.6 3350.6 3301.3 
 3239.1 3203.4 3103.8 3083.2 2987 2921.6 2789.3 2587.6 2433.4 2324.1 
 2240.7 2165.9 2092.4 2027.1 1967.1 1913.9 1856.7 1777.3 1698 1629.7 
 1565.5 1511.8 1445.8 1370.8 1298.4 1229.9 1163.1 1098.8 1037.5 968.77 
 910.8 857.28 803.39 753.25 705.96 660.17 614.35 570.55 529.43 490.11 
 454.58 422.62 395.65 368.73 346.41 326.25 308.74 292.75 277.84 264.04 
 251.25 239.04 227.75 217.29 207.53 197.79 188.41 179.4 170.32 161.37 
 152.19 142.66 132.73 122.4 113.47 105.1 96.843 89.148 83.229 78.331 
 73.527 69.5 65.836 62.018 58.551 55.75 52.526 49.803 47.163 44.797 
 42.705 40.671 38.828 37.243 35.883 34.612 33.462 32.387 31.366 30.4 
 29.5 28.638 27.846 27.006 26.128 25.292 24.692 24.64 24.64 24.692 
 24.789 24.927 25.096 25.284 25.513 25.774 26.093 26.444 26.821 27.233 
 27.618 28.016 28.432 28.848 29.34 30.043 30.56 30.986 31.433 31.861 
 31.64 
4548.8 4569.5 4546.1 4557.1 4565 4583 4538.9 4535.7 4559.1 4559.1 
 4505.1 4500.5 4480.6 4473.3 4443.9 4405.4 4376.5 4360.9 4339.9 4314.7 
 4278 4259.4 4240.9 4199.2 4156.2 4106.9 4058.6 3998.1 3944.2 3886.7 
 3825.5 3762.8 3697.2 3629.4 3561.8 3495.1 3421.8 3346 3266.5 3185.9 
 3102.3 3016.9 2933.9 2849.8 2767.2 2687.8 2610.2 2539.3 2472.1 2411.5 
 2355.8 2305 2256.7 2210.2 2162.4 2113 2062 2012.9 1963.9 1910.6 
 1854.8 1798.5 1742.2 1681.7 1620.3 1554.8 1483.5 1408.6 1328.6 1245.6 
 1159 1070.7 980.86 891.39 801.86 714.25 631.44 553.93 481.69 419.26 
 356.86 304.69 257.96 216.78 181.81 151.41 125.94 105.21 89.09 76.386 
 66.616 59.555 55.552 53.033 51.537 51.254 52.125 53.608 56.089 58.937 
 61.721 64.368 66.412 68.027 69.119 69.689 70.085 69.989 69.684 68.991 
 67.897 66.594 65.119 63.528 61.802 59.942 58.05 56.069 53.948 51.728 
 49.17 46.358 43.4 40.309 37.268 31.285 26.938 25.53 25.724 26.065 
 26.446 26.798 27.136 27.514 27.93 28.347 28.754 29.146 29.557 29.971 
 30.376 30.764 31.138 31.518 31.88 32.229 32.579 32.926 33.274 33.61 
 33.94 34.265 34.55 34.83 35.099 35.377 35.638 35.865 36.098 36.312 
 36.532 36.733 36.955 37.147 37.322 37.519 37.681 37.855 38.004 38.108 
 38.185 38.251 38.277 38.322 38.367 38.445 38.568 38.627 38.647 38.647 
 31.64 
4548.8 4561.8 4464.7 4438.9 4412.4 4346.6 4286.6 4257.1 4196.9 4136.8 
 4075.2 3994.3 3933.6 3859 3802.6 3705.9 3612.3 3538.9 3466.7 3386.2 
 3298.1 3207.1 3117.4 3018.9 2914.2 2809.2 2705.1 2594.1 2479.2 2374 
 2263.7 2156.4 2057.7 1957.6 1869.4 1781.2 1691.9 1607 1522.9 1444.3 
 1367 1292.3 1223.4 1157.8 1096.7 1043.3 993.64 948.35 908.04 871.48 
 839.11 810.52 783.76 758.07 734.1 710.46 686.49 659.56 630.49 602.3 
 579.18 556.58 533.75 510.92 487.26 459.76 436.55 413.27 389.78 363.15 
 338.8 314.91 290.09 267.89 245.69 224.52 206.14 187.78 171.04 155.69 
 142.6 131.13 120.9 112.28 104.94 98.566 93.415 89.088 85.686 82.77 
 80.046 77.145 74.607 72.699 70.987 69.358 67.409 65.759 64.386 63.047 
 61.415 59.874 58.648 57.595 56.71 55.672 54.45 53.191 52.067 51.272 
 50.575 50 49.501 48.942 48.302 47.459 46.521 45.668 44.782 43.858 
 42.893 41.918 40.862 39.711 38.466 37.586 37.068 36.705 36.571 36.545 
 36.635 36.802 36.985 37.172 37.375 37.589 37.813 38.049 38.296 38.545 
 38.781 38.969 39.131 39.269 39.417 39.56 39.684 39.825 39.924 40.027 
 40.112 40.21 40.262 40.307 40.327 40.327 40.333 40.333 40.327 40.282 
 40.236 40.191 40.12 40.035 39.951 39.848 39.737 39.627 39.465 39.232 
 38.993 38.733 38.433 38.189 37.979 37.781 37.603 37.415 37.239 37.052 
 31.64 
4548.8 4507.1 4428.6 4287.8 4208 4128.3 4045.1 3976.1 3836.8 3712.4 
 3619.3 3503.3 3385 3246.6 3088.4 2938.9 2791.6 2640.9 2499.9 2349.1 
 2190.7 2042.6 1900.1 1764.7 1640.6 1522 1418.9 1321.9 1237.5 1163.1 
 1091.1 1026.1 967.58 913.04 862.51 815.11 771.29 728.97 688.14 647.86 
 595.22 542.13 510.37 483.06 457.16 431.41 406.58 379.26 351.93 328.14 
 308.33 289.75 272.39 254.97 233.51 218.81 204.65 190.75 175.58 163.51 
 151.61 139.75 128.47 117.13 106.69 96.179 85.613 76.62 67.994 60.093 
 53.88 51.876 50.287 48.834 47.558 46.281 45.122 44.004 42.939 41.964 
 41.146 40.584 40.22 39.99 39.813 39.709 39.594 39.6 39.634 39.692 
 39.854 40.049 40.243 40.372 40.365 40.32 40.223 40.223 40.236 40.295 
 40.392 40.543 40.704 40.92 41.12 41.308 41.496 41.638 41.768 41.864 
 41.93 42.02 42.131 42.293 42.474 42.697 42.923 43.138 43.363 43.611 
 43.84 44.071 44.266 44.474 44.668 44.848 45.03 45.16 45.317 45.473 
 45.641 45.803 45.933 46.057 46.167 46.238 46.322 46.387 46.451 46.471 
 46.477 46.444 46.386 46.314 46.25 46.172 46.107 46.023 45.912 45.782 
 45.634 45.471 45.309 45.12 44.919 44.699 44.431 44.172 43.887 43.568 
 43.251 42.934 42.604 42.25 41.865 41.477 41.046 40.637 40.174 39.644 
 39.14 38.685 38.174 37.698 37.269 36.853 36.457 36.051 35.668 35.306 
 31.64 
4548.8 4445.6 4332.9 4271.7 4096 3956.8 3826.4 3683.8 3557.1 3381.7 
 3212.5 3044.4 2865.9 2691.7 2511.4 2327.4 2135.3 1953 1793.4 1634.2 
 1492.1 1369.8 1260.8 1168.1 1087.5 1015.5 953.29 894.95 842.35 792.82 
 742.94 697.24 642.89 570.04 523.18 488.59 452.01 419.49 392.09 363.27 
 324.09 297.71 279.04 260.55 243.84 229.23 213.17 202.12 191.13 180.14 
 169.44 160.19 150.55 140.83 131.28 121.18 111.56 99.887 89.819 75.855 
 65.191 54.131 44.34 32.632 22.249 21.196 21.725 22.303 22.93 23.594 
 24.242 24.921 25.598 26.313 26.999 27.701 28.407 29.093 29.794 30.47 
 31.118 31.688 32.241 32.782 33.313 33.847 34.394 34.952 35.286 35.578 
 36.05 36.557 37.074 37.755 38.694 39.47 40.079 40.567 40.85 41.078 
 41.215 41.602 42.418 43.184 43.986 44.88 45.564 46.079 46.565 46.948 
 47.253 47.563 47.868 48.131 48.383 48.649 48.902 49.13 49.374 49.578 
 49.797 49.96 50.134 50.29 50.441 50.571 50.687 50.803 50.914 51.024 
 51.102 51.135 51.18 51.174 51.174 51.181 51.148 51.11 51.077 51.064 
 50.98 50.864 50.715 50.571 50.398 50.223 50.048 49.858 49.618 49.341 
 49.053 48.725 48.374 47.937 47.488 47.043 46.551 46.035 45.479 44.915 
 44.357 43.799 43.229 42.637 42.053 41.487 40.9 40.375 39.779 39.144 
 38.549 37.983 37.363 36.799 36.267 35.722 35.174 34.633 34.093 33.62 
 31.64 
4548.8 4434.8 4307.6 4192.7 4077.5 3944.2 3761.9 3626.1 3465.9 3285.2 
 3099 2898.3 2706.3 2517.1 2320.2 2123.1 1925.6 1742.7 1576.9 1433 
 1305.5 1196.4 1107.9 1033.1 964.42 904.27 850.29 796.94 748.08 698.8 
 640.5 567.71 522.09 481.37 448.8 421.28 390.95 360.58 324.23 302.35 
 284.02 267.54 250.75 234.32 220.75 210.45 200.54 191.04 183.81 177.14 
 171.13 165.52 157.09 148.16 137.32 123.48 109.93 95.458 83.828 72.815 
 57.275 38.584 25.255 24.725 25.368 26.036 26.815 27.607 28.442 29.28 
 30.168 30.988 31.779 32.559 33.25 32.844 32.652 33.256 33.401 32.205 
 32.228 32.914 33.616 34.307 34.973 35.674 36.325 36.922 37.519 38.088 
 38.615 39.12 39.693 40.237 40.792 41.311 41.811 42.343 42.869 43.316 
 43.666 44.06 44.477 45.234 45.926 45.971 45.981 46.306 46.64 47.127 
 47.208 47.486 47.739 47.991 48.186 48.386 48.602 48.808 48.971 49.159 
 49.313 49.442 49.566 49.69 49.806 49.885 49.981 50.072 50.163 50.261 
 50.363 50.357 50.356 50.292 50.239 50.161 50.077 49.986 49.935 49.915 
 49.844 49.708 49.531 49.416 49.401 49.253 49.135 48.949 48.725 48.459 
 48.174 47.863 47.498 47.102 46.689 46.248 45.777 45.289 44.758 44.207 
 43.657 43.102 42.521 41.916 41.302 40.694 40.084 39.549 38.94 38.263 
 37.613 37.011 36.336 35.704 35.126 34.536 33.939 33.337 32.734 32.151 
 31.64 
4548.8 4425.8 4311.8 4236.9 4076.8 3948 3826.3 3666.1 3531.5 3357.8 
 3188 3015.4 2831.9 2653.9 2475.5 2291.8 2107.4 1930.2 1769.8 1609.5 
 1465.9 1342.2 1235.3 1145 1067.5 998.46 937.86 882.38 830.3 780.4 
 730.54 684.33 625.51 555.97 513.12 476.81 441.53 408.86 381.26 353.31 
 311.96 289 270.72 252.93 236.6 220.63 208.22 195.82 184.46 173.11 
 162.63 152.85 143.05 133.44 122.85 112.77 102 90.624 78.742 67.303 
 55.382 45.934 36.874 24.37 20.664 21.136 21.688 22.266 22.866 23.484 
 24.135 24.8 25.449 26.13 26.799 27.463 28.114 28.758 29.421 30.075 
 30.696 31.3 31.852 32.369 32.883 33.411 33.972 34.591 35.169 35.526 
 35.763 36.25 36.773 37.385 38.431 39.103 39.721 40.281 40.256 40.398 
 40.091 40.26 40.833 42.017 42.956 44.305 45.008 45.439 45.767 45.892 
 45.893 45.887 46.036 46.132 45.367 44.808 44.803 44.899 45.011 45.254 
 45.484 45.71 45.903 46.119 46.306 46.469 46.607 46.749 46.872 47.028 
 47.138 47.229 47.301 47.333 47.34 47.347 47.347 47.347 47.347 47.359 
 47.36 47.282 47.134 46.952 46.751 46.563 46.562 47.63 47.825 47.82 
 47.383 46.929 46.492 46.006 45.521 45.025 44.487 43.922 43.327 42.711 
 42.117 41.535 40.935 40.336 39.737 39.147 38.55 38.031 37.448 36.797 
 36.207 35.657 35.032 34.464 33.929 33.379 32.852 32.304 31.764 31.28 
 31.64 
4548.8 4477.6 4397.9 4328 4258.1 4101.3 4016.5 3919.5 3786.1 3656 
 3551 3419.5 3274.7 3134.1 2994 2850.1 2694.6 2544 2399.3 2257.1 
 2109.4 1970.5 1840.5 1707.8 1581.1 1462 1357.2 1266 1188.5 1117.1 
 1048.5 985.49 928.46 874.7 826.14 781.14 738.08 697.25 657.43 612.53 
 559.29 516.11 486.62 460.23 434.19 409.01 383.3 357.6 328.96 308.93 
 290.3 273.19 256.39 234.93 219.51 205.29 191.04 176.14 163.81 151.61 
 139.44 128.37 117.35 106.63 96.424 85.726 76.155 67.381 59.16 54.374 
 52.321 50.469 48.688 47.068 45.673 44.399 43.231 42.118 41.168 40.39 
 39.725 39.097 38.619 38.324 38.12 37.912 37.797 37.699 37.687 37.687 
 37.687 37.699 37.719 37.719 37.719 37.719 37.725 37.745 37.829 37.96 
 38.156 38.388 38.623 38.843 39.05 39.25 39.458 39.653 39.835 40.016 
 40.179 40.347 40.515 40.702 40.866 41.041 41.222 41.405 41.593 41.747 
 41.522 40.581 40.081 40.159 40.229 40.392 40.516 40.671 40.808 40.991 
 41.184 41.367 41.521 41.657 41.768 41.858 41.929 42.013 42.093 42.189 
 42.182 42.163 42.111 42.02 41.89 41.78 41.675 41.566 41.436 41.274 
 41.087 40.885 40.662 40.438 40.45 41.179 41.475 41.287 40.898 40.471 
 40.019 39.552 39.096 38.623 38.153 37.662 37.169 36.734 36.267 35.704 
 35.229 34.795 34.291 33.847 33.456 33.043 32.645 32.212 31.823 31.472 
 31.64 
4548.8 4527.4 4452.9 4411.4 4375.6 4305.1 4220.3 4200 4132.5 4023.1 
 3947.4 3892.4 3814.9 3739.7 3661.1 3566.1 3489.1 3409.8 3318.9 3239.1 
 3148.9 3038 2927.9 2820.6 2710.2 2607.1 2496.3 2383 2276.9 2168.9 
 2065.7 1968.6 1878.7 1788.9 1700 1612.7 1530.2 1447.6 1369.8 1293.3 
 1221.1 1154 1091.6 1034.2 981.37 934.18 889.36 847.77 810.81 777.59 
 747.18 718.93 692.05 665.92 641.65 616.99 589.75 562.28 536.02 512.03 
 489.34 466.49 443.99 418.74 394.89 372.92 350.67 327.19 304.61 283.22 
 260.79 240.52 220.56 203.17 185.81 169.62 155.06 141.99 131.21 121.62 
 113.24 106.03 99.989 94.821 90.445 86.87 83.869 81.275 78.767 76.572 
 74.397 72.36 70.447 68.473 66.41 64.555 63.103 61.809 60.554 59.282 
 57.816 56.325 54.956 53.717 52.549 51.452 50.3 49.165 48.055 47.169 
 46.458 45.741 44.972 44.163 43.384 42.742 42.233 41.74 41.314 40.904 
 40.47 39.978 39.295 38.532 37.745 36.871 35.881 35.121 34.66 34.419 
 34.262 34.248 34.313 34.466 34.624 34.799 34.986 35.173 35.406 35.627 
 35.796 35.882 35.883 35.755 35.52 35.507 35.513 35.571 35.623 35.662 
 35.675 35.682 35.682 35.688 35.708 35.708 35.913 36.05 36.291 36.573 
 36.641 36.642 36.545 36.365 36.127 35.897 35.658 35.579 35.345 34.988 
 34.717 34.452 34.157 33.881 33.608 33.368 33.134 32.887 32.641 32.472 
 31.64 
4548.8 4559.7 4553.2 4546.8 4554.5 4538.9 4493 4519.2 4482.9 4440.7 
 4426.5 4412.2 4381.8 4355.8 4322.5 4302.6 4284.8 4261.2 4216 4183 
 4156.3 4105.6 4038.4 3983.8 3931.2 3865 3808.2 3744.1 3680.8 3613.4 
 3547.2 3478.2 3406.5 3333.5 3257.6 3182.1 3102.5 3019.3 2933.2 2848.9 
 2762.9 2681 2596.8 2516.2 2439.5 2367.6 2301.6 2239.2 2180.2 2121.9 
 2068.1 2012.1 1958.4 1907.7 1856.9 1800.6 1743.8 1683.8 1626.1 1565.8 
 1503.3 1439.7 1376.3 1307.7 1236.3 1161.9 1086 1010 932.26 856.35 
 781.02 706.46 635.5 567.29 503.41 445.01 391.22 344.39 300.69 262.69 
 228.42 199.76 171.14 147.05 126.53 108.6 93.906 82.134 73.149 66.858 
 62.43 59.317 57.386 56.803 57.345 58.439 60.253 62.374 64.399 66.368 
 67.971 69.236 69.997 70.427 70.637 70.467 69.989 69.137 67.933 66.668 
 64.951 63.13 61.114 59.136 57.052 54.89 52.709 50.641 48.575 46.59 
 44.573 42.463 40.223 37.75 33.801 29.696 26.748 24.391 23.67 23.883 
 24.213 24.566 24.943 25.297 25.664 26.061 26.468 26.889 27.308 27.724 
 28.122 28.53 28.927 29.354 29.77 30.161 30.547 30.942 31.328 31.706 
 32.083 32.447 32.806 33.155 33.517 33.873 34.212 34.548 34.886 35.227 
 35.559 35.888 36.176 36.442 36.675 36.883 37.088 37.284 37.452 37.615 
 37.77 37.958 38.199 38.296 38.335 38.381 38.452 38.511 38.563 38.608 
 31.64 
4548.8 4546.7 4589.1 4621.4 4619.6 4634.5 4646.3 4671.8 4700.5 4685.8 
 4691.1 4714.4 4730.1 4752.8 4768.4 4778.6 4768.5 4784.9 4809.9 4819 
 4822.5 4798.4 4770.8 4757.8 4739.4 4689 4632.9 4600.8 4564.7 4513.4 
 4473.3 4420.6 4378.4 4350.9 4303.4 4255.9 4233.4 4177.2 4122.9 4084.2 
 4018.8 3974.4 3938.8 3866.4 3813.9 3762.9 3695.8 3637.3 3566.2 3508 
 3458.5 3403.6 3357.3 3291.6 3250.5 3186.6 3145.6 3087.7 3018.1 2974.6 
 2890.8 2858 2758.8 2689.3 2527.1 2366.7 2245.5 2155.6 2078.6 2011.8 
 1943.8 1883.2 1835.1 1784.8 1721.8 1651.5 1581.4 1521.4 1460.5 1400.8 
 1338.4 1274.1 1212.2 1146 1081.8 1018.9 957.98 897.26 838.29 782.08 
 728.68 678.76 633.36 591.46 553.08 520.15 489.56 461.39 434.78 409.59 
 388.47 367.4 349.1 332.23 316.39 301.39 287.19 273.73 260.92 248.73 
 237.38 226.52 216.13 206.32 196.78 187.57 178.69 170.26 161.98 153.79 
 145.39 137.45 129.68 121.53 114.65 108.03 101.58 95.285 90.171 85.09 
 79.911 75.418 71.476 67.768 64.421 61.598 58.699 56.012 53.495 51.072 
 48.977 46.963 45.224 43.619 42.276 41.031 39.868 38.829 37.787 36.797 
 35.869 35.013 34.232 33.512 32.855 32.164 31.53 31.091 30.836 30.907 
 31.006 31.141 31.343 31.598 31.879 32.2 32.549 32.934 33.353 33.782 
 34.209 34.576 34.887 35.152 35.36 35.591 35.878 36.138 36.391 36.643 
 31.64 
4548.8 4587 4623.8 4659.8 4717 4752.3 4847.2 4898.3 4938 4941.7 
 5036.5 5085.9 5132 5150.3 5161.3 5182.5 5199.5 5136.5 5202.9 5229.5 
 5213.3 5257.4 5212.9 5244.5 5300.9 5274 5303.6 5297.9 5265.2 5274.4 
 5253.3 5218.9 5253.6 5231.7 5209.6 5217.2 5176.1 5199 5152.9 5151.6 
 5110.2 5121 5124.9 5076.3 5088.6 5007.6 4996.9 4889.1 4847.5 4743.1 
 4657.4 4569.4 4550.8 4499.3 4460.1 4393.6 4303 4257.7 4238.3 4218.8 
 4192.3 4170.3 4157.7 4140.1 4103.4 4068.6 4032.7 3976.4 3925.6 3875.5 
 3812.4 3744.9 3690.1 3636.2 3584.2 3520.9 3447.8 3364.3 3293.2 3204.1 
 3118.5 3049.8 2980.1 2907.8 2825.5 2746.4 2644.1 2549.3 2458.7 2356.4 
 2258 2163.4 2073.1 1986 1897.8 1809.5 1718.4 1630.5 1542.1 1451.9 
 1361.5 1270.3 1182.8 1104.5 1038.5 976.15 917.13 866.01 819.02 776.19 
 737.63 701.02 667.12 635.62 606.08 577.77 549.7 522.52 495.07 467.95 
 441.06 414.74 387.98 362.23 337.11 312.72 290.01 268.36 248.86 230.75 
 214.18 199.88 185.6 172.84 161.23 151.05 141.8 133.88 126.85 120.38 
 112.83 106.73 100.71 95.153 89.812 84.797 79.779 75.606 71.719 67.899 
 64.649 61.565 58.622 55.846 53.135 50.567 48.139 45.823 43.655 41.695 
 39.851 38.102 36.446 34.964 33.515 32.213 30.992 29.907 29.876 30.311 
 30.776 31.243 31.675 32.082 32.502 32.915 33.338 33.736 34.139 34.559 
 31.64 
4548.8 4605.9 4621.9 4741.8 4775.3 4856.8 4957.5 4997.8 5094.9 5141.5 
 5259 5293.3 5371.8 5354.6 5389.5 5395.3 5396.6 5410.4 5451.9 5533.2 
 5552.9 5638.9 5638.1 5719.3 5688.2 5772.7 5774.8 5783.6 5812.2 5856.7 
 5906.2 5871.6 5916 5978.7 5964.4 5993 6025.4 6064.8 6033.7 5992.3 
 5955 5978 5952.7 5948.2 5967.1 6012.9 5969.5 6033.3 6015.5 6051.3 
 5957.9 5868.8 5842.5 5808.3 5782.7 5807.4 5831.8 5825.1 5794.1 5756.6 
 5769.2 5800 5792 5732.1 5680.3 5644.2 5576.4 5519.8 5475.9 5408 
 5344.8 5279.8 5200.7 5113.8 5032.4 4984.3 4946 4875.4 4860.6 4749.4 
 4657 4607.5 4525.7 4446.6 4336.6 4226.7 4139.1 4019.3 3939.5 3880.1 
 3779.3 3700.7 3617 3505.8 3390.7 3272.3 3140.3 3000.9 2869.7 2751.1 
 2651.2 2550.2 2432.9 2300.8 2162.8 2021.4 1877.3 1730.2 1582.2 1445.2 
 1314.9 1201.8 1101.8 1010.4 932.64 864.13 801.47 747.09 696.8 654.28 
 614.97 578.02 542 508.91 477.05 446.73 418.91 392.4 365.9 341.58 
 318.13 294.64 272.54 252.43 233.8 216.79 201.5 187.75 175.54 164.5 
 154.52 145.12 136.65 129.08 122.02 115.52 109.29 102.29 95.662 90.34 
 85.367 80.732 76.82 73.095 69.684 66.412 63.125 59.942 56.706 53.589 
 50.493 47.589 44.775 42.127 39.785 37.47 35.368 33.287 31.37 29.654 
 28.15 28.36 28.877 29.394 29.938 30.481 31.033 31.583 32.097 32.635 
 31.64 
4548.8 4615.2 4642 4735.1 4820 4902.4 5009.2 5092.1 5169.3 5262.5 
 5290.9 5364.5 5353.9 5407.5 5425.6 5484.2 5470.2 5567.8 5577.2 5676.2 
 5712.7 5838.3 5855.1 5968.4 6001.2 6019.4 6028 6085 6134.7 6113.2 
 6155.8 6183.7 6162.1 6233.9 6292.4 6291.9 6288.7 6308.5 6328.6 6285.4 
 6376.9 6293.3 6317 6385.3 6566.3 6480 6527.1 6414.9 6479.8 6396.2 
 6263.4 6232.8 6261.3 6242.7 6279.6 6343.3 6355.5 6240.5 6128 6279.4 
 6369.7 6254.7 6180 6129.5 6079.2 6044 6037.9 5991.1 5881.8 5788.3 
 5699.4 5606.6 5550.1 5485.8 5432 5420.7 5364.9 5298.7 5343.5 5209.3 
 5050.2 5023.7 4945.8 4841.4 4672.7 4562.7 4553.3 4265.9 3744.6 3184.6 
 2664.9 2448.5 2380.1 2369 2375.9 2357.5 2305.3 2201 2062.3 1946.9 
 1889.9 1833.4 1769.7 1698.2 1664.4 1720.8 1734.6 1671.3 1568.6 1464.2 
 1365.9 1273.4 1187.3 1108.9 1032.8 961.23 900.3 847.57 802.33 762.8 
 726.22 691.46 657.64 624.49 592.37 560.73 529.58 498.98 469.07 438.25 
 409.14 380.42 351.12 322.4 295.56 270.43 247.15 226.97 209.28 194.9 
 181.96 170.08 159.52 150.05 141.03 132.4 124.06 116.2 108.66 100.51 
 93.925 88.687 84.194 79.985 76.064 72.065 68.194 64.29 60.467 56.937 
 53.314 49.883 46.71 43.597 40.77 38.183 35.703 33.373 31.173 29.233 
 27.551 26.452 26.911 27.429 27.981 28.58 29.195 29.808 30.412 31.038 
 31.64 
