IESNA:LM-63-2002
[TEST] 1
[TESTLAB] 
[TESTDATE] 2025-06-14
[ISSUEDATE] 2025-06-14 15:46:32
[LAMPPOSITION] 0,0
[OTHER] EVERFINE GO-2000A_V1 SYSTEM
[MANUFAC] 
[LUMINAIRE] 120W-5000K
[LAMP] WP09A-14-120L-S2D4C3
TILT=NONE
1 17449 1 181 17 1 2 0.190 0.300 0.000
1.000 1 117.781
0.0    1.0    2.0    3.0    4.0    5.0    6.0    7.0    8.0    9.0    
 10.0   11.0   12.0   13.0   14.0   15.0   16.0   17.0   18.0   19.0   
 20.0   21.0   22.0   23.0   24.0   25.0   26.0   27.0   28.0   29.0   
 30.0   31.0   32.0   33.0   34.0   35.0   36.0   37.0   38.0   39.0   
 40.0   41.0   42.0   43.0   44.0   45.0   46.0   47.0   48.0   49.0   
 50.0   51.0   52.0   53.0   54.0   55.0   56.0   57.0   58.0   59.0   
 60.0   61.0   62.0   63.0   64.0   65.0   66.0   67.0   68.0   69.0   
 70.0   71.0   72.0   73.0   74.0   75.0   76.0   77.0   78.0   79.0   
 80.0   81.0   82.0   83.0   84.0   85.0   86.0   87.0   88.0   89.0   
 90.0   91.0   92.0   93.0   94.0   95.0   96.0   97.0   98.0   99.0   
 100.0  101.0  102.0  103.0  104.0  105.0  106.0  107.0  108.0  109.0  
 110.0  111.0  112.0  113.0  114.0  115.0  116.0  117.0  118.0  119.0  
 120.0  121.0  122.0  123.0  124.0  125.0  126.0  127.0  128.0  129.0  
 130.0  131.0  132.0  133.0  134.0  135.0  136.0  137.0  138.0  139.0  
 140.0  141.0  142.0  143.0  144.0  145.0  146.0  147.0  148.0  149.0  
 150.0  151.0  152.0  153.0  154.0  155.0  156.0  157.0  158.0  159.0  
 160.0  161.0  162.0  163.0  164.0  165.0  166.0  167.0  168.0  169.0  
 170.0  171.0  172.0  173.0  174.0  175.0  176.0  177.0  178.0  179.0  
 180.0  
0.0    22.5   45.0   67.5   90.0   112.5  135.0  157.5  180.0  202.5  
 225.0  247.5  270.0  292.5  315.0  337.5  360.0  
4462.4 4491.2 4485.7 4549.7 4610.3 4672.5 4756.9 4835.8 4892.2 4966.4 
 4985.9 5021.5 5012.1 5043.2 5038.6 5074.6 5061.5 5127.2 5142.4 5212.9 
 5274.5 5365.3 5419.9 5498.8 5558.5 5568 5604.9 5664.8 5732.1 5753.5 
 5800 5841 5854.6 5925.4 6008.8 6013.8 6052.2 6084.7 6151.7 6130.4 
 6228.9 6188.9 6224.7 6308 6486.1 6445.8 6464.6 6394 6462.9 6414.8 
 6304.6 6300.3 6334.1 6300.2 6350 6432.4 6442.5 6328.8 6210 6352.5 
 6452.3 6339.4 6251.4 6178.2 6118.5 6093.9 6098.9 6042.8 5919.7 5837.3 
 5762.5 5671.8 5616.2 5551.8 5505.6 5487.2 5407.2 5337.7 5387.2 5256.3 
 5103.4 5093.8 5019.2 4929.4 4774.5 4660.9 4651.4 4391 3826.7 3190.1 
 2694.6 2489.9 2404 2367.1 2397.7 2413 2360.6 2246.2 2092.6 1983.3 
 1923.9 1864.6 1797.6 1722.3 1688.1 1738 1748 1683.3 1582.6 1479.5 
 1382.8 1290.5 1202.6 1122.6 1045.6 973.36 912.4 859.48 813.39 772.82 
 735.72 700.42 665.66 631.95 599.59 567.85 536.88 506.38 476.33 445.64 
 416.65 387.8 358.45 329.4 302.27 276.85 253.37 232.7 214.69 200.5 
 186.36 174.11 163.12 153.34 144.1 135.14 126.58 118.46 110.76 102.47 
 95.625 90.327 85.719 81.415 77.498 73.409 69.452 65.463 61.582 57.953 
 54.249 50.746 47.525 44.375 41.454 38.833 36.28 33.905 31.646 29.666 
 27.941 26.754 27.202 27.716 28.264 28.85 29.471 30.089 30.689 31.32 
 31.906 
4462.4 4547 4622.2 4843.9 4985.3 5092.5 5106.2 4970.8 4878.1 4890.5 
 5141.6 5460.9 5780.1 5814.5 5670.6 5396.3 5126.9 5119.4 5262.5 5630.8 
 5845.6 6029.3 5901.7 5773.8 5522.6 5527.8 5635.9 5870.8 6151.2 6343 
 6390.9 6208.4 6011.5 5940.5 5851.4 5943.4 6068.9 6225.3 6278.9 6171.7 
 6066.6 5967.4 5953.9 5941.8 5984.7 6086 6110 6130.2 6153.1 6123.6 
 6125.4 6002.3 5935.7 5921.8 5881.5 5858.8 5908.6 5947.5 5945.5 5919.5 
 5898 5929.1 5970.9 5964 5912.7 5859.6 5831.3 5757 5713.5 5701.8 
 5645.5 5558.2 5491.4 5402.4 5303.6 5208.3 5163.4 5126.2 5069.6 5050.2 
 4918.3 4835 4794 4712.2 4627.1 4469.7 4361.8 4253 4144.7 4072.7 
 4014.6 3929.9 3856.3 3773.2 3667.5 3552.3 3423.3 3285.5 3139.9 2998.5 
 2878.3 2775 2676 2550.2 2406.4 2256.2 2111.7 1963.7 1815 1668.3 
 1526.4 1395.5 1275.5 1171.1 1076.8 993.71 919.74 854.76 796.25 742.08 
 691.8 646.19 605.07 565.48 528.5 492.71 459.04 425.69 396.19 366.72 
 340.77 316.54 293.92 272.06 251.69 233.14 216.41 201.16 187.16 174.56 
 163.48 152.97 143.47 135.02 127.37 120.33 113.45 105.26 98.421 92.375 
 86.752 81.612 77.106 72.772 68.888 65.091 61.39 57.919 54.418 51.031 
 47.647 44.495 41.479 38.76 36.34 33.994 31.826 29.69 27.642 26.015 
 25.029 25.58 26.21 26.798 27.387 28.003 28.605 29.202 29.807 30.456 
 31.906 
4462.4 4603.3 4739.6 4789.6 4647.6 4573 4966.1 5234.3 4976.5 4647.6 
 5007.3 5496.6 5315.8 4891.8 4966.3 5470.8 5650.7 5204.7 4980.9 5317.2 
 5600.7 5485.3 5156.7 5113.3 5424.2 5535.7 5396.4 5237 5263.6 5475 
 5601.1 5466.8 5337.3 5372.2 5489.2 5592.6 5474.5 5301.2 5310.1 5381.6 
 5479.8 5350.6 5234.2 5237.5 5304.8 5409.8 5285.5 5160.7 5082.2 5100.8 
 5031 4908.8 4813 4753.2 4727.4 4663.7 4639.8 4565.7 4501.1 4458.6 
 4431.2 4400.4 4365.8 4348 4344 4327.9 4300.1 4272.5 4216.2 4160.1 
 4106.8 4065.7 4008.2 3945.5 3895.9 3850 3812.4 3742.6 3653.9 3552.1 
 3471.6 3365.7 3281.3 3207.3 3136.9 3060.7 2984 2903.9 2815.9 2720.8 
 2619.3 2500.1 2386.7 2271.3 2166.7 2075.3 1989.8 1913 1836.2 1745.1 
 1644.9 1544.1 1437.4 1333.1 1234.4 1150.8 1077.5 1008.3 947.56 890.72 
 838.03 790.86 750.33 711.47 676.52 644.15 613.32 583.93 555.83 528.23 
 500.48 472.86 444.84 416.88 389.84 362.59 336.47 311.43 288 266.31 
 246.4 228.27 211.78 197.53 183.3 170.21 158.29 147.48 138 129.07 
 119.81 113.12 106.54 100.38 94.521 89.086 82.906 77.692 72.68 67.78 
 63.793 60.068 56.45 53.28 50.183 47.344 44.506 41.931 39.509 37.321 
 35.076 32.916 30.907 29.01 27.425 25.947 24.832 24.281 24.638 25.135 
 25.627 26.155 26.683 27.315 27.949 28.593 29.142 29.724 30.339 30.905 
 31.906 
4462.4 4577.9 4691.6 4622.9 4476.2 4825.4 4813.2 4396.6 4787.3 4978.7 
 4496.6 4735.6 5101 4734.5 4781.7 5121 4893.9 4790 4968.9 4901 
 4873.2 5009.5 4942.8 4924.2 5003.4 4920.1 4845.8 4913.6 4812.9 4683.9 
 4750.1 4759.1 4617.2 4635.9 4698.4 4558.3 4459.8 4477.3 4388.5 4286.9 
 4301.2 4258.2 4215.6 4215.5 4192.9 4066.2 4018.8 3974.2 3895.8 3845 
 3831.7 3778.2 3718.5 3662.9 3620.7 3554.8 3501.7 3441.3 3387 3354.8 
 3310.1 3274.7 3179.5 3162.8 3057.3 2986.6 2852.4 2655.2 2502.4 2380.2 
 2276.8 2184.4 2107.1 2056.2 2013.7 1968.7 1905.2 1822.1 1740.1 1671.5 
 1608.2 1556.4 1485 1404.7 1326.2 1259.7 1194 1127.8 1065.3 998.75 
 937.23 880.21 829.28 780.32 727.52 673.61 629.89 589.89 548 504.33 
 468 435.73 407.38 382.56 357.79 337.06 318.91 302.57 287.12 272.71 
 259.28 246.8 235.27 224.42 214.19 204.18 194.56 185.19 175.85 166.57 
 157.1 147.23 137 126.36 117.03 108.38 99.854 91.901 85.751 80.678 
 75.666 71.44 67.657 63.609 59.987 57.108 53.753 50.921 48.11 45.671 
 43.558 41.389 39.504 37.813 36.362 35.079 33.879 32.748 31.698 30.703 
 29.759 28.869 28.074 27.229 26.342 25.487 24.899 24.822 24.835 24.888 
 24.978 25.096 25.265 25.473 25.686 25.949 26.264 26.62 27.002 27.398 
 27.793 28.198 28.601 29.013 29.509 30.221 30.726 31.165 31.628 32.07 
 31.906 
4462.4 4674.1 4702.7 4633.3 4516.2 4855.8 4552.3 4370 4877.7 4484.1 
 4460.2 4805.3 4488.4 4539.1 4631.4 4431.1 4434.2 4416.8 4421.9 4406.2 
 4331.9 4400.5 4319.2 4263.7 4219.3 4175.1 4157.4 4098.2 4061.9 4004.2 
 3925.5 3861.2 3775.5 3726.4 3662.9 3601.5 3522.3 3435.1 3352.9 3277.9 
 3201.1 3116.8 3024.4 2937.2 2852.7 2778.7 2701.5 2635 2562.4 2492.2 
 2433.1 2383.9 2340.5 2296.8 2243.8 2190.4 2138.8 2086.2 2033.6 1978.6 
 1923.2 1864.5 1809.2 1746.1 1680.8 1615.5 1543 1467.4 1381.9 1299.3 
 1209.7 1119.6 1028.2 937.73 845.28 755.73 670.01 590.42 513.34 444.43 
 385.09 325.91 276.64 233.02 194.98 162.01 134.87 112.13 94.413 80.501 
 69.881 62.118 57.764 55.109 53.516 53.305 54.291 55.942 58.655 61.666 
 64.588 67.225 69.284 70.855 72.006 72.585 72.901 72.708 72.284 71.574 
 70.31 68.829 67.375 65.723 63.825 61.871 59.937 57.828 55.55 53.184 
 50.433 47.479 44.361 41.123 37.923 31.711 27.229 25.823 26.007 26.353 
 26.719 27.07 27.403 27.82 28.237 28.633 29.069 29.493 29.887 30.305 
 30.722 31.098 31.501 31.913 32.271 32.637 33.004 33.316 33.632 33.984 
 34.296 34.613 34.945 35.229 35.464 35.728 36.003 36.236 36.499 36.746 
 36.986 37.195 37.409 37.616 37.811 38.013 38.189 38.362 38.499 38.622 
 38.725 38.758 38.822 38.848 38.894 38.992 39.108 39.198 39.256 39.25 
 31.906 
4462.4 4655.9 4586.9 4544.7 4344.7 4473 4471.4 4061.5 4255.7 4309.5 
 3953.7 4062.1 4133.3 3868.5 3867.8 3829.8 3625.6 3576.5 3522.5 3421.5 
 3356.5 3261.4 3175.2 3081.2 2979.7 2875.2 2773.5 2674.8 2552.6 2437.2 
 2327.9 2220.7 2127.2 2022.8 1912.4 1834.5 1751.8 1665.7 1574.1 1494.5 
 1417.6 1338.5 1266.5 1200 1137.5 1082.4 1030.6 983.93 941.99 903.46 
 870.6 840.81 812.99 786.24 761.12 735.94 711.39 683.66 653.11 623.85 
 599.39 575.76 552.31 528.83 504.53 475.6 451.45 427.48 402.51 375.42 
 350.15 325.33 299.86 276.81 253.81 232.08 212.01 193.64 176.66 160.67 
 147.03 135.23 124.61 115.72 108.14 101.71 96.43 91.957 88.412 85.391 
 82.608 79.56 76.929 74.942 73.219 71.548 69.53 67.71 66.312 64.918 
 63.22 61.581 60.293 59.245 58.164 57.143 55.916 54.522 53.31 52.501 
 51.751 51.105 50.537 49.935 49.229 48.378 47.384 46.44 45.51 44.491 
 43.49 42.443 41.323 40.155 38.882 37.912 37.383 37.006 36.839 36.804 
 36.888 37.043 37.2 37.4 37.62 37.835 38.049 38.313 38.553 38.768 
 38.994 39.215 39.385 39.547 39.73 39.858 39.95 40.054 40.145 40.216 
 40.3 40.411 40.444 40.457 40.476 40.483 40.483 40.483 40.483 40.483 
 40.483 40.444 40.392 40.34 40.269 40.152 40.048 39.92 39.731 39.514 
 39.283 39.019 38.732 38.495 38.304 38.124 37.954 37.784 37.61 37.414 
 31.906 
4462.4 4555 4503.8 4388.7 4252.9 4117.7 4026.3 4142.7 3957.6 3621.2 
 3546.5 3589.3 3477.8 3217.4 3070.8 3050 2895.5 2655.5 2527.2 2415.6 
 2226.4 2053.1 1925.7 1801 1659 1539.7 1447.9 1351.7 1262.5 1193.4 
 1125.2 1052.3 990.84 943.12 890.63 838.91 795.45 753.03 710.54 668.04 
 614.01 559.51 526.27 497.66 471.07 444.82 419.11 391.34 363.59 338.68 
 318.35 299.24 281.28 263.08 240.97 225.84 210.93 196.49 181.01 168.42 
 156.08 143.71 132.25 120.46 109.62 98.643 87.697 78.35 69.198 61.113 
 54.679 52.574 50.979 49.498 48.217 46.965 45.805 44.713 43.607 42.621 
 41.822 41.189 40.791 40.592 40.416 40.273 40.164 40.126 40.146 40.217 
 40.381 40.568 40.731 40.833 40.832 40.787 40.697 40.691 40.704 40.749 
 40.835 40.976 41.153 41.362 41.582 41.794 41.975 42.125 42.241 42.294 
 42.384 42.423 42.534 42.671 42.865 43.073 43.289 43.51 43.73 43.95 
 44.169 44.396 44.6 44.817 45.019 45.207 45.376 45.512 45.64 45.779 
 45.921 46.076 46.232 46.363 46.492 46.595 46.686 46.783 46.866 46.86 
 46.866 46.834 46.807 46.762 46.724 46.631 46.496 46.334 46.163 45.975 
 45.813 45.645 45.442 45.23 45.024 44.802 44.556 44.329 44.089 43.821 
 43.55 43.265 42.921 42.592 42.227 41.827 41.403 40.972 40.45 39.933 
 39.47 38.963 38.466 37.995 37.559 37.16 36.771 36.394 36.03 35.68 
 31.906 
4462.4 4448.8 4399.4 4328.3 4144.8 4022.9 3914.6 3787.4 3630.7 3405.9 
 3207.9 3043 2892.7 2747.9 2586 2384.1 2148.3 1929.8 1779.5 1629.9 
 1515.1 1403.7 1292.4 1188.4 1099 1025.6 964.75 911.76 863.54 814.4 
 762.23 712.86 654.8 579.91 533.36 498.32 460.68 427.64 399.32 369.62 
 329.37 303.48 285.01 266.14 249.21 234.42 217.87 206.78 195.73 184.49 
 173.59 164.07 154.23 144.23 134.37 123.91 114.16 102.09 91.757 77.363 
 66.541 55.12 45.123 33.012 22.463 21.438 21.987 22.554 23.204 23.845 
 24.515 25.191 25.894 26.608 27.313 28.024 28.742 29.446 30.156 30.848 
 31.494 32.077 32.638 33.183 33.722 34.267 34.799 35.357 35.652 35.965 
 36.427 36.94 37.45 38.113 39.05 39.831 40.474 40.957 41.244 41.492 
 41.624 42.015 42.833 43.604 44.429 45.334 46.029 46.568 47.059 47.431 
 47.752 48.064 48.346 48.616 48.869 49.129 49.373 49.614 49.815 50.01 
 50.199 50.367 50.525 50.687 50.849 50.985 51.089 51.181 51.296 51.368 
 51.421 51.459 51.498 51.525 51.518 51.518 51.524 51.505 51.473 51.415 
 51.324 51.194 51.085 50.967 50.824 50.63 50.38 50.105 49.808 49.495 
 49.175 48.834 48.446 47.996 47.522 47.024 46.536 46.063 45.583 45.078 
 44.552 44.013 43.437 42.888 42.319 41.735 41.172 40.595 39.983 39.368 
 38.839 38.247 37.631 37.064 36.535 35.979 35.435 34.9 34.371 33.908 
 31.906 
4462.4 4358.7 4278.3 4197.2 4052.6 3930 3750.3 3621.4 3464.1 3290.2 
 3108.6 2911.5 2720.8 2531.7 2337.5 2141.6 1942.9 1759.7 1595.7 1450.5 
 1324.2 1214.2 1123.7 1048.6 976.82 915.45 859.91 804.65 754.14 703.75 
 644.18 570.19 525.04 484.7 452.14 424.67 393.84 362.98 326.55 304.26 
 285.74 269.19 252.48 235.88 222.37 212 201.95 192.58 185.37 178.68 
 172.72 167.08 158.49 149.48 138.24 124.4 110.64 96.125 84.273 73.162 
 57.578 38.489 25.298 24.987 25.615 26.315 27.092 27.893 28.73 29.573 
 30.473 31.299 32.091 32.86 33.586 33.181 33.01 33.613 33.771 32.561 
 32.596 33.297 33.986 34.677 35.361 36.056 36.734 37.32 37.921 38.498 
 39.034 39.529 40.105 40.648 41.211 41.737 42.249 42.767 43.308 43.755 
 44.103 44.515 44.937 45.711 46.4 46.458 46.489 46.801 47.157 47.634 
 47.726 47.997 48.256 48.485 48.684 48.886 49.088 49.275 49.43 49.567 
 49.715 49.838 49.943 50.086 50.208 50.306 50.384 50.474 50.565 50.649 
 50.707 50.701 50.693 50.648 50.571 50.518 50.453 50.389 50.337 50.24 
 50.168 50.058 49.909 49.851 49.843 49.704 49.539 49.272 48.972 48.657 
 48.354 48.024 47.64 47.214 46.766 46.312 45.852 45.385 44.924 44.42 
 43.914 43.371 42.796 42.211 41.618 41.005 40.419 39.862 39.192 38.543 
 37.952 37.316 36.661 36.028 35.428 34.838 34.252 33.642 33.042 32.463 
 31.906 
4462.4 4308.6 4240.2 4260.1 4214.2 4114.8 3927.1 3660.3 3460.4 3296.6 
 3184.9 3082.2 2935.1 2747 2510.4 2266.1 2064 1937 1774.8 1635.8 
 1487.9 1350.6 1229.3 1132 1056.4 993.9 941.23 888.15 834.11 781.43 
 729.78 682.48 623.81 554.92 513.29 476.77 440.88 407.68 379.89 352.07 
 310.78 287.86 269.46 251.77 235.56 219.74 207.29 194.89 183.68 172.25 
 161.87 152.12 142.45 132.93 122.57 112.62 101.69 90.532 78.374 67.099 
 55.27 45.817 36.815 24.473 20.88 21.393 21.938 22.518 23.143 23.761 
 24.43 25.091 25.759 26.449 27.118 27.789 28.449 29.121 29.781 30.433 
 31.081 31.668 32.222 32.762 33.268 33.79 34.363 34.997 35.563 35.921 
 36.161 36.673 37.199 37.81 38.844 39.552 40.162 40.748 40.704 40.858 
 40.545 40.721 41.28 42.475 43.425 44.794 45.48 45.936 46.236 46.328 
 46.322 46.302 46.445 46.547 45.789 45.224 45.232 45.321 45.419 45.64 
 45.864 46.079 46.281 46.501 46.714 46.898 47.047 47.177 47.306 47.416 
 47.495 47.579 47.638 47.677 47.697 47.71 47.71 47.729 47.729 47.729 
 47.704 47.627 47.503 47.353 47.192 46.99 46.932 47.961 48.105 48.048 
 47.595 47.118 46.653 46.129 45.628 45.1 44.566 44.044 43.51 42.93 
 42.383 41.802 41.193 40.633 40.053 39.441 38.871 38.285 37.648 37.03 
 36.484 35.908 35.291 34.732 34.197 33.648 33.105 32.57 32.035 31.538 
 31.906 
4462.4 4379.4 4523.4 4457.2 4211.8 3970.4 4182.7 4108.7 3723 3549.2 
 3606.9 3511.2 3225.1 3059.6 3033.7 2905.1 2677 2536.5 2429.5 2269.1 
 2102.8 1985.8 1859 1706.5 1574.1 1462.2 1350 1256.6 1188.6 1119.1 
 1039.7 970.81 917.11 863.92 813.89 770.57 729.52 689.29 649.12 605.49 
 552.59 509.95 480.85 454.46 428.85 403.95 378.74 353.52 325.44 305.41 
 286.99 270.13 253.36 232.2 217.38 203.33 189.09 174.36 162.21 150.09 
 138.23 127.36 116.66 106.07 95.848 85.488 76.141 67.441 59.435 54.865 
 52.788 50.931 49.149 47.464 46.031 44.752 43.533 42.434 41.432 40.666 
 39.991 39.367 38.905 38.62 38.407 38.198 38.063 37.965 37.946 37.946 
 37.959 37.979 37.992 38.011 38.017 38.017 38.044 38.076 38.176 38.335 
 38.557 38.81 39.058 39.31 39.535 39.745 39.938 40.133 40.329 40.517 
 40.672 40.84 41.029 41.204 41.379 41.554 41.711 41.89 42.08 42.198 
 41.959 41.009 40.502 40.593 40.692 40.848 40.995 41.125 41.256 41.425 
 41.588 41.761 41.925 42.08 42.177 42.293 42.378 42.462 42.552 42.572 
 42.572 42.565 42.545 42.5 42.396 42.272 42.124 41.961 41.767 41.553 
 41.358 41.145 40.885 40.638 40.612 41.313 41.585 41.435 41.088 40.706 
 40.306 39.874 39.376 38.924 38.469 38.004 37.523 37.057 36.558 36.008 
 35.57 35.111 34.629 34.177 33.779 33.359 32.943 32.51 32.099 31.763 
 31.906 
4462.4 4502.2 4672.3 4293.5 4298.5 4600.5 4141.3 4091.1 4315.4 3969.7 
 3852.2 3997.6 3833.8 3723.7 3707.4 3577.4 3496.9 3412.7 3307.8 3240.9 
 3143.1 3039.7 2910.2 2789.3 2685.6 2578.5 2490.2 2367.2 2236.3 2135 
 2045.6 1958.4 1860.1 1761.7 1677 1596.7 1514.7 1425.3 1345 1276.8 
 1206.1 1135.2 1075 1019.3 965.69 920.58 877.02 835.63 799.23 766.63 
 736.66 708.39 682.19 656.94 632.39 608.2 581.4 554.57 528.6 505.02 
 482.65 460.16 438.14 413.11 389.83 368.23 346.55 323.5 300.94 279.69 
 257.67 237.83 218.05 200.91 183.78 167.94 153.64 140.87 130.23 120.7 
 112.39 105.28 99.321 94.168 89.784 86.266 83.212 80.576 78.145 75.911 
 73.786 71.713 69.794 67.875 65.862 64.079 62.669 61.387 60.18 58.947 
 57.551 56.13 54.785 53.536 52.429 51.41 50.307 49.19 48.124 47.272 
 46.577 45.858 45.128 44.362 43.607 42.971 42.436 41.991 41.571 41.163 
 40.71 40.222 39.574 38.828 38.041 37.168 36.185 35.428 34.991 34.75 
 34.587 34.572 34.676 34.811 34.98 35.136 35.342 35.558 35.758 35.932 
 36.103 36.213 36.214 36.137 35.917 35.915 35.896 35.896 35.896 35.896 
 35.896 35.896 35.89 35.845 35.825 35.812 35.947 36.116 36.427 36.725 
 36.862 36.856 36.753 36.617 36.386 36.157 35.931 35.806 35.533 35.191 
 34.95 34.67 34.374 34.082 33.817 33.556 33.321 33.062 32.816 32.654 
 31.906 
4462.4 4652.2 4781.3 4363.3 4774.6 4774.2 4278.6 4736 4580.3 4302.1 
 4575.7 4497.6 4390.7 4456.7 4371.8 4376.4 4300.2 4306.9 4278.7 4170 
 4208.4 4144.4 4055 4016.1 3923.6 3871.8 3812.2 3767.1 3696.5 3612.3 
 3552.6 3487.3 3430.5 3349.1 3263.3 3169.5 3091.9 3020 2941.8 2850.2 
 2757.2 2664.8 2584.6 2504.9 2428.4 2356.7 2291.4 2233.5 2173.6 2110.6 
 2054.5 2003.8 1953.2 1901 1848.8 1792.7 1734.8 1677.2 1619.8 1557.8 
 1494.9 1432.4 1369.4 1299.8 1224.2 1147.4 1072.9 997.89 919.23 839.98 
 764.61 691.06 619.38 551.74 488.85 431.25 378.59 332.56 290.66 253.91 
 220.52 193.04 165.62 142.62 122.83 105.93 92.035 80.743 72.216 66.272 
 62.056 58.992 56.995 56.411 56.835 57.873 59.593 61.646 63.672 65.637 
 67.252 68.47 69.332 69.797 70.085 69.977 69.562 68.763 67.673 66.438 
 64.819 63.067 61.14 59.207 57.137 54.986 52.914 50.865 48.871 46.917 
 44.946 42.83 40.594 38.142 34.209 30.09 27.144 24.813 24.081 24.315 
 24.663 25.013 25.382 25.721 26.114 26.521 26.921 27.355 27.767 28.179 
 28.603 29.019 29.43 29.853 30.263 30.654 31.045 31.414 31.793 32.182 
 32.582 32.962 33.331 33.689 34.04 34.386 34.728 35.06 35.396 35.726 
 36.057 36.387 36.696 36.982 37.218 37.432 37.613 37.749 37.913 38.094 
 38.248 38.436 38.698 38.776 38.822 38.841 38.912 38.964 39.016 39.062 
 31.906 
4462.4 4591.6 4843.6 4470.4 4582.8 5004.4 4550.2 4500.1 5019.1 4706.1 
 4477.3 4874 4852.2 4635.8 4844.5 4898.3 4760.3 4868.5 4875.8 4787.8 
 4856.1 4819.3 4712.6 4791.6 4831.1 4659.9 4621.3 4673.9 4555.3 4458.6 
 4525 4456.2 4348.2 4381 4376.5 4314.4 4252.7 4235.5 4135.2 4080.2 
 4055.8 4005.6 3945.5 3905.3 3857.7 3777.6 3708.6 3657.1 3561.2 3494.3 
 3454.9 3408.3 3354.4 3297.4 3254.1 3182.8 3146.4 3089.5 3015.3 2970.9 
 2889.1 2854.6 2759.3 2678.8 2510.1 2343 2223.7 2144.1 2083 2024.5 
 1955.6 1891.2 1829 1772.1 1708.7 1636.1 1572.2 1515 1454.5 1394.6 
 1329.2 1263.3 1202.4 1137.3 1073.1 1010.9 954.53 892.9 831.8 774.28 
 719.56 670.27 627.85 586.92 547.15 513.66 483.78 455.69 430.36 405.37 
 384.8 364.29 346.83 329.84 314.31 299.36 285.23 271.88 259.03 246.93 
 235.56 224.96 214.77 205.05 195.69 186.47 177.67 169.37 161.23 153.11 
 144.79 136.92 129.17 121.13 114.38 107.87 101.45 95.262 90.179 85.097 
 80.014 75.576 71.689 68.068 64.742 61.963 59.138 56.499 54.001 51.576 
 49.52 47.526 45.78 44.184 42.845 41.622 40.487 39.439 38.383 37.437 
 36.474 35.601 34.812 34.085 33.433 32.754 32.088 31.631 31.355 31.413 
 31.512 31.621 31.818 32.057 32.319 32.635 32.995 33.409 33.826 34.262 
 34.699 35.062 35.364 35.598 35.807 36.033 36.299 36.545 36.792 37.039 
 31.906 
4462.4 4565.8 4862.3 4797.3 4501.1 4628.9 5164.8 5190.5 4749.5 4646.7 
 5183 5442.4 5152.7 4860.2 5066.4 5438.2 5432.5 5053.1 4992 5276.4 
 5445.7 5389.1 5129 5129.5 5362.2 5469.9 5421.3 5234 5153.9 5267.2 
 5385.1 5299.9 5176.8 5078.1 5163.5 5323.4 5310.9 5226 5113.8 5162.4 
 5240.3 5270.8 5180.6 5035.1 5053.2 5060.6 5103.6 4959.7 4866.2 4760.7 
 4693.9 4605.2 4587 4549 4513.6 4436.9 4338.1 4303.1 4293.5 4278.5 
 4263.7 4244.3 4226.6 4205.2 4158.9 4119.3 4076.4 4023.1 3970.7 3915.1 
 3841.5 3766.5 3715.2 3661.4 3607.6 3540 3454 3357.1 3285.2 3205.5 
 3136.7 3072.5 3002.4 2931.1 2839.9 2740.5 2628.2 2525.8 2435.7 2339 
 2245.9 2164.7 2086.6 2005 1908.4 1811.7 1711.1 1619.8 1535.4 1448.5 
 1358.4 1267.5 1178.8 1098.4 1031.3 968.84 911.57 863.4 818.22 777.88 
 739.38 702.43 668.64 636.95 607.21 578.11 550.15 522.96 495.71 468.96 
 442.2 416.73 390.06 364.23 339.4 314.84 292.09 270.31 250.68 232.55 
 216.06 201.64 187.23 174.41 162.69 152.41 143.19 135.22 128.22 121.69 
 114.11 108.01 102.05 96.404 91.105 86.062 81.084 76.81 72.912 69.083 
 65.784 62.714 59.711 56.903 54.168 51.554 49.068 46.66 44.432 42.439 
 40.541 38.749 37.06 35.511 34.052 32.723 31.463 30.34 30.259 30.695 
 31.153 31.616 32.05 32.437 32.844 33.242 33.678 34.09 34.491 34.916 
 31.906 
4462.4 4480.8 4614.5 4912.7 5071.8 5108.6 5013.4 4852 4806.8 4921.7 
 5268.9 5551.8 5767.9 5707.9 5530.1 5281.9 5097.8 5110.8 5293.3 5605.9 
 5814.9 5974.4 5894 5777.7 5530.6 5437.4 5413.8 5524 5725 5939.4 
 6098.6 6078.7 6065.6 6051.2 5944.5 5917.7 5968.8 6026.3 6059.4 6069.9 
 6033.3 6060.4 6027.3 5995.5 6044.5 6118.1 6095.6 6166 6129.7 6168.4 
 6067.6 5983.2 5966.1 5943.6 5930 5941.7 5941.6 5924.4 5903 5871.5 
 5876.3 5898.1 5890.4 5824.5 5777.8 5734.9 5657.6 5584.2 5538.2 5492.7 
 5453.4 5366 5252.6 5168.2 5104.1 5078.4 5046 4980.6 4959 4844.7 
 4735.2 4669.3 4574.1 4487.5 4335.9 4263.4 4190.4 4072.2 4009.8 3956.3 
 3856.8 3777.4 3696.6 3586.5 3467.4 3338.7 3198 3050.7 2918.1 2802.8 
 2707.2 2613.9 2500.6 2366.7 2221.6 2077.1 1934.8 1786.9 1641.4 1498.7 
 1366.2 1248.9 1143.5 1049.2 968.81 896.82 831.13 772.75 720.12 674.98 
 634.13 595.52 558.35 521.96 487.45 455.76 426.9 400.27 373.66 348.35 
 323.64 299.99 277.7 256.73 237.12 219.99 204.56 190.57 177.89 166.49 
 156.35 146.86 138.25 130.64 123.57 117.09 110.87 103.86 97.198 91.763 
 86.735 82.014 78.091 74.336 70.905 67.608 64.272 60.995 57.729 54.577 
 51.463 48.465 45.559 42.853 40.446 38.06 35.912 33.781 31.81 30.081 
 28.539 28.706 29.213 29.735 30.256 30.823 31.37 31.894 32.397 32.948 
 31.906 
4462.4 4491.2 4485.7 4549.7 4610.3 4672.5 4756.9 4835.8 4892.2 4966.4 
 4985.9 5021.5 5012.1 5043.2 5038.6 5074.6 5061.5 5127.2 5142.4 5212.9 
 5274.5 5365.3 5419.9 5498.8 5558.5 5568 5604.9 5664.8 5732.1 5753.5 
 5800 5841 5854.6 5925.4 6008.8 6013.8 6052.2 6084.7 6151.7 6130.4 
 6228.9 6188.9 6224.7 6308 6486.1 6445.8 6464.6 6394 6462.9 6414.8 
 6304.6 6300.3 6334.1 6300.2 6350 6432.4 6442.5 6328.8 6210 6352.5 
 6452.3 6339.4 6251.4 6178.2 6118.5 6093.9 6098.9 6042.8 5919.7 5837.3 
 5762.5 5671.8 5616.2 5551.8 5505.6 5487.2 5407.2 5337.7 5387.2 5256.3 
 5103.4 5093.8 5019.2 4929.4 4774.5 4660.9 4651.4 4391 3826.7 3190.1 
 2694.6 2489.9 2404 2367.1 2397.7 2413 2360.6 2246.2 2092.6 1983.3 
 1923.9 1864.6 1797.6 1722.3 1688.1 1738 1748 1683.3 1582.6 1479.5 
 1382.8 1290.5 1202.6 1122.6 1045.6 973.36 912.4 859.48 813.39 772.82 
 735.72 700.42 665.66 631.95 599.59 567.85 536.88 506.38 476.33 445.64 
 416.65 387.8 358.45 329.4 302.27 276.85 253.37 232.7 214.69 200.5 
 186.36 174.11 163.12 153.34 144.1 135.14 126.58 118.46 110.76 102.47 
 95.625 90.327 85.719 81.415 77.498 73.409 69.452 65.463 61.582 57.953 
 54.249 50.746 47.525 44.375 41.454 38.833 36.28 33.905 31.646 29.666 
 27.941 26.754 27.202 27.716 28.264 28.85 29.471 30.089 30.689 31.32 
 31.906 
