IESNA:LM-63-2002
[TEST] 1
[TESTLAB] 
[TESTDATE] 2025-06-14
[ISSUEDATE] 2025-06-14 16:28:30
[LAMPPOSITION] 0,0
[OTHER] EVERFINE GO-2000A_V1 SYSTEM
[MANUFAC] 
[LUMINAIRE] 120W-3000K
[LAMP] WP09A-14-120L-S2D4C3
TILT=NONE
1 15900 1 181 17 1 2 0.190 0.300 0.000
1.000 1 117.491
0.0    1.0    2.0    3.0    4.0    5.0    6.0    7.0    8.0    9.0    
 10.0   11.0   12.0   13.0   14.0   15.0   16.0   17.0   18.0   19.0   
 20.0   21.0   22.0   23.0   24.0   25.0   26.0   27.0   28.0   29.0   
 30.0   31.0   32.0   33.0   34.0   35.0   36.0   37.0   38.0   39.0   
 40.0   41.0   42.0   43.0   44.0   45.0   46.0   47.0   48.0   49.0   
 50.0   51.0   52.0   53.0   54.0   55.0   56.0   57.0   58.0   59.0   
 60.0   61.0   62.0   63.0   64.0   65.0   66.0   67.0   68.0   69.0   
 70.0   71.0   72.0   73.0   74.0   75.0   76.0   77.0   78.0   79.0   
 80.0   81.0   82.0   83.0   84.0   85.0   86.0   87.0   88.0   89.0   
 90.0   91.0   92.0   93.0   94.0   95.0   96.0   97.0   98.0   99.0   
 100.0  101.0  102.0  103.0  104.0  105.0  106.0  107.0  108.0  109.0  
 110.0  111.0  112.0  113.0  114.0  115.0  116.0  117.0  118.0  119.0  
 120.0  121.0  122.0  123.0  124.0  125.0  126.0  127.0  128.0  129.0  
 130.0  131.0  132.0  133.0  134.0  135.0  136.0  137.0  138.0  139.0  
 140.0  141.0  142.0  143.0  144.0  145.0  146.0  147.0  148.0  149.0  
 150.0  151.0  152.0  153.0  154.0  155.0  156.0  157.0  158.0  159.0  
 160.0  161.0  162.0  163.0  164.0  165.0  166.0  167.0  168.0  169.0  
 170.0  171.0  172.0  173.0  174.0  175.0  176.0  177.0  178.0  179.0  
 180.0  
0.0    22.5   45.0   67.5   90.0   112.5  135.0  157.5  180.0  202.5  
 225.0  247.5  270.0  292.5  315.0  337.5  360.0  
4291.9 4397.8 4455.5 4570.9 4670.7 4773 4894.8 4981 5074.4 5178.6 
 5220.2 5322.3 5310.3 5378.5 5418 5489.8 5479.1 5603.3 5601.9 5714.5 
 5727.1 5876.9 5855.6 5986.2 5997.4 6013.1 5993.1 6039.3 6072 6008 
 6043.2 6053.3 5990 6061.2 6089.1 6084 6037 6042.3 6022.3 5951.9 
 6032.5 5922.8 5931.3 5964.9 6139.3 6015.5 6089.2 5951.5 6006.4 5895.1 
 5749.6 5698.2 5725.3 5724.7 5746.6 5787.7 5799.4 5696.3 5600.2 5745.6 
 5822 5719.1 5668.6 5636.4 5592.3 5547.6 5533 5505.4 5409.8 5304.5 
 5210.2 5121.2 5065.9 5009.5 4952.9 4955.4 4926.8 4862.7 4899.8 4779.7 
 4623.1 4579.1 4503.5 4395.1 4225.8 4121.9 4116.7 3825.8 3381.9 2935.2 
 2436.9 2226.2 2181.8 2192 2170.4 2121.2 2074.1 1993.6 1884.6 1775.5 
 1709.4 1666.1 1612 1548.5 1518.5 1576.6 1594 1534.5 1439.9 1339.6 
 1247.2 1161 1082.7 1012.3 943.11 877.11 821.86 772.73 730.98 695.14 
 662.03 631.78 601.23 571.36 541.85 512.17 483.49 454.68 426.7 398.38 
 371.46 344.86 317.83 291.64 267.09 244.15 223.08 206.4 189.78 176 
 164.37 153.78 144.31 135.81 127.87 120.18 112.64 105.52 98.784 91.337 
 85.488 80.713 76.576 72.686 69.145 65.473 61.954 58.389 54.968 51.739 
 48.475 45.365 42.434 39.581 36.964 34.594 32.38 30.268 28.245 26.49 
 24.963 23.965 24.38 24.866 25.382 25.918 26.471 27.034 27.6 28.179 
 28.734 
4291.9 4292.3 4227.1 4225.2 4160.6 4227.3 4456.8 4700.8 4981.9 5056.5 
 4994.2 4714.6 4541.8 4513.4 4707.2 5067.4 5312.4 5397.6 5267.2 5096.2 
 4884 4928.1 5045.9 5388.7 5521.7 5693.4 5561.5 5348.7 5091.5 5040.4 
 5120.1 5295.4 5478 5773.4 5780.4 5771.4 5653.6 5614.8 5571.6 5589.5 
 5575.6 5650.8 5672.6 5627.7 5590.5 5649.9 5645.4 5647.7 5706.4 5697.5 
 5719.3 5588 5562.2 5547.9 5505.7 5519.6 5531.5 5511.9 5474.2 5420.2 
 5391.5 5403.2 5415.4 5386 5324.1 5293.5 5254.8 5192.2 5130.8 5052.6 
 4987.1 4972.7 4906 4836.9 4764.9 4687.6 4634.2 4584.2 4514.7 4502.1 
 4405.5 4307 4256.2 4205.3 4134.3 3990.1 3947.1 3877 3760.5 3687.6 
 3635.2 3552.3 3494.3 3425.9 3304 3164.2 3046.1 2936.2 2810.8 2688.6 
 2577.1 2470.3 2372.2 2259.5 2129.9 2001.5 1877.9 1757.4 1632.5 1509.4 
 1389.8 1272.2 1161.4 1065.5 979.27 904.98 838.73 780.22 725.55 676.17 
 631.23 590.43 549.33 513.79 480.23 449.04 418.12 389.74 361.37 334.72 
 310.09 286.59 264.57 245.31 226.97 210.05 194.1 180.29 167.88 156.79 
 146.76 137.36 128.86 121.28 114.14 107.72 101.48 93.926 87.981 82.697 
 77.724 73.031 68.982 65.175 61.638 58.237 54.871 51.711 48.565 45.54 
 42.497 39.648 37.002 34.544 32.396 30.317 28.39 26.485 24.714 23.294 
 22.44 22.952 23.528 24.076 24.624 25.173 25.718 26.267 26.816 27.398 
 28.734 
4291.9 4181.3 4077.2 4147.9 4439.3 4546.3 4333.2 4193.8 4595.5 4918 
 4719.4 4376.5 4650.8 5139.4 5013.6 4555.9 4539.1 4851.5 5046.6 4808.1 
 4532 4744.2 5063.9 5074.9 4919.5 4784.2 4917.2 5138.3 5051.1 4889.3 
 4794.5 4842.8 4991.8 5007 4841.3 4769.2 4862.6 4985.4 5020.9 4881.1 
 4819 4877.7 5001.4 4976.9 4818.3 4773.7 4754.1 4812.2 4714.2 4630.7 
 4558.8 4481 4433.5 4400.1 4377.9 4303.8 4272.3 4164.5 4108.1 4081.8 
 4070.4 4049.7 4020.4 3986.6 3969.1 3931.6 3895.8 3868.5 3828 3775.5 
 3714.9 3654.3 3598.9 3547.7 3491 3421.7 3369.1 3309 3252.6 3188.5 
 3124.5 3031.1 2954.7 2890.1 2816.2 2719.4 2637 2546.9 2454.5 2378 
 2290.4 2197.8 2136.2 2071.2 1978 1879.9 1781.8 1684.4 1596.2 1505.5 
 1423.6 1339.1 1251.2 1164.9 1083.4 1011.9 943.22 881.65 827.79 774.93 
 727.57 685.49 646.94 614.02 583.34 555.06 529.45 504.83 480.66 456.69 
 432.86 409.83 386.54 363.44 340.63 317.8 295.83 274.24 254.07 235.35 
 217.85 203.14 188.43 174.95 162.35 150.9 140.28 130.71 122.47 114.66 
 106.36 100.42 94.688 89.445 84.265 79.481 74.028 69.405 65.077 60.727 
 57.14 53.881 50.64 47.836 45.025 42.444 39.874 37.589 35.467 33.487 
 31.457 29.55 27.752 26.048 24.632 23.282 22.278 21.794 22.124 22.573 
 23.034 23.502 23.997 24.584 25.181 25.716 26.207 26.721 27.302 27.803 
 28.734 
4291.9 4106.2 4062.1 4235.6 4354.1 4073.1 4176.1 4624.7 4257.4 4144.9 
 4668.8 4416.3 4127 4510.6 4524.7 4259.4 4457.1 4569.3 4421.5 4528.6 
 4572.5 4459.2 4509.7 4462.3 4354.2 4437.1 4459.3 4318.3 4342.6 4420.2 
 4329.9 4239.9 4266 4180.4 4095.8 4146.9 4125.4 4053.8 4061.5 4054.7 
 3956.6 3895.8 3863 3792.1 3716.6 3709.9 3684.4 3598.3 3551.2 3516.4 
 3403.5 3350.5 3315.3 3232.9 3188.3 3181.1 3134 3098.2 3056.4 2994.5 
 2914.9 2883.2 2784.6 2764.3 2689.1 2629.8 2514.2 2322.4 2176.6 2089.9 
 2033.9 1982.5 1916.2 1838 1767.3 1711.2 1663.3 1594.9 1524.5 1459.9 
 1401.1 1350.9 1294.3 1229.9 1168.9 1104.4 1041.6 985.14 928.42 864.84 
 814.85 765.66 713.93 667.3 630.63 595 551.2 507.23 470.2 438.51 
 409.23 379.94 350.74 328.76 308.16 290.28 274.63 260.41 247.54 235.26 
 223.84 212.97 203.03 193.74 185.01 176.32 168.03 160 152.04 143.95 
 135.77 127.19 118.33 109.11 101.14 93.717 86.302 79.456 74.171 69.808 
 65.623 62.02 58.829 55.394 52.386 49.901 47.067 44.718 42.382 40.273 
 38.472 36.657 35.046 33.707 32.468 31.367 30.341 29.393 28.484 27.623 
 26.797 26.026 25.331 24.561 23.797 23.048 22.499 22.486 22.486 22.512 
 22.571 22.682 22.806 22.986 23.203 23.437 23.708 24.014 24.358 24.729 
 25.089 25.434 25.799 26.181 26.652 27.277 27.735 28.112 28.502 28.91 
 28.734 
4291.9 4165.6 4092.9 4196.6 4310 4002 4251.9 4383.1 3938.6 4358.5 
 4139 3922.2 4207.7 4118.4 3985.3 4108.4 4044.8 4039.1 3988.5 3957.5 
 3951.5 3854.2 3878.9 3851.3 3772.3 3770.5 3695.7 3636.9 3569.5 3520.1 
 3480.6 3423.4 3380.8 3300.9 3233.1 3165.9 3101.3 3041.5 2970.3 2892.6 
 2805.9 2727.8 2658.3 2581.2 2505 2424.2 2352.7 2282.8 2228.6 2181.7 
 2129.6 2080.8 2030.4 1984.7 1945 1904.5 1860 1817.2 1775.5 1725.6 
 1675.4 1626.6 1571.6 1516.3 1460.8 1399.7 1335.4 1266.3 1195.6 1116.4 
 1038.6 957.99 874.59 791.56 710.99 630.14 555.34 485.17 423.81 362.52 
 310.73 264.46 223.22 188.17 157.48 131.21 109.38 91.714 78.156 67.374 
 59.235 53.302 49.838 47.652 46.298 45.933 46.561 47.878 49.973 52.498 
 55.041 57.457 59.337 60.75 61.877 62.569 63 62.877 62.656 62.131 
 61.196 60.066 58.805 57.471 55.864 54.209 52.498 50.778 48.887 47 
 44.786 42.29 39.605 36.859 34.172 28.78 24.844 23.643 23.836 24.14 
 24.467 24.824 25.123 25.453 25.835 26.214 26.574 26.938 27.338 27.689 
 28.054 28.449 28.78 29.109 29.454 29.769 30.06 30.396 30.727 30.998 
 31.296 31.571 31.812 32.088 32.351 32.57 32.816 33.05 33.27 33.457 
 33.677 33.86 34.041 34.198 34.385 34.541 34.704 34.839 34.969 35.073 
 35.137 35.176 35.209 35.235 35.287 35.345 35.461 35.474 35.474 35.474 
 28.734 
4291.9 4158.3 4036 4032.8 4170.8 3899.7 3815.9 4165.6 3830.3 3689.1 
 3914.6 3632.5 3464.7 3587.4 3468.8 3327.3 3350.9 3255.8 3170.3 3117.7 
 3007.5 2928.3 2841.4 2747.4 2643.9 2551.5 2451.5 2334.9 2237 2147.9 
 2044.1 1945.1 1856.8 1768.7 1689.6 1605.9 1520.1 1441.7 1370.1 1296.3 
 1224.5 1160.4 1097.9 1038.2 984.09 934.4 890.74 849.75 813.55 781.69 
 752.41 726.2 702.62 680.36 658.47 637.71 615.8 591.57 565.9 540.99 
 520.08 499.91 479.49 459.13 438.04 413.36 392.55 371.87 350.7 326.89 
 304.99 283.6 261.73 241.47 221.24 203.41 185.58 169.18 154.03 140.3 
 128.55 118.19 108.98 101.3 94.595 88.94 84.162 80.205 77.214 74.528 
 71.977 69.43 67.119 65.422 63.858 62.429 60.702 59.19 58 56.822 
 55.452 54.033 52.961 52.079 51.275 50.434 49.375 48.224 47.258 46.562 
 45.975 45.459 45.035 44.578 44.022 43.284 42.482 41.734 40.955 40.151 
 39.289 38.42 37.495 36.46 35.35 34.613 34.145 33.815 33.705 33.684 
 33.742 33.904 34.085 34.242 34.435 34.647 34.855 35.052 35.285 35.504 
 35.705 35.875 36.051 36.187 36.298 36.402 36.511 36.603 36.693 36.758 
 36.817 36.83 36.894 36.94 36.973 36.979 36.986 36.986 36.986 36.973 
 36.928 36.876 36.824 36.759 36.662 36.558 36.455 36.325 36.183 35.982 
 35.743 35.51 35.24 35.023 34.82 34.606 34.41 34.223 34.055 33.912 
 28.734 
4291.9 4134.5 4044.5 3881.9 3857.6 3856.4 3770.7 3525.7 3451.5 3545.7 
 3431 3158.6 3052.1 3047.4 2882.1 2615.3 2488.8 2440.4 2295.3 2115.6 
 2002.7 1891.6 1741.6 1607.2 1506.7 1398.6 1290.6 1200 1126.9 1050.3 
 981.31 928.6 876.56 820.62 774.43 734.85 692.91 653.18 617.31 581.51 
 533.5 486.2 458.6 434.36 410.8 388.35 365.91 344.94 315.91 294.51 
 276.83 260.32 244.79 228.98 209.92 196.83 184.02 171.57 158.1 147.06 
 136.45 125.69 115.68 105.68 96.323 86.907 77.606 69.576 61.742 54.857 
 49.345 47.472 46.077 44.772 43.556 42.346 41.284 40.181 39.226 38.325 
 37.625 37.117 36.783 36.565 36.447 36.331 36.253 36.259 36.279 36.358 
 36.513 36.693 36.902 37.025 37.031 36.985 36.914 36.902 36.922 36.98 
 37.065 37.213 37.37 37.556 37.766 37.926 38.064 38.211 38.348 38.433 
 38.51 38.576 38.72 38.876 39.063 39.277 39.478 39.667 39.893 40.119 
 40.33 40.54 40.738 40.917 41.099 41.268 41.425 41.573 41.715 41.87 
 42.034 42.164 42.292 42.39 42.448 42.507 42.559 42.597 42.591 42.591 
 42.591 42.578 42.552 42.493 42.422 42.345 42.266 42.195 42.111 41.988 
 41.824 41.662 41.475 41.311 41.138 40.931 40.694 40.444 40.208 39.942 
 39.641 39.319 39.007 38.672 38.314 37.946 37.57 37.158 36.741 36.286 
 35.822 35.394 34.943 34.498 34.096 33.69 33.295 32.918 32.541 32.205 
 28.734 
4291.9 4112.7 3943.2 3900.7 3748.5 3601 3454.7 3309.1 3227.4 3116.1 
 2984.3 2821.6 2627 2437.7 2257.4 2102.5 1975.8 1832.8 1689.6 1520.9 
 1360.7 1234.4 1139 1063.8 997.42 933.83 872.49 813.9 760.91 714.37 
 670.39 631.52 584.01 518.37 476.17 444.44 410.61 381.38 356.7 330.67 
 294.14 270.52 253.33 236.31 220.86 207.26 193.67 183.03 173.05 163 
 153.21 144.76 136.01 127.34 118.77 109.64 100.99 90.358 81.243 68.797 
 59.185 49.19 40.404 29.796 20.321 19.379 19.88 20.421 20.996 21.596 
 22.194 22.815 23.462 24.089 24.741 25.38 26.002 26.631 27.262 27.88 
 28.466 28.992 29.509 30.002 30.491 30.991 31.495 32.015 32.311 32.593 
 33.028 33.487 33.986 34.608 35.459 36.166 36.74 37.179 37.44 37.654 
 37.77 38.123 38.883 39.573 40.322 41.123 41.743 42.216 42.653 42.988 
 43.275 43.548 43.807 44.06 44.281 44.535 44.781 44.995 45.216 45.416 
 45.606 45.768 45.939 46.073 46.243 46.378 46.496 46.605 46.704 46.801 
 46.885 46.925 46.963 46.964 46.964 46.97 46.919 46.867 46.847 46.783 
 46.724 46.672 46.544 46.401 46.237 46.052 45.83 45.623 45.415 45.128 
 44.807 44.467 44.125 43.768 43.387 42.969 42.545 42.088 41.635 41.126 
 40.586 40.068 39.556 39.028 38.467 37.912 37.385 36.853 36.326 35.756 
 35.196 34.662 34.088 33.567 33.064 32.565 32.057 31.559 31.063 30.63 
 28.734 
4291.9 4189.4 4046.5 3961.1 3796.6 3664.5 3488.6 3360.2 3204.9 3029.9 
 2858.1 2670.4 2491.3 2311.8 2128.7 1948.2 1766.2 1596.3 1441 1309.6 
 1192.5 1092 1010.7 942.18 881.04 827.44 779 731.34 686.62 642.85 
 588.73 521.25 479.85 442.17 411.92 384.17 356.43 331.39 298.23 278.26 
 261.35 246.07 230.55 215.3 202.86 193.1 184.02 175.32 168.61 162.48 
 156.9 151.73 144.04 135.84 125.91 113.15 100.96 87.596 76.907 66.909 
 52.618 35.588 23.217 22.649 23.247 23.876 24.59 25.318 26.059 26.846 
 27.663 28.431 29.149 29.862 30.493 30.102 29.915 30.467 30.6 29.48 
 29.499 30.139 30.776 31.404 32.037 32.66 33.275 33.816 34.372 34.901 
 35.378 35.834 36.365 36.858 37.37 37.852 38.318 38.803 39.285 39.681 
 40.014 40.382 40.773 41.473 42.118 42.163 42.145 42.437 42.733 43.169 
 43.25 43.494 43.708 43.935 44.116 44.312 44.512 44.709 44.87 45.025 
 45.154 45.279 45.376 45.5 45.616 45.7 45.803 45.894 45.965 46.069 
 46.14 46.14 46.127 46.088 46.009 45.919 45.821 45.724 45.659 45.594 
 45.523 45.444 45.302 45.199 45.178 45.029 44.885 44.667 44.449 44.183 
 43.869 43.514 43.184 42.832 42.479 42.1 41.707 41.292 40.847 40.372 
 39.844 39.314 38.8 38.237 37.66 37.083 36.539 36.004 35.465 34.869 
 34.248 33.669 33.073 32.489 31.943 31.388 30.85 30.301 29.737 29.218 
 28.734 
4291.9 4212.1 4065.9 3909 3637.1 3483.1 3427.6 3386.8 3333.2 3169.3 
 2956.7 2728.7 2519.4 2361.7 2251.8 2144.8 1996.2 1813.2 1630.3 1467.4 
 1333.3 1235.2 1151.6 1073.1 1000.1 929.68 866.94 812.09 765.26 722.27 
 678.24 635.59 580.86 514.69 475.34 441.76 409.46 379.8 354.21 328.18 
 289.98 268.72 252 235.57 220.26 206.63 193.02 182.23 171.58 160.89 
 151.14 142.07 132.84 123.86 114.12 104.73 94.657 84.071 72.963 62.313 
 51.309 42.422 33.981 22.382 18.843 19.29 19.789 20.305 20.855 21.434 
 22.031 22.632 23.242 23.846 24.468 25.068 25.663 26.271 26.865 27.475 
 28.043 28.577 29.079 29.575 30.032 30.526 31.038 31.612 32.126 32.461 
 32.676 33.14 33.624 34.192 35.133 35.738 36.312 36.802 36.804 36.933 
 36.642 36.814 37.361 38.444 39.341 40.555 41.18 41.585 41.866 41.967 
 41.968 41.968 42.072 42.169 41.47 40.959 40.956 41.034 41.156 41.371 
 41.577 41.785 41.96 42.141 42.329 42.487 42.623 42.757 42.876 43.012 
 43.116 43.188 43.233 43.259 43.259 43.259 43.259 43.234 43.227 43.208 
 43.162 43.104 42.981 42.827 42.632 42.443 42.371 43.334 43.512 43.512 
 43.07 42.62 42.192 41.785 41.383 40.932 40.474 39.991 39.485 38.933 
 38.366 37.823 37.293 36.735 36.171 35.62 35.088 34.577 34.068 33.474 
 32.919 32.392 31.85 31.33 30.838 30.341 29.842 29.345 28.844 28.399 
 28.734 
4291.9 4117 3954.7 3778 4016.3 3926.5 3555.4 3423.9 3551.4 3488 
 3230.5 3061.8 3072.2 2978.3 2732.3 2576.2 2506.4 2360.6 2190.5 2076 
 1959 1810.8 1682.5 1581.1 1470 1354.7 1263.7 1183 1101.2 1031.7 
 979.11 925.9 870.42 821.31 777.82 733.5 691.34 652.62 616.11 573.27 
 523.18 483.98 456.39 431.13 407.04 383.82 360.59 334.88 308.05 288.87 
 271.54 255.67 239.89 219.55 204.98 191.64 178.34 164.31 152.88 141.18 
 129.85 119.54 109.36 99.211 89.348 79.411 70.309 61.997 54.302 49.764 
 47.936 46.26 44.681 43.104 41.824 40.723 39.639 38.63 37.743 37.044 
 36.413 35.847 35.403 35.151 34.962 34.766 34.644 34.579 34.547 34.547 
 34.547 34.547 34.547 34.547 34.547 34.547 34.547 34.566 34.618 34.748 
 34.891 35.091 35.297 35.474 35.648 35.83 36.013 36.202 36.364 36.526 
 36.682 36.811 36.972 37.134 37.271 37.427 37.577 37.753 37.927 38.081 
 37.875 36.993 36.526 36.596 36.661 36.805 36.929 37.065 37.199 37.375 
 37.545 37.719 37.85 37.965 38.043 38.102 38.16 38.193 38.257 38.309 
 38.309 38.309 38.27 38.206 38.082 37.971 37.842 37.712 37.596 37.434 
 37.221 36.998 36.783 36.59 36.629 37.314 37.588 37.47 37.163 36.795 
 36.395 35.947 35.534 35.105 34.673 34.207 33.754 33.323 32.919 32.402 
 31.953 31.545 31.117 30.722 30.37 29.987 29.612 29.228 28.853 28.541 
 28.734 
4291.9 4214.9 3885.9 4180.3 4129.3 3673.4 3964 3997.6 3629.7 3758 
 3750.8 3496.3 3503.2 3471.6 3334.9 3280 3213.3 3143.5 3073.6 2984.1 
 2909.7 2800.9 2718.4 2638.5 2533 2434.1 2309 2216.8 2141.8 2037.2 
 1931.2 1843.5 1756.1 1680.9 1594.8 1508.5 1430.3 1359.1 1289.6 1212.3 
 1144.6 1086.1 1025.7 970.72 923.3 877.88 835.6 796.72 762.3 730.42 
 701.84 675.71 649.88 625.83 602.76 579.29 553.72 527.61 502.63 480.05 
 458.55 436.97 415.85 391.98 369.64 348.78 327.93 306.01 284.86 264.72 
 243.64 224.75 207.19 189.65 173.58 158.33 144.47 132.17 122.09 113.17 
 105.38 98.658 92.988 88.214 84.192 80.855 78.11 75.616 73.381 71.332 
 69.301 67.407 65.649 63.816 61.87 60.11 58.757 57.488 56.278 55.048 
 53.64 52.212 50.903 49.701 48.606 47.551 46.462 45.381 44.356 43.486 
 42.794 42.089 41.326 40.564 39.828 39.225 38.709 38.263 37.843 37.445 
 37.025 36.549 35.916 35.176 34.446 33.64 32.718 32.006 31.571 31.351 
 31.181 31.16 31.218 31.334 31.457 31.592 31.754 31.899 32.093 32.267 
 32.423 32.509 32.516 32.412 32.199 32.185 32.185 32.185 32.237 32.237 
 32.243 32.243 32.243 32.243 32.25 32.282 32.496 32.657 32.927 33.212 
 33.255 33.255 33.204 33.018 32.789 32.59 32.383 32.277 32.11 31.766 
 31.488 31.246 30.985 30.728 30.5 30.275 30.065 29.83 29.597 29.448 
 28.734 
4291.9 4184.8 4024.1 4431.6 4072.8 3983.6 4416.5 4023.8 4073.5 4300.4 
 3995.6 4035.8 4092.8 3970.1 3985.1 3946.8 3983.9 3940.3 3875.2 3920.5 
 3837.6 3795.5 3761.4 3687.3 3676.8 3605.8 3557.6 3478.7 3421 3375.2 
 3305.7 3239.2 3157.2 3097.2 3035.8 2983.7 2906.6 2818.1 2730.9 2657.6 
 2585.5 2518.3 2435.9 2359.4 2290.4 2221.3 2161.3 2096.8 2040.9 1992.8 
 1943.7 1894.4 1845.1 1796.5 1742.6 1688 1634.9 1576.7 1521.9 1467 
 1408.8 1350.1 1292.5 1229 1164.7 1097.4 1024.5 952.11 882.02 813.45 
 742.5 673.59 608.17 543.47 483.94 428.29 377.36 331.55 290.02 253.44 
 220.17 192.41 164.65 141.39 121.45 103.91 89.475 77.941 69.076 62.931 
 58.626 55.645 53.831 53.324 53.896 55.033 56.806 58.813 60.706 62.565 
 64.02 65.088 65.781 66.126 66.333 66.131 65.614 64.774 63.58 62.328 
 60.633 58.866 56.963 55.09 53.098 51.04 48.969 46.963 45.002 43.094 
 41.198 39.191 37.036 34.742 30.988 27.163 24.417 22.25 21.516 21.726 
 22.037 22.339 22.679 23.01 23.364 23.741 24.115 24.508 24.884 25.249 
 25.606 25.982 26.367 26.732 27.127 27.503 27.873 28.255 28.62 28.951 
 29.29 29.605 29.95 30.276 30.619 30.949 31.28 31.594 31.897 32.209 
 32.526 32.832 33.079 33.319 33.519 33.714 33.935 34.142 34.318 34.46 
 34.598 34.759 34.978 35.078 35.123 35.175 35.259 35.305 35.351 35.402 
 28.734 
4291.9 4199.1 4008.8 4426.6 4360 3940.9 4395.6 4543.2 4076.2 4314.2 
 4585.6 4242.9 4263 4541.6 4379.5 4317.4 4448.3 4381.7 4407.5 4517.2 
 4465.3 4450.7 4503.7 4403.5 4313.3 4388.3 4329.9 4210.8 4253.9 4189.4 
 4124.9 4080.4 4109.9 4035.9 3918.2 3934.7 3920.9 3825.7 3813 3801.7 
 3703.6 3660.3 3654.4 3557.2 3498.9 3478.4 3422.6 3364.8 3321.3 3275.1 
 3214.5 3158.6 3124 3053.2 3015.8 2966.5 2924.5 2872.8 2807.4 2770.6 
 2689 2664.4 2567.1 2513.1 2373.2 2229.3 2112.8 2019 1933.3 1862.1 
 1799 1746 1711.7 1671.4 1613.7 1551 1480 1420.7 1362.7 1306.8 
 1250 1190.9 1132.9 1071.6 1013.9 955.52 894.07 837.38 784.61 733.51 
 685.67 639.07 593.06 553.57 519.07 489.06 460.25 433.72 408.28 385.89 
 363.53 344.3 327.01 310.83 295.82 281.71 268.47 256.14 243.99 232.68 
 222.15 211.95 202.18 192.99 184.11 175.42 167.08 159.07 151.24 143.41 
 135.64 128.19 120.85 113.22 106.79 100.62 94.437 88.576 83.711 79.012 
 74.095 69.957 66.26 62.693 59.521 56.88 54.17 51.634 49.213 46.911 
 44.991 43.097 41.445 39.951 38.667 37.496 36.406 35.434 34.457 33.579 
 32.703 31.926 31.191 30.534 29.92 29.299 28.72 28.322 28.099 28.182 
 28.28 28.409 28.612 28.859 29.123 29.429 29.744 30.103 30.488 30.877 
 31.264 31.618 31.914 32.155 32.355 32.588 32.854 33.107 33.347 33.574 
 28.734 
4291.9 4295.7 4060 4172.3 4588.8 4561.8 4199.6 4233.9 4753.6 4896.8 
 4550.7 4350.5 4713.3 5067.6 4912 4562.3 4572 4836.6 5045.4 4828.8 
 4605.5 4728.6 4914.7 4992.2 4878.3 4701.9 4789.7 4971.6 4998 4912.2 
 4741.4 4745.5 4934.9 5005.9 4887.5 4736.8 4658.9 4787.8 4820.1 4777.1 
 4617.5 4600.8 4694.1 4751.4 4766.8 4603.7 4536.4 4467.5 4477.1 4382.9 
 4287.9 4206.6 4189.4 4126.3 4085.1 4033.7 3960.2 3910.4 3880.1 3856.7 
 3823.7 3794.4 3786.6 3775.6 3755.6 3729.3 3701 3646 3600.9 3560.6 
 3510.9 3455.6 3402.7 3349.7 3303.6 3249.1 3195.3 3131.7 3064.9 2973.8 
 2875.9 2810.2 2746.8 2677.1 2612.3 2556.7 2472.7 2390.4 2306.3 2204.5 
 2107.3 2006.6 1920.8 1835 1754 1677.7 1602.4 1524.8 1438.2 1352.4 
 1267.3 1182.7 1104.2 1032.8 970.59 913 856.19 806.26 760.84 719.71 
 683 649.71 618.34 588.82 562.13 535.8 510.69 485.15 458.97 433.15 
 407.61 382.42 357.53 333.7 310.57 288.17 267.19 246.96 229.01 212.26 
 197.95 183.63 170.62 158.88 148.35 138.9 130.37 122.92 116.37 110.37 
 103.47 97.743 92.141 86.893 81.961 77.449 72.889 68.924 65.339 61.879 
 58.889 56.075 53.347 50.735 48.309 46.018 43.798 41.687 39.738 37.958 
 36.26 34.675 33.193 31.837 30.512 29.286 28.206 27.196 27.21 27.613 
 28.027 28.468 28.88 29.247 29.637 30.017 30.397 30.766 31.134 31.519 
 28.734 
4291.9 4390.9 4301.4 4233.5 4130 4235.7 4514.8 4763 5013.2 5008.4 
 4899.7 4672.1 4589 4598.8 4825 5085.5 5285.6 5316.3 5234.4 5089.3 
 4902.7 4892.6 4949 5211.7 5400.6 5672.7 5721.4 5644.2 5504 5367.9 
 5295.4 5232.9 5317.5 5457.5 5540.5 5629.3 5646.8 5674.4 5577.5 5492 
 5449.9 5466 5451.8 5477 5455.7 5471.9 5413.7 5464 5457.7 5490.5 
 5415.4 5328.9 5298.4 5251 5215.8 5255.3 5298.5 5301.7 5262.2 5221.3 
 5242.2 5284.8 5279.7 5224.9 5173 5142.9 5088.5 5058.2 5018.2 4935.6 
 4855 4819.4 4780 4691.5 4601.8 4532.1 4486.8 4415.5 4413.8 4335 
 4257 4226.4 4165.9 4096.6 3959.2 3881.7 3791.4 3677 3585.3 3522.1 
 3427.7 3355.3 3274.2 3172.7 3068.5 2965.7 2854.5 2733.8 2616.1 2504.4 
 2404.5 2304.4 2192.1 2069.4 1947.7 1820.8 1687 1547.5 1409.7 1285.8 
 1168.5 1068.2 978.74 898.04 828.7 768.18 713.59 666.97 623.88 585.83 
 551.49 518.55 486.54 458.93 431.98 405.59 380.8 356.03 332.39 311.04 
 289.86 268.19 248.1 230.37 213.66 198.33 184.15 171.78 160.76 150.72 
 141.67 132.99 125.39 118.37 111.92 105.79 99.987 93.598 87.464 82.533 
 77.92 73.676 70.134 66.681 63.527 60.519 57.503 54.597 51.651 48.746 
 45.93 43.287 40.758 38.293 36.135 34.019 32.114 30.222 28.479 26.93 
 25.563 25.752 26.239 26.723 27.225 27.727 28.248 28.731 29.208 29.714 
 28.734 
4291.9 4397.8 4455.5 4570.9 4670.7 4773 4894.8 4981 5074.4 5178.6 
 5220.2 5322.3 5310.3 5378.5 5418 5489.8 5479.1 5603.3 5601.9 5714.5 
 5727.1 5876.9 5855.6 5986.2 5997.4 6013.1 5993.1 6039.3 6072 6008 
 6043.2 6053.3 5990 6061.2 6089.1 6084 6037 6042.3 6022.3 5951.9 
 6032.5 5922.8 5931.3 5964.9 6139.3 6015.5 6089.2 5951.5 6006.4 5895.1 
 5749.6 5698.2 5725.3 5724.7 5746.6 5787.7 5799.4 5696.3 5600.2 5745.6 
 5822 5719.1 5668.6 5636.4 5592.3 5547.6 5533 5505.4 5409.8 5304.5 
 5210.2 5121.2 5065.9 5009.5 4952.9 4955.4 4926.8 4862.7 4899.8 4779.7 
 4623.1 4579.1 4503.5 4395.1 4225.8 4121.9 4116.7 3825.8 3381.9 2935.2 
 2436.9 2226.2 2181.8 2192 2170.4 2121.2 2074.1 1993.6 1884.6 1775.5 
 1709.4 1666.1 1612 1548.5 1518.5 1576.6 1594 1534.5 1439.9 1339.6 
 1247.2 1161 1082.7 1012.3 943.11 877.11 821.86 772.73 730.98 695.14 
 662.03 631.78 601.23 571.36 541.85 512.17 483.49 454.68 426.7 398.38 
 371.46 344.86 317.83 291.64 267.09 244.15 223.08 206.4 189.78 176 
 164.37 153.78 144.31 135.81 127.87 120.18 112.64 105.52 98.784 91.337 
 85.488 80.713 76.576 72.686 69.145 65.473 61.954 58.389 54.968 51.739 
 48.475 45.365 42.434 39.581 36.964 34.594 32.38 30.268 28.245 26.49 
 24.963 23.965 24.38 24.866 25.382 25.918 26.471 27.034 27.6 28.179 
 28.734 
