IESNA:LM-63-2002
[TEST] 1
[TESTLAB] 
[TESTDATE] 2025-06-16
[ISSUEDATE] 2025-06-16 09:38:48
[LAMPPOSITION] 0,0
[OTHER] EVERFINE GO-2000A_V1 SYSTEM
[MANUFAC] 
[LUMINAIRE] 90W-3000K
[LAMP] WP09A-14-120L-S2D4C3
TILT=NONE
1 8943.1 1 181 17 1 2 0.190 0.300 0.000
1.000 1 60.3997
0.0    1.0    2.0    3.0    4.0    5.0    6.0    7.0    8.0    9.0    
 10.0   11.0   12.0   13.0   14.0   15.0   16.0   17.0   18.0   19.0   
 20.0   21.0   22.0   23.0   24.0   25.0   26.0   27.0   28.0   29.0   
 30.0   31.0   32.0   33.0   34.0   35.0   36.0   37.0   38.0   39.0   
 40.0   41.0   42.0   43.0   44.0   45.0   46.0   47.0   48.0   49.0   
 50.0   51.0   52.0   53.0   54.0   55.0   56.0   57.0   58.0   59.0   
 60.0   61.0   62.0   63.0   64.0   65.0   66.0   67.0   68.0   69.0   
 70.0   71.0   72.0   73.0   74.0   75.0   76.0   77.0   78.0   79.0   
 80.0   81.0   82.0   83.0   84.0   85.0   86.0   87.0   88.0   89.0   
 90.0   91.0   92.0   93.0   94.0   95.0   96.0   97.0   98.0   99.0   
 100.0  101.0  102.0  103.0  104.0  105.0  106.0  107.0  108.0  109.0  
 110.0  111.0  112.0  113.0  114.0  115.0  116.0  117.0  118.0  119.0  
 120.0  121.0  122.0  123.0  124.0  125.0  126.0  127.0  128.0  129.0  
 130.0  131.0  132.0  133.0  134.0  135.0  136.0  137.0  138.0  139.0  
 140.0  141.0  142.0  143.0  144.0  145.0  146.0  147.0  148.0  149.0  
 150.0  151.0  152.0  153.0  154.0  155.0  156.0  157.0  158.0  159.0  
 160.0  161.0  162.0  163.0  164.0  165.0  166.0  167.0  168.0  169.0  
 170.0  171.0  172.0  173.0  174.0  175.0  176.0  177.0  178.0  179.0  
 180.0  
0.0    22.5   45.0   67.5   90.0   112.5  135.0  157.5  180.0  202.5  
 225.0  247.5  270.0  292.5  315.0  337.5  360.0  
2422.7 2474.1 2507.2 2574.3 2632.6 2689.9 2758.1 2806.7 2859.1 2917 
 2941.5 3000 2993.4 3031.3 3052.4 3094.1 3089.3 3155.6 3154.4 3220.1 
 3224.5 3308.8 3297.4 3371.1 3375.6 3387.2 3375 3401.8 3418.8 3385 
 3402.1 3410 3374 3414.5 3427 3424.7 3395.8 3399.8 3389 3351.4 
 3395.3 3330.2 3336.7 3357.1 3456.8 3388 3428.7 3349.9 3381.7 3320.3 
 3236.2 3207 3222 3224.9 3236.1 3259.6 3268.7 3210.6 3154.2 3235.9 
 3278.5 3220.9 3190.7 3172.8 3147.5 3123.3 3115.5 3099.6 3047.9 2990.8 
 2937.1 2884.8 2853.1 2820.5 2788.8 2788.4 2773.5 2735.4 2757.9 2692.9 
 2603.8 2579.4 2537.6 2476.5 2381.4 2320 2317.8 2158.4 1905.8 1654.3 
 1374.2 1255 1229.2 1235.7 1224.1 1196.4 1170.5 1124.2 1061.8 994.74 
 957.87 933.69 903.64 868.41 851.93 884.35 894.13 861.61 808.82 752.18 
 699.74 651.67 607.06 567.62 528.63 491.86 460.63 432.96 409.3 389.1 
 370.52 353.58 336.44 319.34 302.88 286.52 270.32 254.04 238.57 222.54 
 207.92 193.3 178.08 163.61 149.76 136.91 125.06 114.81 105.73 98.06 
 91.505 85.57 80.321 75.584 71.16 66.852 62.659 58.701 54.846 50.778 
 47.434 44.775 42.393 40.262 38.316 36.292 34.328 32.343 30.472 28.705 
 26.877 25.178 23.542 21.991 20.566 19.273 18.049 16.887 15.787 14.84 
 13.985 13.448 13.667 13.926 14.227 14.538 14.857 15.181 15.503 15.822 
 16.135 
2422.7 2415.5 2378.5 2375.5 2340.8 2380.3 2511 2649.8 2806.9 2844.5 
 2806.4 2647.8 2551.8 2540.2 2653.5 2856.7 2994.8 3040.8 2962.7 2862 
 2746 2774.2 2846.5 3041.5 3115.5 3209.4 3129.9 3008.7 2863.5 2836.2 
 2883.4 2983.3 3089.1 3254.6 3257.3 3252.6 3183.9 3161.9 3136.9 3148.6 
 3141.6 3182.6 3194.1 3170.3 3148.5 3182.1 3179.6 3182.7 3214.7 3210.7 
 3221 3145.9 3132.3 3124.4 3100.1 3111.2 3115.3 3103.9 3083.8 3053.6 
 3037.1 3042.1 3045.7 3032.3 2998.5 2981.4 2961.5 2927.4 2891.4 2845.8 
 2809.7 2803.1 2763.5 2724.9 2685.3 2640.6 2610.4 2582.4 2540.9 2535.7 
 2482.7 2425 2400.2 2362.6 2323.9 2243.1 2217 2178.8 2113.4 2072.3 
 2042.7 1995.8 1962.2 1925.7 1858.5 1778.4 1710.6 1648.1 1579.4 1510.7 
 1447.4 1387.1 1332.8 1269.4 1196.2 1124.1 1054.7 986.34 916.05 847 
 780.32 714.18 652.26 597.82 549.41 507.46 470.31 437.54 407.4 380.9 
 354.41 331.68 308.78 288.61 269.72 252.07 234.38 218.05 202.39 187.29 
 173.43 160.28 148.05 137.04 126.78 117.19 108.27 100.5 93.556 87.33 
 81.635 76.456 71.703 67.405 63.505 59.902 56.418 52.173 48.802 45.838 
 43.056 40.508 38.255 36.108 34.159 32.258 30.407 28.669 26.912 25.258 
 23.579 22.008 20.525 19.238 18.079 16.931 15.869 14.844 13.862 13.052 
 12.6 12.893 13.219 13.529 13.834 14.151 14.465 14.776 15.084 15.416 
 16.135 
2422.7 2352.7 2294.9 2334.8 2501.2 2561.2 2439.7 2359.4 2590.7 2772.6 
 2655.4 2462.5 2620.3 2897.4 2822.5 2562.2 2554.4 2734.1 2842.7 2706.6 
 2551.6 2673.8 2854 2859.2 2768.9 2692.6 2769.1 2894.7 2843.9 2751.3 
 2699.2 2728.5 2813.7 2823 2728 2687.7 2741.2 2812.4 2829.9 2749 
 2715.7 2749 2821 2805.5 2716.9 2690.2 2679.5 2712.2 2656.2 2608.8 
 2568.1 2525.2 2498.1 2480.4 2467.3 2423.3 2406 2345.6 2312.7 2298.8 
 2291.5 2279.7 2262.3 2245.9 2237.1 2215.6 2194.2 2178.6 2156.9 2127.5 
 2093.1 2059.1 2028.1 2000.3 1969.1 1928.8 1899.8 1864.7 1834 1797.4 
 1761.5 1711.3 1666.7 1630.6 1589.2 1535.3 1487.6 1438 1384.8 1341.8 
 1293 1240.2 1205 1168.9 1118.6 1063 1002.5 946.24 895.44 844.75 
 798.44 751.34 701.89 653.16 607.36 567.66 528.6 494.09 463.43 433.6 
 406.82 383.28 361.77 343.09 325.99 309.91 295.72 282.02 268.43 254.84 
 241.64 228.87 215.71 203.27 190.82 178.09 165.72 153.55 142.25 131.8 
 122 113.03 104.97 97.36 90.322 83.922 77.946 72.738 68.064 63.717 
 59.093 55.836 52.639 49.733 46.851 44.188 41.111 38.516 36.083 33.659 
 31.7 29.902 28.107 26.545 25.011 23.596 22.205 20.916 19.683 18.61 
 17.513 16.439 15.46 14.519 13.748 13.03 12.508 12.237 12.403 12.637 
 12.907 13.175 13.451 13.768 14.105 14.433 14.716 15.015 15.344 15.611 
 16.135 
2422.7 2311.2 2288.5 2386.5 2451.8 2292.4 2352.5 2601.2 2393.2 2334.4 
 2632.9 2483 2324 2544.4 2546.2 2399.3 2512.2 2571.8 2489.3 2549.2 
 2572.4 2510.5 2540 2510.9 2451.7 2499 2511 2430.7 2445 2486.2 
 2410.7 2379.3 2396.3 2346.6 2299 2329.4 2317.2 2277.4 2283 2278.5 
 2223.8 2189.6 2170.8 2130.3 2089.4 2086 2070.7 2021.7 1996.6 1976 
 1912.6 1883 1864.9 1818.4 1793.6 1789.8 1763.3 1744.4 1720.8 1684.4 
 1641.5 1623.7 1568.7 1557 1512.9 1480.4 1411.4 1302.9 1222.5 1173 
 1142.1 1113.1 1075.8 1032.6 992.28 960.04 933.66 895.99 856.59 820.51 
 785.26 756.22 724.9 689.92 654.82 619.14 583.25 552.13 520.61 484.15 
 456.07 428.47 401.03 373.62 353.11 333.17 308.87 284.19 263.36 245.32 
 226.95 210.49 195.49 183.19 171.84 161.68 153.02 145.02 137.59 130.84 
 124.53 118.45 112.79 107.65 102.76 97.993 93.394 88.883 84.343 79.894 
 75.358 70.638 65.685 60.551 56.059 51.866 47.742 43.977 41.057 38.605 
 36.241 34.271 32.497 30.613 28.933 27.57 25.998 24.697 23.452 22.295 
 21.286 20.304 19.414 18.645 17.977 17.358 16.788 16.277 15.788 15.319 
 14.882 14.467 14.084 13.688 13.266 12.847 12.567 12.573 12.573 12.58 
 12.626 12.704 12.776 12.872 13.002 13.133 13.296 13.47 13.646 13.866 
 14.087 14.286 14.495 14.701 14.964 15.325 15.579 15.787 16.02 16.245 
 16.135 
2422.7 2339.4 2300.3 2363.1 2422.4 2248.5 2399.1 2460.4 2214.8 2452.9 
 2379.1 2199.6 2359.7 2307.7 2234.6 2303.3 2266.4 2263.6 2234.5 2217.8 
 2214 2160 2176.3 2157.7 2115.6 2113.7 2070.9 2039.6 2001.9 1974.5 
 1951.1 1918.4 1895.2 1850.2 1812.5 1773.9 1738.1 1705.6 1665.7 1621.4 
 1572.9 1528.2 1489.3 1447 1404.8 1360.3 1320.3 1280 1248.6 1222.7 
 1194.2 1166.6 1138.6 1112.4 1089.8 1067.3 1042.6 1018 994.16 966.78 
 938.47 910.53 879.26 848.23 817.85 783.98 747.69 708.13 668.15 624.26 
 580.42 535.07 488.3 441.89 396.92 351.97 309.84 270.34 234.72 201.64 
 172.76 147.06 124.09 104.32 87.3 72.608 60.465 50.691 43.064 37.119 
 32.629 29.324 27.371 26.206 25.462 25.351 25.703 26.456 27.732 29.179 
 30.61 31.914 32.961 33.817 34.467 34.816 35.026 34.994 34.862 34.588 
 34.098 33.527 32.843 32.093 31.202 30.299 29.365 28.45 27.391 26.347 
 25.054 23.675 22.154 20.644 19.153 16.135 13.927 13.242 13.345 13.513 
 13.696 13.89 14.053 14.249 14.462 14.697 14.897 15.109 15.33 15.528 
 15.732 15.946 16.128 16.305 16.506 16.676 16.855 17.044 17.218 17.369 
 17.531 17.687 17.821 17.966 18.127 18.244 18.379 18.503 18.626 18.756 
 18.887 18.983 19.087 19.204 19.295 19.385 19.457 19.561 19.638 19.697 
 19.729 19.749 19.774 19.8 19.813 19.852 19.904 19.904 19.904 19.904 
 16.135 
2422.7 2339.5 2271.7 2271.4 2347.7 2193.2 2151.2 2344.5 2155.8 2075.6 
 2205.3 2044.5 1952.5 2020.2 1951.4 1874.4 1887.7 1832.4 1785.1 1755.1 
 1693.2 1649.6 1600.2 1547.7 1488.9 1436.1 1380.5 1314.2 1259 1209.9 
 1150.9 1095.5 1041.1 990.69 946.19 900.04 851.46 807.6 767.19 725.73 
 685.65 649.57 614.32 581.08 550.81 522.93 498.7 475.36 455.5 437.74 
 421.69 406.87 393.41 380.95 368.86 357.47 345.07 331.56 316.97 302.96 
 291.39 280.43 268.62 257.22 245.45 231.48 219.62 208.32 197.03 183.73 
 171.49 159.39 146.97 135.48 124.37 113.6 103.62 94.447 86.096 78.454 
 71.794 65.998 60.773 56.417 52.685 49.541 46.89 44.72 43.002 41.501 
 40.155 38.639 37.368 36.416 35.525 34.751 33.776 32.971 32.3 31.648 
 30.849 30.098 29.509 29.027 28.58 28.109 27.536 26.894 26.372 25.986 
 25.655 25.4 25.167 24.92 24.601 24.21 23.77 23.339 22.928 22.48 
 22.017 21.529 21.021 20.454 19.827 19.4 19.15 18.972 18.899 18.885 
 18.885 18.969 19.073 19.163 19.274 19.396 19.526 19.65 19.78 19.908 
 20.013 20.104 20.195 20.273 20.326 20.403 20.455 20.501 20.539 20.566 
 20.592 20.605 20.65 20.676 20.682 20.682 20.682 20.682 20.682 20.682 
 20.682 20.682 20.676 20.65 20.611 20.553 20.488 20.423 20.345 20.236 
 20.113 19.97 19.839 19.711 19.587 19.477 19.367 19.262 19.171 19.08 
 16.135 
2422.7 2321.5 2269 2178.5 2164.6 2165.6 2113.6 1974.8 1935.4 1990.1 
 1924.2 1768.9 1711.1 1709.4 1614.8 1463.9 1396.5 1368.8 1285.7 1185.4 
 1121.7 1059.1 975.8 900.26 842.98 781.93 721.49 671.69 630.33 587.18 
 548.66 518.98 489.87 458.66 432.95 411 388.65 366.32 346.19 325.91 
 299.24 272.5 256.96 243.04 230.01 217.03 204.41 192.66 176.59 164.42 
 154.69 145.45 136.72 127.8 117.3 109.91 102.71 95.697 88.317 82.152 
 76.275 70.189 64.628 59.015 53.746 48.469 43.258 38.804 34.443 30.653 
 27.56 26.553 25.712 24.979 24.273 23.611 23.022 22.438 21.89 21.392 
 20.987 20.681 20.494 20.39 20.312 20.241 20.235 20.241 20.262 20.313 
 20.406 20.527 20.638 20.689 20.689 20.663 20.631 20.631 20.644 20.664 
 20.735 20.808 20.923 21.021 21.13 21.234 21.326 21.403 21.488 21.532 
 21.578 21.631 21.696 21.785 21.897 22.006 22.13 22.247 22.376 22.5 
 22.617 22.74 22.851 22.948 23.058 23.155 23.253 23.344 23.407 23.492 
 23.57 23.635 23.713 23.759 23.81 23.862 23.894 23.887 23.887 23.881 
 23.881 23.868 23.835 23.803 23.77 23.738 23.692 23.646 23.575 23.484 
 23.393 23.302 23.218 23.127 23.018 22.881 22.743 22.609 22.466 22.322 
 22.192 22.037 21.867 21.7 21.519 21.292 21.075 20.856 20.621 20.381 
 20.135 19.884 19.642 19.398 19.163 18.936 18.728 18.508 18.307 18.113 
 16.135 
2422.7 2315.3 2220 2195.8 2111.2 2027.2 1944.7 1863.6 1817.3 1755.2 
 1681.1 1589.5 1480.2 1373.9 1271.8 1185.6 1113.4 1038 947.21 851.4 
 761.63 691.44 637.98 596.16 558.76 522.67 488.24 455.23 425.64 399.21 
 374.73 353.04 326.51 289.86 265.91 248.12 229.31 212.94 199.18 185.45 
 165.58 151.72 142 132.56 123.88 116.29 108.1 102.18 96.71 91.09 
 85.65 80.881 76.053 71.149 66.326 61.212 56.449 50.534 45.511 38.441 
 33.052 27.54 22.577 16.641 11.332 10.801 11.08 11.381 11.699 12.037 
 12.387 12.73 13.088 13.458 13.816 14.162 14.535 14.889 15.247 15.595 
 15.924 16.223 16.514 16.799 17.084 17.353 17.646 17.94 18.107 18.275 
 18.521 18.794 19.06 19.41 19.884 20.278 20.606 20.853 21 21.123 
 21.194 21.381 21.813 22.191 22.614 23.063 23.412 23.685 23.925 24.101 
 24.277 24.425 24.568 24.703 24.852 24.989 25.118 25.242 25.372 25.47 
 25.587 25.671 25.755 25.833 25.898 25.975 26.028 26.099 26.151 26.196 
 26.223 26.255 26.262 26.281 26.294 26.301 26.307 26.307 26.307 26.307 
 26.282 26.211 26.133 26.042 25.95 25.847 25.731 25.601 25.465 25.271 
 25.089 24.901 24.721 24.513 24.291 24.038 23.785 23.531 23.287 23.016 
 22.754 22.48 22.203 21.932 21.637 21.332 21.01 20.737 20.446 20.134 
 19.811 19.505 19.202 18.903 18.635 18.341 18.063 17.789 17.505 17.251 
 16.135 
2422.7 2350 2269.9 2221.4 2130.3 2057 1957.5 1885.6 1799.3 1700.5 
 1602.6 1498.1 1397.3 1296.1 1195 1091.5 989.73 894.6 807.3 733.88 
 667.97 611.45 566 527.47 493.04 463.13 436.37 409.64 385.08 360.47 
 330.36 292.78 268.8 247.92 231.04 216.87 199.4 185.36 166.89 155.48 
 146.11 137.62 129.03 120.53 113.51 108.08 103.05 98.187 94.46 91.107 
 87.971 85.069 80.831 76.275 70.628 63.468 56.563 49.095 43.24 37.563 
 29.485 19.936 12.993 12.693 13.018 13.369 13.767 14.189 14.615 15.05 
 15.508 15.926 16.347 16.75 17.066 16.854 16.764 17.088 17.132 16.558 
 16.576 16.926 17.278 17.65 17.982 18.359 18.689 18.994 19.303 19.594 
 19.88 20.141 20.438 20.717 21.004 21.272 21.527 21.807 22.08 22.311 
 22.501 22.707 22.918 23.332 23.693 23.686 23.727 23.876 24.057 24.277 
 24.342 24.478 24.596 24.711 24.816 24.932 25.042 25.146 25.244 25.328 
 25.386 25.452 25.503 25.548 25.6 25.652 25.71 25.763 25.821 25.821 
 25.821 25.821 25.827 25.801 25.782 25.743 25.723 25.704 25.659 25.606 
 25.554 25.483 25.405 25.327 25.315 25.229 25.139 25.021 24.872 24.696 
 24.51 24.329 24.145 23.937 23.731 23.508 23.263 23.01 22.777 22.523 
 22.282 22.011 21.731 21.442 21.128 20.812 20.504 20.205 19.906 19.568 
 19.226 18.896 18.59 18.261 17.952 17.638 17.326 17.016 16.71 16.414 
 16.135 
2422.7 2371.8 2291.8 2203 2049.5 1960.6 1930.4 1906.4 1876.9 1785.2 
 1665.9 1539 1419.5 1329.9 1267.6 1207.3 1125 1022.7 913.94 822.64 
 747.89 692.56 645.35 601.08 560.3 520.96 485.68 454.64 428.17 403.83 
 379.15 355.68 325.18 288.13 265.57 246.68 228.88 212.13 198.11 184.11 
 162.74 150.8 141.45 132.24 123.73 115.42 107.92 101.78 95.93 90.068 
 84.617 79.493 74.416 69.415 63.93 58.663 52.994 47.14 40.893 34.845 
 28.725 23.832 19.074 12.63 10.528 10.743 11.022 11.327 11.629 11.955 
 12.297 12.62 12.986 13.329 13.675 14.012 14.343 14.701 15.03 15.365 
 15.693 16.009 16.288 16.559 16.835 17.105 17.402 17.717 18.018 18.208 
 18.34 18.591 18.867 19.181 19.72 20.064 20.375 20.66 20.676 20.727 
 20.606 20.656 20.977 21.568 22.088 22.741 23.099 23.328 23.498 23.575 
 23.595 23.602 23.653 23.718 23.325 23.032 23.018 23.057 23.109 23.225 
 23.323 23.426 23.524 23.633 23.724 23.816 23.893 23.971 24.042 24.094 
 24.133 24.166 24.205 24.218 24.244 24.264 24.276 24.29 24.283 24.283 
 24.27 24.219 24.115 24.025 23.913 23.803 23.758 24.256 24.321 24.335 
 24.083 23.838 23.622 23.382 23.131 22.858 22.587 22.308 22.042 21.776 
 21.489 21.212 20.93 20.658 20.339 20.024 19.723 19.439 19.155 18.845 
 18.519 18.222 17.935 17.635 17.362 17.076 16.791 16.513 16.23 15.973 
 16.135 
2422.7 2390.8 2224.2 2120.2 2254.8 2206.9 1998.1 1921 1992 1959.4 
 1816.9 1718.9 1723.2 1671.5 1534.4 1445.6 1406.2 1325.4 1228.7 1163.8 
 1098.2 1015.7 942.96 886.81 824.02 759.15 708.36 662.89 617.1 578.3 
 548.54 518.84 488.02 459.96 435.69 411 388.52 366.04 345.52 321.83 
 293.69 271.48 255.88 241.68 228.05 214.64 201.94 187.63 172.32 161.63 
 151.79 142.95 134.18 122.85 114.77 107.32 99.819 91.836 85.413 78.939 
 72.647 66.89 61.143 55.507 49.989 44.459 39.427 34.664 30.403 27.832 
 26.802 25.873 24.98 24.127 23.382 22.728 22.13 21.561 21.056 20.678 
 20.339 19.997 19.761 19.626 19.528 19.411 19.359 19.353 19.353 19.353 
 19.353 19.365 19.378 19.378 19.378 19.378 19.379 19.392 19.424 19.508 
 19.573 19.696 19.813 19.924 20.027 20.137 20.242 20.34 20.442 20.534 
 20.617 20.689 20.787 20.87 20.955 21.039 21.117 21.221 21.312 21.363 
 21.245 20.722 20.495 20.533 20.566 20.624 20.715 20.799 20.871 20.949 
 21.032 21.117 21.208 21.267 21.345 21.396 21.441 21.493 21.5 21.5 
 21.5 21.487 21.455 21.396 21.319 21.26 21.188 21.13 21.014 20.897 
 20.78 20.657 20.552 20.449 20.475 20.843 20.954 20.87 20.714 20.527 
 20.327 20.111 19.899 19.671 19.462 19.188 18.924 18.709 18.472 18.199 
 17.952 17.705 17.479 17.256 17.056 16.855 16.642 16.42 16.206 16.031 
 16.135 
2422.7 2375.3 2187.8 2352.4 2328.9 2067.2 2230.3 2254.4 2044 2114.8 
 2113.1 1969.9 1972.1 1956.2 1879.1 1846.9 1810 1770.7 1732.5 1681.8 
 1639.8 1578.4 1531.9 1486.7 1427.5 1372.5 1302.2 1248.7 1207.7 1149.9 
 1087.5 1032 984.82 942.68 894.22 846.44 802.49 762.06 723.38 680.18 
 642.3 609.24 575.65 544.49 517.93 492.59 468.69 447.24 427.49 409.9 
 393.91 378.88 364.41 350.97 338.06 324.83 311 296.19 282.18 269.4 
 257.37 245.28 233.33 219.93 208.24 196.57 184.95 172.49 160.52 149.24 
 137.46 126.91 116.31 106.43 97.347 88.796 81.026 74.246 68.533 63.414 
 59.034 55.257 52.089 49.386 47.052 45.242 43.678 42.349 41.094 39.899 
 38.766 37.672 36.66 35.614 34.554 33.576 32.792 32.12 31.461 30.76 
 29.982 29.184 28.462 27.809 27.193 26.596 25.992 25.408 24.813 24.347 
 23.941 23.577 23.168 22.744 22.326 21.996 21.722 21.463 21.235 21.008 
 20.775 20.51 20.137 19.725 19.292 18.849 18.329 17.937 17.706 17.563 
 17.471 17.445 17.452 17.503 17.594 17.678 17.808 17.911 18.022 18.113 
 18.177 18.217 18.224 18.178 18.055 18.036 18.036 18.036 18.036 18.036 
 18.036 18.036 18.036 18.036 18.036 18.042 18.093 18.178 18.332 18.522 
 18.573 18.6 18.594 18.548 18.445 18.322 18.198 18.146 18.029 17.861 
 17.699 17.55 17.421 17.279 17.154 17.018 16.9 16.784 16.648 16.564 
 16.135 
2422.7 2357.8 2261 2491.9 2299.9 2236 2483.7 2265.9 2285.1 2420 
 2251.4 2268.2 2305.2 2236 2242.4 2220.7 2241.5 2219.8 2179.6 2207.6 
 2162.9 2138.6 2117.7 2078.2 2072.3 2031.6 2004.1 1959.6 1928.4 1902.3 
 1862.4 1824.9 1778.9 1744.7 1710.7 1681.7 1639 1588.7 1538.7 1498.2 
 1457.7 1418.7 1372.7 1330.2 1290.7 1252.3 1218.8 1182.2 1151.1 1124.7 
 1097 1065.1 1035.5 1008.5 977.99 947.64 917.78 885.32 855.88 824.68 
 792.14 758.79 726.28 690.14 654.2 616.56 575.78 535.51 495.95 457.1 
 417.51 378.74 341.51 305.43 271.73 240.26 211.78 187.6 163.44 142.95 
 124.24 107.51 92.476 79.261 67.947 58.062 49.975 43.489 38.49 34.985 
 32.542 30.9 29.839 29.599 29.924 30.602 31.639 32.784 33.859 34.929 
 35.712 36.285 36.733 36.927 37.036 36.953 36.659 36.2 35.533 34.796 
 33.876 32.902 31.831 30.783 29.674 28.506 27.363 26.235 25.16 24.093 
 23.028 21.919 20.725 19.438 17.34 15.186 13.707 12.43 12.096 12.183 
 12.363 12.533 12.727 12.909 13.11 13.317 13.544 13.759 13.967 14.179 
 14.382 14.596 14.805 15.025 15.24 15.448 15.661 15.875 16.075 16.263 
 16.446 16.634 16.82 17.003 17.196 17.385 17.555 17.737 17.924 18.099 
 18.282 18.449 18.599 18.73 18.826 18.937 19.053 19.171 19.281 19.359 
 19.436 19.514 19.65 19.703 19.716 19.754 19.787 19.82 19.846 19.871 
 16.135 
2422.7 2367.3 2255.7 2490.3 2453.5 2214.2 2468.4 2558.3 2291.2 2423.3 
 2581 2388.5 2396.8 2555.7 2464.1 2428.5 2502.6 2466.7 2479.8 2543.7 
 2513.4 2504 2535.3 2480.4 2429.5 2472.2 2440.3 2370.2 2391.9 2397.6 
 2315.8 2291.3 2307.9 2267.7 2199.3 2208.2 2201.9 2148.3 2140.9 2134.8 
 2079.3 2055 2051.5 1998.2 1964.8 1953.5 1921.2 1888.8 1865 1839.8 
 1806.9 1776.5 1756.2 1717.4 1694.7 1666.6 1643.7 1613.8 1578 1556.9 
 1510.6 1497.1 1441.1 1410 1329.6 1249.5 1184.7 1133.6 1085.7 1044.8 
 1009.9 980.37 959.84 938.15 905.5 870.79 830.5 797 764.59 733.65 
 701.3 668.97 636.09 601.36 568.71 536.19 502.07 470.55 440.68 412.37 
 386.07 359.78 333.94 311.41 291.98 274.93 258.65 243.67 229.15 215.67 
 203.65 192.82 182.99 173.85 165.49 157.6 150.13 143.08 136.3 130 
 124.02 118.38 112.87 107.7 102.68 97.831 93.179 88.672 84.312 79.974 
 75.568 71.407 67.407 63.111 59.495 56.008 52.565 49.277 46.558 43.959 
 41.271 38.916 36.884 34.877 33.138 31.677 30.154 28.706 27.377 26.152 
 25.071 24.031 23.101 22.258 21.518 20.893 20.291 19.77 19.232 18.755 
 18.277 17.848 17.462 17.097 16.754 16.43 16.102 15.887 15.784 15.837 
 15.895 15.975 16.091 16.233 16.39 16.564 16.738 16.941 17.144 17.362 
 17.584 17.783 17.932 18.069 18.205 18.329 18.478 18.62 18.749 18.873 
 16.135 
2422.7 2420.4 2287.7 2344.2 2580.6 2570.8 2365.8 2379.5 2668.8 2760.8 
 2569.7 2448.5 2644.6 2850.1 2769.7 2570.5 2570.8 2716 2842.4 2722.7 
 2594 2659 2765.6 2811.9 2749.7 2647.5 2695.9 2797.7 2816.9 2766.8 
 2669.8 2672.9 2776.9 2819.8 2756.2 2670.1 2623.3 2695.6 2716.9 2695.3 
 2603.6 2592.2 2643.7 2677.4 2689.3 2596.5 2555.9 2517.6 2522.5 2471.6 
 2417.4 2370.3 2360.6 2325.6 2301.7 2272.6 2232.4 2205.5 2188.4 2172.3 
 2154.3 2137.7 2132.8 2127.1 2116.8 2102.5 2086.8 2055.3 2028.9 2005.6 
 1977.9 1947.8 1917.9 1886.5 1860.5 1831.2 1801.3 1766 1729.7 1679.1 
 1623.6 1587.1 1549.5 1510.4 1472 1442.1 1395.9 1350.6 1303 1245.5 
 1191.1 1134.2 1079.8 1031.2 985.76 942.73 900.14 856.3 808.29 759.67 
 712.14 664.62 619.85 580.06 545.23 512.51 480.77 452.5 426.58 403.37 
 382.64 363.76 346.09 329.84 314.61 299.94 285.7 271.22 256.46 242.22 
 227.95 213.9 200.59 187.29 174.38 161.78 149.95 138.66 128.57 119.19 
 110.57 102.61 95.247 88.734 82.723 77.447 72.706 68.588 64.922 61.557 
 57.674 54.504 51.376 48.489 45.729 43.132 40.557 38.34 36.373 34.431 
 32.746 31.193 29.702 28.285 26.945 25.646 24.375 23.21 22.119 21.151 
 20.217 19.341 18.545 17.805 17.084 16.473 15.876 15.317 15.272 15.491 
 15.729 15.978 16.206 16.423 16.653 16.859 17.094 17.289 17.496 17.717 
 16.135 
2422.7 2474.4 2425.1 2385.6 2326.1 2382.2 2539.1 2679.6 2822.6 2821.8 
 2762.9 2634.2 2582.7 2586.4 2712.9 2860.7 2974.6 2996.4 2951.6 2868.8 
 2761.9 2752.2 2782.9 2928.1 3036.9 3195.6 3222.6 3183 3103.9 3024.5 
 2981.6 2945.5 2994.6 3072.8 3121 3172.8 3182.8 3197.8 3143.5 3095 
 3068.3 3078.2 3069.8 3084.1 3073.1 3084.7 3051.6 3080.3 3076.2 3093.4 
 3049.6 3000.6 2982.1 2956.7 2935 2957.3 2981.3 2984.1 2959.8 2938.6 
 2950.3 2973.7 2971.6 2940.6 2910.3 2893.7 2863.3 2845.8 2824.1 2776.8 
 2732.8 2712.8 2689.4 2639.3 2588.9 2549.8 2524.2 2483.8 2481 2429.6 
 2386.7 2370.9 2336.2 2299 2222.9 2180.4 2130.4 2064.2 2013.7 1978.3 
 1925.6 1882.7 1837.4 1781 1722.8 1666.2 1603.5 1534.6 1468.3 1405.5 
 1349.5 1293.7 1230.5 1161.8 1093.1 1022 946.88 869.2 792.03 721.8 
 655.9 599.46 549.11 503.93 464.75 430.66 402.4 374.19 350.06 328.66 
 309.11 290.79 272.79 257.33 242.14 227.21 213.02 199.21 185.75 173.83 
 162.03 149.85 138.62 128.6 119.43 110.76 102.82 95.829 89.643 83.962 
 78.916 74.079 69.783 65.944 62.251 58.845 55.605 51.953 48.532 45.818 
 43.264 40.902 38.879 36.967 35.233 33.559 31.932 30.305 28.653 27.079 
 25.513 24.068 22.643 21.356 20.175 19.018 17.987 16.965 16.02 15.151 
 14.383 14.496 14.769 15.034 15.326 15.604 15.884 16.169 16.448 16.732 
 16.135 
2422.7 2474.1 2507.2 2574.3 2632.6 2689.9 2758.1 2806.7 2859.1 2917 
 2941.5 3000 2993.4 3031.3 3052.4 3094.1 3089.3 3155.6 3154.4 3220.1 
 3224.5 3308.8 3297.4 3371.1 3375.6 3387.2 3375 3401.8 3418.8 3385 
 3402.1 3410 3374 3414.5 3427 3424.7 3395.8 3399.8 3389 3351.4 
 3395.3 3330.2 3336.7 3357.1 3456.8 3388 3428.7 3349.9 3381.7 3320.3 
 3236.2 3207 3222 3224.9 3236.1 3259.6 3268.7 3210.6 3154.2 3235.9 
 3278.5 3220.9 3190.7 3172.8 3147.5 3123.3 3115.5 3099.6 3047.9 2990.8 
 2937.1 2884.8 2853.1 2820.5 2788.8 2788.4 2773.5 2735.4 2757.9 2692.9 
 2603.8 2579.4 2537.6 2476.5 2381.4 2320 2317.8 2158.4 1905.8 1654.3 
 1374.2 1255 1229.2 1235.7 1224.1 1196.4 1170.5 1124.2 1061.8 994.74 
 957.87 933.69 903.64 868.41 851.93 884.35 894.13 861.61 808.82 752.18 
 699.74 651.67 607.06 567.62 528.63 491.86 460.63 432.96 409.3 389.1 
 370.52 353.58 336.44 319.34 302.88 286.52 270.32 254.04 238.57 222.54 
 207.92 193.3 178.08 163.61 149.76 136.91 125.06 114.81 105.73 98.06 
 91.505 85.57 80.321 75.584 71.16 66.852 62.659 58.701 54.846 50.778 
 47.434 44.775 42.393 40.262 38.316 36.292 34.328 32.343 30.472 28.705 
 26.877 25.178 23.542 21.991 20.566 19.273 18.049 16.887 15.787 14.84 
 13.985 13.448 13.667 13.926 14.227 14.538 14.857 15.181 15.503 15.822 
 16.135 
