IESNA:LM-63-2002
[TEST] 1
[TESTLAB] 
[TESTDATE] 2025-06-16
[ISSUEDATE] 2025-06-16 09:22:21
[LAMPPOSITION] 0,0
[OTHER] EVERFINE GO-2000A_V1 SYSTEM
[MANUFAC] 
[LUMINAIRE] 90W-4000K
[LAMP] WP09A-14-120L-S2D4C3
TILT=NONE
1 9427.7 1 181 17 1 2 0.190 0.300 0.000
1.000 1 59.3123
0.0    1.0    2.0    3.0    4.0    5.0    6.0    7.0    8.0    9.0    
 10.0   11.0   12.0   13.0   14.0   15.0   16.0   17.0   18.0   19.0   
 20.0   21.0   22.0   23.0   24.0   25.0   26.0   27.0   28.0   29.0   
 30.0   31.0   32.0   33.0   34.0   35.0   36.0   37.0   38.0   39.0   
 40.0   41.0   42.0   43.0   44.0   45.0   46.0   47.0   48.0   49.0   
 50.0   51.0   52.0   53.0   54.0   55.0   56.0   57.0   58.0   59.0   
 60.0   61.0   62.0   63.0   64.0   65.0   66.0   67.0   68.0   69.0   
 70.0   71.0   72.0   73.0   74.0   75.0   76.0   77.0   78.0   79.0   
 80.0   81.0   82.0   83.0   84.0   85.0   86.0   87.0   88.0   89.0   
 90.0   91.0   92.0   93.0   94.0   95.0   96.0   97.0   98.0   99.0   
 100.0  101.0  102.0  103.0  104.0  105.0  106.0  107.0  108.0  109.0  
 110.0  111.0  112.0  113.0  114.0  115.0  116.0  117.0  118.0  119.0  
 120.0  121.0  122.0  123.0  124.0  125.0  126.0  127.0  128.0  129.0  
 130.0  131.0  132.0  133.0  134.0  135.0  136.0  137.0  138.0  139.0  
 140.0  141.0  142.0  143.0  144.0  145.0  146.0  147.0  148.0  149.0  
 150.0  151.0  152.0  153.0  154.0  155.0  156.0  157.0  158.0  159.0  
 160.0  161.0  162.0  163.0  164.0  165.0  166.0  167.0  168.0  169.0  
 170.0  171.0  172.0  173.0  174.0  175.0  176.0  177.0  178.0  179.0  
 180.0  
0.0    22.5   45.0   67.5   90.0   112.5  135.0  157.5  180.0  202.5  
 225.0  247.5  270.0  292.5  315.0  337.5  360.0  
2479.4 2517.9 2529.9 2578.3 2623.9 2670.4 2728.3 2774.5 2816.6 2868.1 
 2884.1 2923.2 2917.1 2946.9 2955.1 2988.4 2982.7 3034.8 3039.6 3094.7 
 3112.5 3182.2 3191.8 3253.6 3270.8 3281.3 3284.8 3317.1 3342.9 3333.8 
 3358.2 3372.1 3361.3 3399.2 3432.4 3433.8 3428.9 3442.5 3451.1 3428.2 
 3474.1 3429.9 3443.6 3483.3 3581.3 3535.1 3562 3500.2 3535.5 3488.9 
 3415.8 3398.4 3414.1 3403.2 3424.3 3459.4 3464.8 3402.6 3342 3424.8 
 3471.4 3409.8 3370.6 3341.3 3313.3 3294.8 3293.6 3268.8 3207.5 3156.2 
 3106.7 3056.2 3025.1 2990.7 2960.2 2954.2 2923.2 2888.8 2911.9 2838.4 
 2751.7 2739.4 2698.3 2642.2 2551 2489.2 2484.3 2326.7 2042.1 1735.7 
 1453.6 1336.2 1298.3 1291.7 1296.2 1287.2 1259.1 1203 1127 1062.8 
 1023.8 995.06 960.54 921.63 903.27 934.42 942.31 907.33 852.25 794.33 
 741.18 691.23 644.51 602.1 560.78 521.6 488.67 460.07 434.79 413.25 
 393.11 374.49 356.15 337.99 320.84 303.5 286.95 270.16 253.71 236.95 
 221.24 205.88 190.53 175.09 160.49 146.86 134.06 123.21 113.65 105.32 
 98.279 91.779 86.066 80.837 76.018 71.403 66.892 62.576 58.521 54.074 
 50.471 47.693 45.223 42.957 40.892 38.726 36.649 34.565 32.586 30.685 
 28.764 26.926 25.221 23.577 22.057 20.714 19.418 18.147 16.994 15.976 
 15.078 14.503 14.73 15.034 15.343 15.673 16.001 16.327 16.67 17.013 
 17.328 
2479.4 2505.6 2507.4 2568.9 2590.7 2635.9 2700.1 2730.7 2784.9 2814 
 2873.9 2888.9 2928 2922.5 2933.2 2952.7 2949.9 2977.5 2988.7 3045.8 
 3046.7 3104.3 3098 3154.4 3124 3177.7 3175.3 3186.9 3193.9 3230.5 
 3257.4 3248.8 3246.3 3311 3291.2 3318.6 3323.2 3357.3 3357.4 3328.3 
 3294.2 3287.6 3291.1 3276.5 3278.9 3323.2 3326.6 3336.1 3358.8 3348.6 
 3352.9 3281 3254.6 3245.4 3221.1 3221.3 3240.3 3245.9 3234.7 3212.3 
 3196.3 3209.6 3224.4 3215.6 3183.5 3159.1 3139.8 3101.1 3070.2 3044.9 
 3010.3 2982.1 2944.4 2898.1 2849.9 2799.2 2771.9 2747.7 2713.9 2704.4 
 2640.5 2588.2 2564.2 2520.2 2476.2 2391.5 2348.1 2298.3 2231.8 2190.8 
 2160.1 2111.8 2074.4 2033.3 1968.7 1897.3 1825.9 1755.5 1679.6 1604.7 
 1539.3 1480.1 1424.5 1356.9 1279.5 1200.4 1125.7 1049.3 971.55 896.14 
 821.63 752.29 687.24 630.24 579.43 534.97 495.18 460.64 428.92 401.14 
 373.36 349.15 325.44 304.4 284.25 265.11 247.18 229.52 212.95 197.22 
 182.82 169.35 156.85 145.25 134.38 124.36 115.17 106.91 99.469 92.847 
 86.801 81.21 76.189 71.672 67.546 63.772 60.033 55.621 52.07 48.889 
 45.921 43.205 40.837 38.523 36.464 34.455 32.502 30.682 28.831 27.064 
 25.278 23.635 22.054 20.648 19.396 18.215 17.09 16 14.96 14.096 
 13.618 13.918 14.263 14.588 14.922 15.253 15.586 15.902 16.226 16.57 
 17.328 
2479.4 2490.1 2497.6 2529 2567.4 2582.3 2639.1 2670.5 2702 2705.1 
 2760.4 2798.4 2816.7 2834.5 2831.9 2850.8 2885 2841.1 2841.2 2877.4 
 2876.9 2897 2892.3 2891.7 2935.7 2924.4 2919.1 2937 2923.6 2942.8 
 2948.1 2920 2928.2 2943.4 2931.4 2940.1 2928.2 2915.2 2929.5 2911.9 
 2920.6 2897.2 2902.3 2894.6 2872.6 2886.4 2842 2822.9 2773.8 2757 
 2715.7 2659.9 2618.4 2594.6 2579.1 2540.4 2524.3 2472 2436.8 2418.3 
 2408.2 2393.7 2376.3 2362.8 2357.4 2341.9 2324.5 2307.7 2280 2249.7 
 2217.3 2189.6 2156.6 2124.8 2094.9 2063.2 2037 1999.7 1958.4 1911 
 1870.9 1815.2 1768.7 1730.4 1690.4 1640.6 1595.3 1545.9 1494.6 1446.8 
 1392.4 1332.2 1282 1232.1 1177.2 1123.7 1068.6 1017.3 969.26 917.47 
 866.47 814.32 759.21 704.75 653.81 610.05 569.58 532.46 499.8 468.72 
 440.42 415.36 393.04 372.44 354.07 336.78 321.11 305.91 291.07 276.45 
 261.91 247.82 233.27 218.86 205.27 191.69 178.15 164.88 152.62 141.11 
 130.74 121.19 112.45 104.44 96.737 89.916 83.49 77.839 72.782 68.18 
 63.289 59.7 56.241 53.121 50.065 47.209 43.943 41.171 38.588 35.918 
 33.804 31.91 29.977 28.338 26.665 25.188 23.697 22.343 21.043 19.897 
 18.732 17.603 16.554 15.573 14.756 13.997 13.465 13.191 13.37 13.648 
 13.932 14.215 14.519 14.863 15.22 15.552 15.862 16.159 16.515 16.81 
 17.328 
2479.4 2461.3 2481.3 2508.2 2501.5 2523.5 2540.6 2548.6 2564.8 2583.3 
 2591.7 2598.6 2616.2 2618.4 2640.8 2662.6 2649.3 2654.6 2662.8 2670.4 
 2677.2 2682.4 2677.3 2660.1 2652.3 2650.6 2638.3 2618.2 2595.4 2580.7 
 2562.5 2546.6 2514.1 2498.7 2490.8 2462.5 2431.7 2418.6 2392.1 2362.6 
 2340 2319.5 2285.7 2267.3 2239.2 2200.7 2180.9 2141.6 2107.1 2083.7 
 2048.8 2020 1992.7 1953.2 1928.6 1907.3 1878.2 1850.4 1823.7 1797.3 
 1764.5 1744.5 1690.1 1680.2 1626.3 1592 1516.3 1405.9 1322.7 1263 
 1217.8 1177.1 1136.6 1101 1068.4 1038.9 1007.6 965.66 921.57 883.42 
 848.87 819.55 784.07 744.15 703.92 666.45 630.49 596.21 562.77 525.35 
 493.83 464.24 435.16 408 382.83 357.67 333.23 309.5 286.85 265.42 
 245.77 228.37 212.78 198.91 186.82 175.94 166.49 157.81 149.7 142.29 
 135.28 128.7 122.69 116.99 111.71 106.5 101.54 96.658 91.779 86.989 
 81.901 76.753 71.42 65.932 61.003 56.48 51.991 47.897 44.619 41.984 
 39.475 37.248 35.353 33.266 31.399 29.91 28.202 26.724 25.316 24.065 
 22.978 21.926 20.951 20.091 19.341 18.696 18.072 17.509 16.977 16.466 
 15.989 15.544 15.144 14.705 14.258 13.799 13.507 13.494 13.507 13.54 
 13.593 13.671 13.767 13.88 14.021 14.17 14.353 14.553 14.763 15.008 
 15.235 15.45 15.675 15.896 16.174 16.563 16.818 17.057 17.29 17.536 
 17.328 
2479.4 2491.4 2478.9 2483.6 2487.6 2498.8 2472.6 2470.7 2487.8 2482.7 
 2455.1 2455 2442.8 2440.2 2423.5 2401.6 2386.5 2378.3 2366 2351 
 2331 2323.4 2305.1 2282.6 2259.9 2231.3 2206.7 2173 2144.2 2114.2 
 2080.5 2046.3 2010.5 1973.5 1936.9 1901.2 1860.8 1819.7 1775.9 1732.1 
 1686.4 1640.2 1594.3 1549.2 1504.3 1461.1 1420 1381 1345.1 1312.1 
 1282 1254.5 1227.8 1201.8 1175.3 1149.2 1121.5 1095.4 1067.8 1039 
 1009.3 978.78 947.04 913.9 880.22 844.87 806.33 764.92 721.24 676.44 
 628.84 581.28 531.58 483.15 434.52 388.37 342.26 299.85 260.52 224.81 
 192.63 164.26 138.91 116.73 97.656 81.199 67.625 56.296 47.592 40.78 
 35.562 31.782 29.614 28.35 27.551 27.464 27.942 28.859 30.27 31.835 
 33.353 34.789 35.84 36.728 37.329 37.727 37.893 37.814 37.639 37.312 
 36.716 36.037 35.29 34.476 33.5 32.498 31.543 30.471 29.312 28.066 
 26.66 25.164 23.528 21.874 20.234 17.003 14.614 13.859 13.975 14.15 
 14.347 14.546 14.722 14.93 15.164 15.383 15.611 15.836 16.06 16.286 
 16.494 16.714 16.929 17.137 17.335 17.531 17.718 17.901 18.088 18.256 
 18.421 18.595 18.771 18.913 19.074 19.219 19.381 19.509 19.651 19.782 
 19.912 20.048 20.164 20.288 20.385 20.482 20.586 20.69 20.774 20.852 
 20.884 20.897 20.91 20.936 20.955 21.007 21.066 21.104 21.098 21.098 
 17.328 
2479.4 2489.7 2436.7 2422.7 2406.2 2373.1 2338.2 2320.7 2290.1 2258.8 
 2222.4 2179 2147.4 2105.8 2075.6 2022.8 1971.7 1931.8 1892.2 1849.3 
 1799.7 1749.9 1701.3 1647.1 1591.4 1534.5 1478.7 1417.8 1354.4 1297.2 
 1237.1 1178.6 1124.5 1069.4 1018.1 968.33 920.8 873.31 827.4 784.8 
 742.56 702.25 664.73 629.15 596.75 566.97 540.1 515.39 493.71 474 
 456.52 440.77 426.26 412.2 399.11 386.65 373.29 359.31 342.95 327.92 
 314.82 302.65 290.1 277.76 265.14 250.23 237.42 224.65 211.57 198.05 
 184.53 171.69 158.28 146.12 133.98 122.45 111.79 101.8 92.674 84.361 
 77.163 70.982 65.445 60.7 56.746 53.347 50.52 48.172 46.36 44.743 
 43.26 41.695 40.37 39.277 38.318 37.463 36.406 35.443 34.781 34.024 
 33.183 32.304 31.71 31.164 30.657 30.118 29.442 28.771 28.171 27.745 
 27.368 27.065 26.802 26.499 26.144 25.702 25.212 24.761 24.275 23.788 
 23.273 22.732 22.173 21.551 20.847 20.386 20.115 19.919 19.833 19.807 
 19.813 19.897 19.988 20.104 20.215 20.363 20.499 20.642 20.778 20.89 
 21.012 21.117 21.221 21.305 21.402 21.473 21.538 21.584 21.642 21.675 
 21.714 21.759 21.792 21.837 21.857 21.876 21.883 21.883 21.883 21.883 
 21.883 21.883 21.883 21.889 21.857 21.793 21.741 21.695 21.623 21.501 
 21.364 21.198 21.042 20.916 20.8 20.69 20.579 20.482 20.378 20.281 
 17.328 
2479.4 2455.9 2413.5 2335.2 2326.3 2246.6 2201.3 2163.2 2085.6 2017.5 
 1967.8 1904.2 1839.9 1763.4 1677.8 1598.3 1517.7 1435.3 1359.4 1276.6 
 1191.4 1109.9 1032.9 959.06 890.02 826.11 770.19 717.54 671.55 631.07 
 592.04 556.68 524.68 495.29 467.92 442.04 418.08 395.99 373.89 351.74 
 323.23 294.34 277 262.13 247.94 234.16 220.47 207.93 190.87 177.67 
 167.08 156.81 147.53 138.17 126.53 118.5 110.8 103.27 95.13 88.49 
 82.001 75.589 69.57 63.452 57.766 52.025 46.342 41.508 36.741 32.524 
 29.23 28.099 27.225 26.439 25.713 25.034 24.384 23.776 23.183 22.676 
 22.229 21.914 21.707 21.591 21.506 21.435 21.435 21.435 21.449 21.494 
 21.586 21.701 21.805 21.837 21.837 21.817 21.779 21.779 21.786 21.812 
 21.877 21.948 22.053 22.157 22.272 22.383 22.474 22.558 22.636 22.668 
 22.714 22.759 22.805 22.902 23.006 23.129 23.252 23.382 23.499 23.629 
 23.759 23.875 23.98 24.084 24.199 24.278 24.375 24.459 24.543 24.621 
 24.699 24.789 24.854 24.933 25.017 25.069 25.14 25.185 25.185 25.185 
 25.191 25.172 25.165 25.159 25.145 25.107 25.061 25.003 24.918 24.821 
 24.749 24.653 24.568 24.489 24.385 24.288 24.164 24.042 23.911 23.755 
 23.621 23.471 23.31 23.133 22.931 22.705 22.479 22.264 22.012 21.751 
 21.471 21.179 20.902 20.643 20.415 20.176 19.961 19.734 19.527 19.332 
 17.328 
2479.4 2423.9 2364.1 2329.4 2234 2159.3 2087.5 2009.9 1941.2 1845.5 
 1754.2 1662.6 1564.3 1469.6 1372.5 1270.4 1167 1065.9 970.87 887.15 
 809.66 742.69 683.47 632.87 588.99 550.88 516.41 485.49 456.71 429.52 
 402.62 377.65 348.51 309.07 283.41 264.42 244.6 227 212.17 194.2 
 176.22 161.72 151.57 141.51 132.35 124.41 115.84 109.48 103.6 97.573 
 91.771 86.752 81.623 76.348 71.129 65.677 60.492 54.13 48.682 41.095 
 35.322 29.314 24.03 17.606 11.966 11.416 11.71 12.038 12.377 12.724 
 13.097 13.458 13.839 14.232 14.606 14.98 15.374 15.751 16.128 16.491 
 16.846 17.176 17.48 17.775 18.059 18.349 18.654 18.964 19.151 19.332 
 19.591 19.877 20.149 20.52 21.031 21.443 21.79 22.063 22.211 22.323 
 22.402 22.615 23.063 23.455 23.907 24.364 24.752 25.029 25.28 25.443 
 25.618 25.774 25.918 26.054 26.19 26.331 26.468 26.604 26.722 26.826 
 26.929 27.021 27.099 27.176 27.241 27.312 27.358 27.435 27.494 27.546 
 27.566 27.585 27.604 27.631 27.657 27.663 27.683 27.695 27.689 27.689 
 27.657 27.599 27.547 27.502 27.45 27.346 27.235 27.1 26.938 26.77 
 26.588 26.407 26.223 26.024 25.803 25.563 25.331 25.077 24.804 24.537 
 24.261 23.992 23.713 23.414 23.087 22.77 22.455 22.179 21.866 21.546 
 21.219 20.858 20.52 20.194 19.915 19.611 19.304 19.01 18.718 18.459 
 17.328 
2479.4 2416.6 2346.6 2305.1 2217.5 2144.2 2046.5 1973.5 1884.1 1786.5 
 1685.5 1575.9 1471.6 1366.9 1260.8 1153.9 1047 946.78 856.69 778.81 
 709.03 649.89 601.46 560.74 523.55 490.69 461.65 432.8 406.15 377.35 
 348.44 308.87 283.5 261.35 243.59 228.61 210.34 195.42 175.95 163.9 
 154.08 145.08 135.95 127.05 119.68 114.01 108.69 103.69 99.761 96.225 
 92.955 89.927 85.425 80.594 74.688 67.089 59.835 51.9 45.644 39.706 
 31.148 21.164 13.713 13.388 13.731 14.117 14.539 14.968 15.414 15.875 
 16.363 16.797 17.234 17.661 18.002 17.782 17.708 18.042 18.096 17.516 
 17.515 17.896 18.283 18.654 19.027 19.405 19.765 20.093 20.422 20.743 
 21.027 21.301 21.623 21.919 22.214 22.501 22.783 23.079 23.363 23.604 
 23.792 24.025 24.241 24.66 25.029 25.042 25.069 25.218 25.413 25.639 
 25.699 25.834 25.959 26.074 26.185 26.29 26.405 26.508 26.593 26.658 
 26.71 26.762 26.807 26.859 26.885 26.937 26.976 27.041 27.086 27.105 
 27.105 27.105 27.105 27.112 27.086 27.086 27.086 27.066 27.046 27.014 
 26.955 26.898 26.833 26.833 26.825 26.767 26.695 26.567 26.416 26.233 
 26.065 25.89 25.709 25.508 25.326 25.118 24.877 24.639 24.38 24.124 
 23.853 23.578 23.306 22.99 22.649 22.29 21.986 21.687 21.382 21.026 
 20.664 20.286 19.913 19.565 19.239 18.916 18.591 18.261 17.928 17.626 
 17.328 
2479.4 2412.3 2350.4 2310.4 2223.3 2151.5 2084.2 1996.5 1924.5 1829.9 
 1739.6 1647.3 1544.9 1449.1 1351.4 1251.3 1149.8 1053.4 958.93 873.64 
 795.82 728.54 670.33 620.29 578.52 541.44 509.01 478.45 450.29 422.68 
 395.77 370.93 339.49 300.93 277.77 257.94 238.87 221.22 206.44 191.7 
 169.59 156.93 147.14 137.52 128.76 120.16 112.36 105.96 99.893 93.719 
 88.051 82.811 77.553 72.368 66.657 61.199 55.378 49.21 42.723 36.456 
 30.084 24.953 20.016 13.252 11.127 11.39 11.674 11.999 12.33 12.673 
 13.02 13.386 13.753 14.115 14.483 14.845 15.219 15.577 15.925 16.292 
 16.632 16.96 17.264 17.56 17.847 18.141 18.45 18.782 19.096 19.286 
 19.434 19.712 20.004 20.34 20.888 21.255 21.574 21.863 21.87 21.908 
 21.768 21.837 22.184 22.821 23.392 24.053 24.425 24.651 24.802 24.885 
 24.893 24.893 24.944 25.016 24.585 24.275 24.264 24.29 24.335 24.445 
 24.554 24.64 24.73 24.828 24.918 25.002 25.074 25.164 25.236 25.295 
 25.34 25.385 25.425 25.451 25.483 25.528 25.561 25.6 25.607 25.619 
 25.62 25.607 25.542 25.49 25.425 25.335 25.302 25.844 25.943 25.944 
 25.705 25.499 25.257 25.024 24.777 24.513 24.238 23.96 23.669 23.359 
 23.071 22.776 22.481 22.172 21.84 21.51 21.206 20.923 20.608 20.288 
 19.935 19.59 19.245 18.94 18.639 18.35 18.038 17.741 17.433 17.161 
 17.328 
2479.4 2438.4 2395.6 2332 2313.3 2226.4 2184.1 2130.6 2056.7 1985.8 
 1930.2 1859.6 1781.1 1703.4 1626.7 1549.2 1464.3 1382.2 1303.4 1225.2 
 1145 1069.6 999.06 926.97 858.13 794.13 736.42 686.73 644.6 605.83 
 569.11 534.36 503.33 474.27 448.24 423.71 400.91 378.14 357.31 332.95 
 303.88 280.48 264.35 249.84 235.77 221.9 208.79 194.16 178.41 167.35 
 157.4 147.99 138.86 127.23 118.97 111.25 103.54 95.43 88.757 82.123 
 75.588 69.582 63.623 57.776 52.236 46.507 41.308 36.503 32.057 29.395 
 28.301 27.316 26.366 25.471 24.678 23.946 23.297 22.734 22.211 21.807 
 21.448 21.118 20.863 20.715 20.603 20.494 20.455 20.455 20.455 20.455 
 20.455 20.482 20.501 20.501 20.507 20.507 20.507 20.514 20.56 20.631 
 20.716 20.851 20.949 21.06 21.175 21.279 21.384 21.5 21.598 21.689 
 21.785 21.85 21.948 22.033 22.111 22.202 22.291 22.382 22.467 22.505 
 22.388 21.831 21.578 21.61 21.63 21.714 21.786 21.877 21.961 22.039 
 22.143 22.233 22.337 22.415 22.505 22.577 22.655 22.733 22.791 22.797 
 22.797 22.797 22.791 22.791 22.745 22.706 22.66 22.589 22.505 22.401 
 22.297 22.18 22.071 21.967 22.008 22.404 22.544 22.459 22.264 22.07 
 21.863 21.641 21.412 21.175 20.921 20.65 20.382 20.146 19.887 19.616 
 19.352 19.065 18.801 18.56 18.34 18.112 17.887 17.666 17.445 17.264 
 17.328 
2479.4 2465.8 2427.1 2402.3 2382 2346.4 2300 2287.7 2253.1 2193.2 
 2152.9 2124.9 2080.6 2039.2 1997.1 1942.9 1900 1857.9 1807.6 1764.1 
 1715.9 1655.5 1596.3 1537.8 1478.6 1421 1360.8 1299.9 1241.4 1183.2 
 1127.3 1074.2 1021.8 971.63 922.89 875.95 830.85 785.66 743.14 702.18 
 662.85 626.26 592.37 561.08 532.48 507.56 483.29 460.7 440.58 422.47 
 405.73 390.55 376.13 362.21 348.72 335.45 320.66 305.56 291.09 278.17 
 265.68 253.37 241.2 227.42 214.43 202.76 191.1 178.33 166.03 154.35 
 142.26 131.26 120.41 110.21 100.76 91.97 84.02 77.087 71.145 66.029 
 61.358 57.411 54.146 51.377 48.921 47.037 45.484 44.024 42.733 41.447 
 40.298 39.187 38.117 37.023 35.914 34.944 34.171 33.439 32.798 32.1 
 31.288 30.481 29.749 29.096 28.465 27.873 27.241 26.617 26.011 25.532 
 25.159 24.754 24.333 23.9 23.476 23.121 22.835 22.577 22.333 22.104 
 21.854 21.582 21.202 20.765 20.333 19.849 19.314 18.912 18.691 18.555 
 18.471 18.444 18.464 18.541 18.639 18.754 18.872 19.007 19.13 19.222 
 19.319 19.378 19.378 19.385 19.283 19.281 19.281 19.294 19.301 19.301 
 19.301 19.307 19.307 19.32 19.339 19.365 19.494 19.604 19.76 19.94 
 20.007 20.04 20.034 19.97 19.834 19.704 19.581 19.547 19.438 19.259 
 19.1 18.914 18.763 18.621 18.491 18.355 18.237 18.089 17.953 17.873 
 17.328 
2479.4 2487.7 2484.5 2478.4 2484.7 2479.1 2447.9 2464.1 2445.4 2422 
 2415.9 2407.4 2392.3 2377 2357.7 2348 2338.9 2325 2300.5 2282.9 
 2269.5 2243.3 2206.8 2174.5 2146.2 2110.2 2080.8 2046.5 2011.7 1974.7 
 1938.9 1902 1862.6 1822.9 1780.9 1739.7 1696.6 1650.8 1603.6 1558 
 1511.5 1465.7 1419.6 1375.8 1334.4 1294.7 1259.5 1225.2 1192.7 1161.5 
 1132 1101.6 1073 1044.1 1011.8 981.12 948.91 916.33 885.81 853.13 
 819.34 784.7 750.53 713.32 674 633.88 592.06 550.78 509.07 467.35 
 425.72 385.6 346.81 309.35 274.41 242.26 213.07 188.85 164.67 143.85 
 125.11 108.06 93.171 80.033 68.668 58.96 50.957 44.533 39.554 36.117 
 33.658 31.995 30.87 30.59 30.854 31.47 32.485 33.653 34.783 35.838 
 36.713 37.367 37.82 38.067 38.197 38.173 37.924 37.479 36.852 36.126 
 35.196 34.198 33.112 32.097 30.942 29.768 28.606 27.464 26.354 25.27 
 24.206 23.084 21.874 20.53 18.345 16.119 14.602 13.278 12.915 13.026 
 13.215 13.389 13.589 13.791 14.006 14.22 14.454 14.673 14.905 15.135 
 15.352 15.583 15.803 16.024 16.267 16.459 16.693 16.893 17.113 17.319 
 17.522 17.729 17.929 18.126 18.312 18.508 18.703 18.864 19.051 19.242 
 19.415 19.598 19.752 19.903 20.027 20.136 20.253 20.364 20.454 20.539 
 20.63 20.727 20.844 20.902 20.929 20.948 20.993 21.02 21.052 21.072 
 17.328 
2479.4 2479.4 2505.2 2519 2518.3 2530.7 2535 2546.2 2566 2556.1 
 2557.7 2572.3 2580.5 2591.7 2602.6 2607.4 2601.3 2612.2 2626.3 2631.3 
 2633.2 2621.3 2604.4 2596 2587 2558.8 2528 2510.6 2491 2460.7 
 2440.4 2412.6 2388.4 2375.2 2343 2317.9 2305.1 2274.6 2243.8 2222 
 2187.2 2161.7 2142.9 2102.7 2075 2046.6 2010.8 1980.5 1941.6 1909.4 
 1880.6 1853 1828 1791.9 1770.5 1736.1 1714.4 1682 1644.2 1620.9 
 1574 1556.8 1501.4 1463.8 1375.4 1288.4 1221.6 1172 1131.3 1094.2 
 1057.9 1025 997.86 970.02 936.39 898.76 860.42 826.86 793.62 761.37 
 726.73 692.02 658.46 622.17 587.56 553.97 521.01 488.01 455.94 424.91 
 397.18 369.46 344.59 321.91 300.9 282.95 266.25 251.01 236.34 222.51 
 210.17 199.2 189.28 179.9 171.34 163.06 155.26 148.04 140.89 134.35 
 128.21 122.4 116.67 111.46 106.31 101.29 96.463 91.927 87.423 82.977 
 78.413 74.081 69.921 65.511 61.797 58.219 54.678 51.312 48.501 45.814 
 43.068 40.667 38.568 36.503 34.718 33.189 31.649 30.177 28.804 27.552 
 26.442 25.381 24.435 23.562 22.821 22.157 21.567 21.013 20.442 19.936 
 19.431 18.978 18.58 18.203 17.859 17.507 17.17 16.938 16.842 16.881 
 16.953 17.024 17.149 17.279 17.44 17.622 17.823 18.024 18.259 18.494 
 18.726 18.933 19.094 19.229 19.359 19.491 19.639 19.775 19.912 20.06 
 17.328 
2479.4 2500.2 2522 2542.4 2570.9 2590.1 2644.5 2673.4 2693.8 2694.3 
 2747.3 2773.4 2799.1 2808.3 2813.6 2827 2837.3 2800.1 2836.9 2853 
 2848.3 2869.9 2845.1 2859 2891.7 2879.4 2896.5 2892.7 2872.5 2878.3 
 2867 2848.9 2867 2851.4 2841.2 2846.7 2826.5 2838.1 2811.7 2812.6 
 2789.5 2797.4 2799.9 2772.9 2778.5 2733.7 2728.7 2668.1 2644.3 2588.3 
 2542.4 2492.1 2481.4 2455.2 2433 2397.4 2349.1 2324 2312.8 2301.4 
 2287.5 2273.5 2267.9 2258.9 2240.5 2222.3 2202 2170.3 2143.1 2115.7 
 2081.3 2043.3 2014.1 1984.1 1957 1921.8 1881.9 1836.8 1797.3 1750 
 1702.9 1666.3 1628 1588 1542.3 1500.2 1445.2 1393.2 1342.8 1287.3 
 1233.4 1182.4 1132.6 1085.1 1035.5 984.2 933.83 886.25 838.59 789.62 
 740.41 690.58 643.52 600.58 564.16 530.51 498.17 470.33 444.13 421.21 
 399.97 380.23 361.91 344.77 328.54 312.77 297.79 282.88 267.92 253.32 
 238.61 224.38 210.04 196.75 183.18 170.05 157.7 145.87 135.16 125.46 
 116.44 108.05 100.36 93.515 87.161 81.694 76.661 72.371 68.546 65.025 
 61.012 57.691 54.376 51.33 48.472 45.81 43.107 40.761 38.676 36.611 
 34.869 33.219 31.634 30.142 28.717 27.366 26.047 24.79 23.599 22.546 
 21.579 20.653 19.772 18.986 18.248 17.582 16.953 16.364 16.33 16.58 
 16.832 17.087 17.334 17.545 17.787 18.015 18.254 18.474 18.691 18.917 
 17.328 
2479.4 2510.6 2519 2583.9 2603.6 2649.1 2702.8 2726 2778.6 2803.6 
 2866.4 2886.2 2931.1 2921.2 2943.2 2943.5 2942.3 2947.8 2972.5 3016.4 
 3030.2 3076.7 3075.8 3120.4 3103 3148.5 3147.9 3155.2 3169.4 3193.7 
 3221.5 3205.2 3228.4 3263.4 3255.6 3270.1 3286.6 3309.5 3291.9 3270.1 
 3250 3262.8 3247.2 3244.7 3253.2 3279.7 3259.2 3292.5 3282.9 3301.9 
 3249.4 3201 3186.9 3169.3 3154.1 3167.9 3180.8 3178.3 3161.3 3140.9 
 3146.4 3164.4 3160.8 3126.1 3098.7 3078.2 3040.6 3011.5 2986.4 2950.2 
 2917 2880.7 2836.7 2789.7 2745.6 2717.5 2696.2 2658.5 2650.8 2590.6 
 2538.3 2510.7 2465.3 2424.5 2343.4 2298.8 2252.5 2186.2 2142.5 2109.2 
 2055.7 2012.3 1966.9 1906.3 1844.8 1779.1 1707.3 1631.4 1560 1495.6 
 1440.9 1386.8 1324 1251.5 1176.8 1101.2 1021.8 941.58 860.95 786.05 
 715.67 654.12 599.34 549.82 507.36 470.11 435.77 406.14 380.8 355.48 
 334.13 313.91 294.35 276.42 259.04 242.5 227.43 212.65 198.48 185.18 
 172.3 159.5 147.62 136.6 126.46 117.32 108.99 101.48 94.85 88.795 
 83.417 78.327 73.765 69.594 65.841 62.286 58.923 55.138 51.523 48.64 
 45.975 43.487 41.335 39.333 37.484 35.743 34.004 32.281 30.563 28.917 
 27.292 25.723 24.205 22.805 21.576 20.379 19.261 18.182 17.176 16.277 
 15.474 15.573 15.849 16.139 16.459 16.74 17.044 17.335 17.622 17.919 
 17.328 
2479.4 2517.9 2529.9 2578.3 2623.9 2670.4 2728.3 2774.5 2816.6 2868.1 
 2884.1 2923.2 2917.1 2946.9 2955.1 2988.4 2982.7 3034.8 3039.6 3094.7 
 3112.5 3182.2 3191.8 3253.6 3270.8 3281.3 3284.8 3317.1 3342.9 3333.8 
 3358.2 3372.1 3361.3 3399.2 3432.4 3433.8 3428.9 3442.5 3451.1 3428.2 
 3474.1 3429.9 3443.6 3483.3 3581.3 3535.1 3562 3500.2 3535.5 3488.9 
 3415.8 3398.4 3414.1 3403.2 3424.3 3459.4 3464.8 3402.6 3342 3424.8 
 3471.4 3409.8 3370.6 3341.3 3313.3 3294.8 3293.6 3268.8 3207.5 3156.2 
 3106.7 3056.2 3025.1 2990.7 2960.2 2954.2 2923.2 2888.8 2911.9 2838.4 
 2751.7 2739.4 2698.3 2642.2 2551 2489.2 2484.3 2326.7 2042.1 1735.7 
 1453.6 1336.2 1298.3 1291.7 1296.2 1287.2 1259.1 1203 1127 1062.8 
 1023.8 995.06 960.54 921.63 903.27 934.42 942.31 907.33 852.25 794.33 
 741.18 691.23 644.51 602.1 560.78 521.6 488.67 460.07 434.79 413.25 
 393.11 374.49 356.15 337.99 320.84 303.5 286.95 270.16 253.71 236.95 
 221.24 205.88 190.53 175.09 160.49 146.86 134.06 123.21 113.65 105.32 
 98.279 91.779 86.066 80.837 76.018 71.403 66.892 62.576 58.521 54.074 
 50.471 47.693 45.223 42.957 40.892 38.726 36.649 34.565 32.586 30.685 
 28.764 26.926 25.221 23.577 22.057 20.714 19.418 18.147 16.994 15.976 
 15.078 14.503 14.73 15.034 15.343 15.673 16.001 16.327 16.67 17.013 
 17.328 
