IESNA:LM-63-2002
[TEST] 1
[TESTLAB] 
[TESTDATE] 2025-06-16
[ISSUEDATE] 2025-06-16 09:06:34
[LAMPPOSITION] 0,0
[OTHER] EVERFINE GO-2000A_V1 SYSTEM
[MANUFAC] 
[LUMINAIRE] 90W-5000K
[LAMP] WP09A-14-120L-S2D4C3
TILT=NONE
1 9725.7 1 181 17 1 2 0.190 0.300 0.000
1.000 1 60.4294
0.0    1.0    2.0    3.0    4.0    5.0    6.0    7.0    8.0    9.0    
 10.0   11.0   12.0   13.0   14.0   15.0   16.0   17.0   18.0   19.0   
 20.0   21.0   22.0   23.0   24.0   25.0   26.0   27.0   28.0   29.0   
 30.0   31.0   32.0   33.0   34.0   35.0   36.0   37.0   38.0   39.0   
 40.0   41.0   42.0   43.0   44.0   45.0   46.0   47.0   48.0   49.0   
 50.0   51.0   52.0   53.0   54.0   55.0   56.0   57.0   58.0   59.0   
 60.0   61.0   62.0   63.0   64.0   65.0   66.0   67.0   68.0   69.0   
 70.0   71.0   72.0   73.0   74.0   75.0   76.0   77.0   78.0   79.0   
 80.0   81.0   82.0   83.0   84.0   85.0   86.0   87.0   88.0   89.0   
 90.0   91.0   92.0   93.0   94.0   95.0   96.0   97.0   98.0   99.0   
 100.0  101.0  102.0  103.0  104.0  105.0  106.0  107.0  108.0  109.0  
 110.0  111.0  112.0  113.0  114.0  115.0  116.0  117.0  118.0  119.0  
 120.0  121.0  122.0  123.0  124.0  125.0  126.0  127.0  128.0  129.0  
 130.0  131.0  132.0  133.0  134.0  135.0  136.0  137.0  138.0  139.0  
 140.0  141.0  142.0  143.0  144.0  145.0  146.0  147.0  148.0  149.0  
 150.0  151.0  152.0  153.0  154.0  155.0  156.0  157.0  158.0  159.0  
 160.0  161.0  162.0  163.0  164.0  165.0  166.0  167.0  168.0  169.0  
 170.0  171.0  172.0  173.0  174.0  175.0  176.0  177.0  178.0  179.0  
 180.0  
0.0    22.5   45.0   67.5   90.0   112.5  135.0  157.5  180.0  202.5  
 225.0  247.5  270.0  292.5  315.0  337.5  360.0  
2489.2 2509.9 2505.4 2539.3 2573.6 2607.8 2654.7 2697.1 2725.9 2769.9 
 2778 2798.5 2792.4 2811.4 2806.3 2830.7 2822.1 2860.8 2868.8 2910.6 
 2945 2998.3 3028.5 3077.6 3107.9 3118.1 3137.4 3174.9 3210.3 3222.6 
 3252 3273.4 3283.6 3321.9 3369.4 3374.6 3396.3 3416.2 3447.8 3437.9 
 3492.4 3468.2 3488.9 3540.2 3634.6 3609.6 3621.4 3581.7 3618.2 3586.1 
 3524.5 3523.1 3538.1 3517.9 3545.7 3591.3 3595.3 3529.2 3462.9 3546.4 
 3597 3534.4 3483.6 3443.5 3412.3 3399 3402 3370.5 3302.7 3257.8 
 3216.2 3165.6 3136.7 3100.4 3074.7 3062.9 3016.3 2982.1 3009.7 2936.2 
 2850 2846.4 2805.3 2753.3 2666.3 2604.9 2597.8 2450.6 2139.3 1781.9 
 1505.5 1390.6 1342.1 1321.9 1338.5 1347 1319.4 1254.1 1168.4 1107 
 1068.3 1035.3 997.06 956.3 936.67 965.18 971.05 934.68 877.21 821.16 
 767.06 716.3 667.46 622.53 579.8 539.61 506.18 476.81 451.06 428.55 
 407.94 388.34 368.8 350.06 332.08 314.65 297.46 280.53 263.74 246.79 
 230.6 214.51 198.78 183.05 167.78 153.55 140.33 129.04 119.06 110.26 
 102.79 96.033 89.92 84.51 79.357 74.388 69.627 65.09 60.844 56.18 
 52.388 49.526 46.961 44.566 42.365 40.096 37.909 35.709 33.631 31.634 
 29.589 27.671 25.883 24.154 22.564 21.151 19.779 18.487 17.203 16.127 
 15.194 14.572 14.813 15.106 15.41 15.749 16.082 16.429 16.766 17.118 
 17.445 
2489.2 2545.1 2587.1 2709 2787.3 2837.6 2838.7 2760.7 2716.3 2733.3 
 2888 3068.4 3238.7 3241 3152.2 2993.1 2854.2 2861.6 2957.5 3165.4 
 3278.9 3366.1 3285.2 3207.1 3072.2 3086.7 3158.1 3298.9 3449.9 3553.3 
 3562.3 3453.6 3344.2 3307.6 3266.3 3325.4 3400 3486.4 3508.8 3441.5 
 3381.9 3329.9 3323.4 3320.5 3343.9 3399.3 3407.5 3422.9 3433.7 3418.2 
 3416.1 3351.6 3314.6 3306.4 3280.7 3270.3 3298.9 3321.8 3320.1 3305.2 
 3293.9 3310.6 3335.8 3333 3304.1 3272.6 3257.8 3215.7 3192.6 3184.3 
 3151.5 3102.4 3063.5 3014.3 2957.1 2904.6 2881.4 2859.7 2831.8 2818.6 
 2743.6 2699.7 2675.8 2628.6 2579.1 2492.3 2432.7 2369.5 2305.8 2266.8 
 2233.4 2183.9 2143.8 2097.9 2038.6 1974.8 1903.7 1824.7 1744.7 1667.4 
 1600.3 1542.7 1488.2 1417.5 1337 1253 1172.6 1090.6 1007.3 925.56 
 847.05 774.51 708.18 649.56 597.2 551.19 510.23 474.38 441.98 412.67 
 385.95 359.24 336.04 314.44 293.48 273.24 254.66 236.2 219.14 202.98 
 188.32 175.06 162.48 150.29 139.09 128.76 119.52 110.95 103.22 96.128 
 89.935 84.157 78.946 74.244 69.924 66.051 62.23 57.681 53.943 50.565 
 47.487 44.67 42.224 39.812 37.651 35.563 33.512 31.611 29.661 27.809 
 25.936 24.205 22.577 21.047 19.733 18.51 17.323 16.165 15.072 14.176 
 13.657 13.962 14.308 14.646 14.981 15.318 15.65 15.963 16.299 16.674 
 17.445 
2489.2 2573.6 2646.1 2670.6 2586.2 2554 2781.2 2920.9 2763.2 2592.5 
 2809 3073 2958.8 2724.6 2785.1 3073.4 3149.8 2892.8 2782 2983.3 
 3134.5 3057.7 2874.1 2861.2 3035.7 3091.6 3010.1 2921.7 2944.7 3067 
 3130.7 3049.9 2981 3004.1 3070 3125.2 3052.7 2957.1 2968 3007.9 
 3061 2984.7 2921.6 2926.7 2967.2 3020.6 2949.1 2882.4 2838.1 2849.9 
 2809.6 2741.5 2688.1 2656.1 2639.7 2605.7 2591.7 2548.9 2513.3 2490.2 
 2475.2 2457.7 2438 2427.9 2426.7 2415.7 2401.3 2383.8 2352.9 2322.4 
 2292.8 2269.9 2237.6 2200.8 2174.4 2150.3 2129 2090.1 2040.6 1983.4 
 1939.6 1879 1832.4 1791.2 1751.4 1708.7 1667.4 1621 1572.5 1520 
 1462.1 1395.5 1332.6 1268.3 1209.9 1158.9 1111.6 1066 1020.3 968.81 
 913.85 857.47 798.12 739.63 684.94 638.75 597.74 559.32 525.6 493.88 
 464.67 438.27 415.4 393.88 374.31 356.3 339.32 323.09 307.36 291.95 
 276.56 261.42 245.73 230.25 215.26 201.03 186.81 172.78 159.69 147.62 
 136.52 126.51 117.34 108.99 100.92 93.663 86.993 81.053 75.817 70.95 
 65.851 62.086 58.444 55.084 51.89 48.877 45.452 42.54 39.844 37.056 
 34.809 32.777 30.79 29.064 27.36 25.798 24.24 22.831 21.523 20.277 
 19.04 17.869 16.762 15.723 14.861 14.051 13.487 13.183 13.378 13.653 
 13.928 14.205 14.512 14.863 15.225 15.583 15.88 16.213 16.56 16.881 
 17.445 
2489.2 2560.9 2622 2574.6 2501.5 2701.4 2677.3 2451.2 2685.1 2774.2 
 2501.3 2658.8 2847 2638.4 2677.8 2864.5 2725.5 2679.8 2780 2735.2 
 2725 2800 2761 2754.6 2797.3 2745.3 2709.4 2748.1 2688.3 2619.1 
 2659.3 2659.9 2579.8 2595 2628.2 2546.6 2495.5 2506.8 2453.4 2398 
 2407.8 2397.9 2350.4 2351.9 2338.5 2268.6 2241.5 2215.3 2172.6 2146.2 
 2138.6 2109.1 2074.8 2044.4 2021.3 1983.4 1953.5 1919.5 1889.7 1871.3 
 1847.7 1826.5 1773.5 1764.9 1703.1 1665.7 1586.3 1476.4 1392.1 1325.1 
 1267.9 1216.4 1173.6 1145.4 1120.4 1094.5 1059.1 1013.4 967.37 928.28 
 893.94 863.9 824.65 780.84 736.5 698.51 663.17 626.3 591.5 553.81 
 520.04 488.31 460.12 432.67 402.99 373.35 349.23 327.16 303.5 278.87 
 258.87 240.8 224.96 210.18 197.43 185.8 175.88 166.81 158.14 150.33 
 142.92 135.88 129.52 123.54 117.88 112.24 107.02 101.91 96.802 91.707 
 86.347 80.928 75.259 69.326 64.234 59.418 54.657 50.328 46.836 43.993 
 41.316 38.983 36.924 34.679 32.696 31.099 29.255 27.699 26.162 24.856 
 23.678 22.497 21.479 20.566 19.763 19.049 18.413 17.788 17.213 16.673 
 16.16 15.674 15.236 14.77 14.293 13.821 13.501 13.494 13.494 13.527 
 13.573 13.644 13.743 13.846 13.962 14.119 14.283 14.496 14.717 14.949 
 15.169 15.39 15.596 15.838 16.124 16.527 16.818 17.058 17.304 17.563 
 17.445 
2489.2 2592.5 2609.7 2560.6 2506.6 2699.1 2507.6 2435.6 2713 2468.5 
 2484.6 2661.1 2479.3 2522.5 2563.8 2455 2461.2 2447.8 2453.7 2441.2 
 2403.2 2442.6 2392.4 2366 2363.3 2308 2299.5 2265 2246.4 2212.1 
 2169 2134.3 2086.3 2058.8 2023.6 1990.4 1946.2 1897.8 1851.3 1811.1 
 1767.6 1720.7 1669.3 1621 1573.6 1532.9 1490.6 1453.5 1412.7 1375 
 1342.5 1315.2 1290.3 1266.3 1236.9 1207.3 1178.1 1149.2 1120.7 1090.7 
 1060.1 1027 996.83 961.12 924.68 888.65 848.57 805.99 758.16 713.08 
 663.52 613.87 563.45 513.21 462.7 414.59 366.49 322.22 280.11 242.45 
 207.75 177.62 150.33 126.45 105.72 87.832 73.038 60.639 51.04 43.579 
 37.811 33.625 31.261 29.898 29.064 29.02 29.607 30.653 32.154 33.854 
 35.491 36.972 38.059 38.951 39.588 39.899 39.996 39.877 39.654 39.276 
 38.619 37.849 37.068 36.183 35.166 34.121 33.076 31.911 30.614 29.305 
 27.818 26.177 24.451 22.684 20.932 17.535 15.003 14.215 14.318 14.506 
 14.708 14.901 15.09 15.318 15.545 15.773 16.02 16.252 16.465 16.699 
 16.928 17.147 17.362 17.583 17.785 17.996 18.179 18.372 18.542 18.737 
 18.885 19.054 19.224 19.38 19.522 19.677 19.813 19.937 20.067 20.204 
 20.332 20.443 20.547 20.663 20.761 20.871 20.987 21.059 21.137 21.215 
 21.247 21.266 21.292 21.318 21.338 21.384 21.468 21.493 21.5 21.5 
 17.445 
2489.2 2594.5 2556 2526.4 2418.4 2501 2477.1 2255.2 2381.4 2393 
 2197.8 2272.4 2301.1 2153.1 2158.7 2130.9 2017.8 1993.4 1962.2 1906.5 
 1871.4 1817 1770.3 1717.2 1661.4 1603 1546.6 1490.7 1421.5 1356.7 
 1296.9 1237.4 1184.9 1127.9 1069.8 1017.1 970.31 922.46 872.36 828.06 
 785.27 741.29 701.35 664.67 629.78 599.23 570.69 544.86 521.81 500.6 
 482.05 466.02 450.9 435.78 421.8 407.95 394.19 378.74 361.93 345.71 
 332.05 318.78 305.87 292.64 279.3 263.26 249.91 235.96 222.73 208.67 
 194.6 180.81 166.46 153.57 140.93 128.75 117.47 106.99 97.447 88.559 
 81.066 74.533 68.682 63.764 59.548 55.999 53.079 50.528 48.721 47.027 
 45.448 43.837 42.441 41.302 40.303 39.344 38.251 37.318 36.528 35.745 
 34.811 33.921 33.203 32.629 32.091 31.503 30.805 30.043 29.381 28.928 
 28.517 28.195 27.89 27.556 27.165 26.687 26.138 25.647 25.153 24.619 
 24.051 23.486 22.885 22.224 21.507 20.991 20.692 20.488 20.392 20.371 
 20.371 20.454 20.565 20.681 20.792 20.922 21.057 21.214 21.337 21.453 
 21.583 21.693 21.778 21.863 21.959 22.038 22.097 22.161 22.219 22.265 
 22.285 22.317 22.324 22.33 22.35 22.363 22.363 22.363 22.363 22.363 
 22.35 22.318 22.279 22.24 22.195 22.162 22.11 22.033 21.942 21.825 
 21.676 21.521 21.377 21.236 21.137 21.04 20.95 20.845 20.748 20.644 
 17.445 
2489.2 2545.6 2511.3 2449.2 2444.7 2284.6 2245.2 2306.5 2195.7 2008.6 
 1975.6 2002.8 1932.7 1785.6 1710.6 1699.8 1610.1 1474.8 1405.8 1343.5 
 1237.7 1141 1071.3 1000.1 922.34 856.37 804.78 750.51 700.94 662.87 
 623.92 583.53 549.8 522.83 494.05 465.42 441.37 417.91 394.73 371.54 
 341.54 310.88 291.95 276.12 261.28 246.69 232.48 219.4 201.32 187.42 
 176.24 165.7 155.72 145.63 133.32 124.93 116.79 108.82 100.15 93.131 
 86.318 79.466 73.05 66.598 60.566 54.517 48.484 43.266 38.258 33.727 
 30.199 29.037 28.169 27.36 26.591 25.889 25.231 24.606 24.014 23.464 
 23.002 22.657 22.46 22.325 22.246 22.162 22.136 22.136 22.142 22.188 
 22.265 22.382 22.479 22.505 22.506 22.467 22.441 22.434 22.441 22.467 
 22.526 22.616 22.712 22.829 22.952 23.064 23.167 23.252 23.31 23.374 
 23.414 23.446 23.498 23.576 23.698 23.81 23.938 24.075 24.191 24.329 
 24.451 24.569 24.692 24.795 24.899 24.996 25.099 25.185 25.249 25.327 
 25.424 25.503 25.555 25.632 25.717 25.781 25.859 25.911 25.918 25.918 
 25.918 25.905 25.879 25.834 25.808 25.775 25.71 25.639 25.568 25.452 
 25.34 25.212 25.088 24.958 24.867 24.75 24.601 24.453 24.291 24.14 
 23.985 23.823 23.628 23.422 23.207 23.005 22.779 22.518 22.253 21.993 
 21.684 21.41 21.144 20.871 20.646 20.418 20.197 19.989 19.783 19.588 
 17.445 
2489.2 2487.9 2461.4 2414.9 2313.7 2247.4 2191.1 2116 2026.2 1901.2 
 1792.3 1704 1620.8 1539.4 1446.3 1331.8 1199.6 1076.3 978.6 908.07 
 843.81 781.1 718.12 659.66 610.23 569.3 536.13 506.79 479.8 452.28 
 423.09 395.84 364.25 322.65 295.7 276.18 255.51 236.9 221.22 202.59 
 183.92 168.84 158.37 148.02 138.49 130.33 121.29 114.66 108.46 102.21 
 96.198 90.982 85.488 79.977 74.588 68.852 63.416 56.691 50.937 42.935 
 36.884 30.597 25.063 18.388 12.445 11.814 12.115 12.452 12.803 13.16 
 13.537 13.911 14.312 14.705 15.105 15.493 15.892 16.289 16.677 17.063 
 17.415 17.748 18.069 18.37 18.667 18.956 19.26 19.585 19.76 19.923 
 20.192 20.468 20.747 21.113 21.628 22.065 22.419 22.678 22.847 22.978 
 23.05 23.261 23.72 24.132 24.594 25.088 25.482 25.78 26.046 26.253 
 26.43 26.61 26.767 26.915 27.059 27.207 27.345 27.485 27.618 27.708 
 27.811 27.896 27.967 28.051 28.123 28.195 28.234 28.285 28.357 28.396 
 28.441 28.468 28.487 28.5 28.519 28.539 28.545 28.545 28.545 28.539 
 28.5 28.429 28.357 28.28 28.182 28.092 27.97 27.839 27.685 27.503 
 27.283 27.044 26.794 26.541 26.304 26.036 25.745 25.471 25.153 24.877 
 24.589 24.277 23.947 23.625 23.295 22.987 22.671 22.363 22.049 21.714 
 21.373 21.042 20.722 20.419 20.112 19.801 19.503 19.199 18.901 18.655 
 17.445 
2489.2 2437 2375.5 2343.3 2263.2 2193.2 2094.8 2020.8 1932.7 1837.5 
 1735.1 1624.8 1518.7 1413.1 1304.5 1195.4 1085.1 982.61 890.31 808.65 
 738.01 676.13 625.96 583.64 544.02 509.32 478.42 448.24 419.47 389.56 
 359.65 318.44 292.79 269.91 251.8 236.43 217.53 201.9 181.53 169.17 
 158.81 149.68 140.46 131.31 123.64 117.84 112.31 107.09 103.14 99.465 
 96.131 93.03 88.308 83.351 77.239 69.436 61.928 53.703 47.248 41.077 
 32.252 21.875 14.19 13.841 14.183 14.583 15.01 15.45 15.905 16.376 
 16.874 17.331 17.786 18.223 18.574 18.342 18.276 18.618 18.683 18.087 
 18.087 18.466 18.871 19.241 19.626 20.004 20.377 20.713 21.04 21.364 
 21.654 21.923 22.252 22.55 22.849 23.148 23.439 23.731 24.031 24.283 
 24.464 24.692 24.906 25.342 25.703 25.71 25.743 25.919 26.107 26.372 
 26.431 26.579 26.716 26.826 26.931 27.034 27.15 27.248 27.351 27.422 
 27.482 27.546 27.598 27.656 27.708 27.76 27.805 27.838 27.89 27.935 
 27.936 27.936 27.936 27.923 27.91 27.89 27.871 27.852 27.799 27.767 
 27.702 27.644 27.553 27.501 27.488 27.436 27.351 27.243 27.086 26.899 
 26.695 26.469 26.23 25.971 25.748 25.516 25.252 24.965 24.668 24.39 
 24.109 23.808 23.487 23.136 22.789 22.468 22.15 21.832 21.487 21.124 
 20.757 20.413 20.067 19.71 19.386 19.048 18.732 18.4 18.057 17.74 
 17.445 
2489.2 2406.6 2366.2 2372.8 2350.3 2300.4 2201.3 2054.9 1940.8 1843.1 
 1778.9 1721.4 1642.3 1540.9 1410.1 1271.4 1156.1 1066.4 987.43 910.23 
 829.63 752.65 685.01 629.69 587.7 552.87 523.25 493.6 463.85 434.67 
 405.71 379.5 347.88 309.14 285.19 264.95 244.99 226.5 211.23 196.15 
 173.71 160.58 150.4 140.46 131.5 122.91 114.99 108.39 102.11 95.747 
 90.006 84.68 79.307 74.059 68.22 62.681 56.722 50.477 43.88 37.446 
 30.977 25.67 20.678 13.773 11.56 11.791 12.098 12.428 12.779 13.123 
 13.493 13.863 14.232 14.627 15.002 15.369 15.729 16.101 16.476 16.839 
 17.191 17.517 17.834 18.128 18.421 18.706 19.005 19.359 19.69 19.877 
 20.026 20.304 20.604 20.947 21.53 21.919 22.236 22.552 22.538 22.602 
 22.462 22.518 22.842 23.508 24.079 24.788 25.148 25.405 25.565 25.657 
 25.658 25.665 25.723 25.781 25.353 25.031 25.036 25.055 25.094 25.217 
 25.326 25.417 25.502 25.612 25.715 25.787 25.865 25.943 26.027 26.093 
 26.132 26.164 26.203 26.249 26.275 26.314 26.34 26.359 26.366 26.366 
 26.366 26.327 26.25 26.153 26.061 25.957 25.938 26.533 26.624 26.632 
 26.33 26.044 25.743 25.475 25.213 24.92 24.596 24.279 23.954 23.639 
 23.343 23.019 22.679 22.328 21.992 21.672 21.361 21.035 20.705 20.362 
 20.029 19.705 19.37 19.058 18.777 18.468 18.168 17.864 17.551 17.284 
 17.445 
2489.2 2440.8 2518.8 2493.5 2327.7 2204.8 2323 2293.6 2081.4 1974.6 
 2004.8 1959.7 1800.6 1702.8 1686.6 1619.3 1493.3 1411.7 1352.1 1264.2 
 1170.6 1104.8 1036 950.06 876.16 813.5 751.3 699.1 660.69 622.62 
 578.83 540.22 510.14 480.76 453.16 428.73 406.12 384.05 361.99 337.98 
 308.83 284.36 267.92 253.38 238.96 225.03 211.92 197.37 181.3 169.99 
 159.77 150.45 141.18 129.43 120.93 113.09 105.36 97.056 90.259 83.608 
 76.96 70.936 64.959 59.105 53.466 47.753 42.52 37.65 33.183 30.472 
 29.327 28.279 27.286 26.347 25.507 24.768 24.102 23.477 22.928 22.515 
 22.152 21.816 21.544 21.381 21.246 21.156 21.078 21.046 21.039 21.039 
 21.065 21.065 21.078 21.085 21.098 21.098 21.098 21.111 21.164 21.261 
 21.371 21.488 21.637 21.761 21.87 21.988 22.098 22.208 22.318 22.41 
 22.512 22.597 22.694 22.791 22.882 22.98 23.064 23.155 23.265 23.29 
 23.18 22.603 22.344 22.389 22.428 22.5 22.578 22.642 22.733 22.818 
 22.908 22.999 23.083 23.174 23.246 23.323 23.394 23.453 23.492 23.492 
 23.492 23.485 23.459 23.419 23.362 23.322 23.258 23.199 23.095 22.984 
 22.841 22.68 22.525 22.37 22.397 22.792 22.9 22.795 22.564 22.335 
 22.115 21.882 21.608 21.342 21.069 20.812 20.543 20.278 20.01 19.716 
 19.443 19.182 18.922 18.684 18.462 18.218 17.99 17.768 17.529 17.348 
 17.445 
2489.2 2510.5 2615.5 2408.5 2391.7 2574 2324.7 2282.7 2415.7 2229.7 
 2150.6 2236.7 2148.5 2083.2 2075 2003 1957.1 1910.8 1851.7 1814.4 
 1759.4 1702.2 1630.4 1562.8 1504.6 1444.4 1395.7 1327.7 1253.5 1196.2 
 1147.4 1097.5 1040.1 983.45 935.8 890.66 845.23 795.59 750.59 711.89 
 672.41 633.14 599.26 568.5 538.21 513.2 489.31 466.24 445.88 427.4 
 410.72 395.05 380.39 366.45 352.54 339.38 324.55 309.36 294.86 281.77 
 269.18 256.69 244.38 230.59 217.32 205.61 193.91 181.05 168.56 156.68 
 144.34 133.27 122.3 111.99 102.47 93.664 85.67 78.568 72.482 67.174 
 62.531 58.575 55.206 52.355 49.893 47.969 46.285 44.793 43.427 42.137 
 40.924 39.785 38.717 37.633 36.53 35.509 34.725 34.042 33.399 32.693 
 31.885 31.097 30.338 29.696 29.09 28.488 27.864 27.249 26.653 26.189 
 25.793 25.429 25.009 24.577 24.154 23.818 23.519 23.261 23.007 22.769 
 22.529 22.256 21.873 21.447 20.982 20.502 19.962 19.538 19.289 19.159 
 19.068 19.048 19.054 19.144 19.241 19.345 19.475 19.605 19.721 19.839 
 19.916 19.969 19.969 19.93 19.82 19.813 19.813 19.826 19.826 19.826 
 19.826 19.82 19.781 19.736 19.735 19.735 19.78 19.839 19.975 20.155 
 20.221 20.215 20.196 20.087 19.937 19.826 19.697 19.619 19.502 19.302 
 19.139 18.977 18.84 18.687 18.551 18.394 18.256 18.127 17.966 17.893 
 17.445 
2489.2 2568.3 2659 2424.1 2628.2 2669 2369.7 2615 2558.4 2383.9 
 2531.7 2502.6 2433.7 2473 2427.5 2428.4 2388.5 2389 2378.3 2315.9 
 2333.8 2305.1 2252.3 2231.9 2180.8 2150.4 2117.6 2092.8 2057.6 2009.2 
 1977.4 1941.5 1910.8 1865.8 1817.8 1765.5 1723.1 1682.1 1640.4 1589.9 
 1538.8 1487.2 1441.3 1396.6 1354.8 1314.9 1278.9 1245.7 1213.3 1179.6 
 1147.7 1119.7 1091.3 1060.8 1027.8 997.88 964.7 932.69 901.24 867.14 
 832.61 798.68 763.47 724.17 681.91 639.63 597.73 556.83 512.94 469.45 
 426.79 385.9 345.9 307.98 272.89 240.73 211.19 186.09 162.98 142.36 
 123.69 107.08 92.292 79.444 68.328 58.831 51.037 44.724 39.811 36.454 
 34.028 32.352 31.217 30.896 31.091 31.662 32.625 33.796 34.913 36.028 
 36.92 37.576 38.056 38.329 38.521 38.485 38.285 37.832 37.246 36.532 
 35.657 34.695 33.628 32.555 31.426 30.235 29.086 27.966 26.857 25.773 
 24.721 23.56 22.334 20.982 18.749 16.48 14.929 13.571 13.216 13.325 
 13.514 13.707 13.908 14.103 14.318 14.538 14.766 14.997 15.226 15.458 
 15.681 15.919 16.152 16.385 16.622 16.829 17.03 17.242 17.451 17.677 
 17.899 18.099 18.302 18.497 18.692 18.873 19.072 19.255 19.437 19.618 
 19.812 19.993 20.17 20.325 20.469 20.572 20.676 20.76 20.845 20.936 
 21.032 21.13 21.272 21.324 21.344 21.364 21.396 21.435 21.454 21.487 
 17.445 
2489.2 2546.4 2704.4 2502.5 2536.3 2791.7 2552.3 2491.5 2784.7 2639 
 2488.6 2705.9 2712.3 2583.3 2694.7 2737.5 2653.1 2707.5 2719.6 2669 
 2704 2687.8 2626 2666.7 2694.6 2597.2 2568.7 2602.2 2541.6 2482.3 
 2518.8 2486.6 2425 2438.4 2437.9 2379.3 2362.5 2354.7 2302.6 2267.4 
 2252.6 2227.7 2192.6 2168.6 2145.2 2100.4 2062 2035.2 1982.5 1943.8 
 1921.6 1894.6 1864.2 1832.7 1809.1 1768.9 1750.4 1717.8 1678.2 1652.8 
 1608.4 1588.3 1535.6 1491.2 1396.6 1302.3 1234.9 1189.9 1155.7 1123.7 
 1085.6 1050.3 1016.5 984.43 949.01 909.99 873.73 841.1 808.3 774.85 
 738.42 701.98 667.94 631.82 595.61 561.54 530.02 496.67 462.93 430.66 
 401.61 372.59 348.8 326.43 304.58 285.77 269.33 253.54 239.3 225.26 
 212.76 201.8 191.89 182.53 173.8 165.48 157.68 150.28 143.18 136.42 
 130.15 124.22 118.54 113.12 107.95 102.83 97.968 93.437 88.85 84.358 
 79.716 75.398 71.18 66.669 62.92 59.289 55.692 52.307 49.462 46.671 
 43.917 41.485 39.344 37.276 35.477 33.937 32.366 30.9 29.511 28.253 
 27.114 26.022 25.083 24.223 23.435 22.76 22.134 21.568 21.007 20.491 
 19.967 19.497 19.069 18.683 18.322 17.947 17.598 17.347 17.231 17.265 
 17.329 17.387 17.504 17.623 17.784 17.961 18.153 18.381 18.609 18.847 
 19.074 19.282 19.437 19.58 19.704 19.827 19.976 20.125 20.248 20.391 
 17.445 
2489.2 2535.4 2704.8 2689 2515.4 2562.4 2869.9 2911.5 2667.7 2582 
 2872.5 3039.1 2895.5 2714 2808.3 3030.2 3044 2828.6 2782.7 2928.6 
 3039.3 3019.1 2869.9 2858.9 2982.6 3052.1 3039 2930.7 2877.8 2936.5 
 3004.9 2966.4 2898.8 2832 2873.4 2968.2 2971 2925.1 2854.4 2876.5 
 2922.2 2947.9 2899.1 2815 2816.9 2822.6 2851.1 2771 2719 2657.7 
 2620.4 2568.5 2559.2 2539.1 2521.3 2476 2421.8 2401.3 2396.3 2390 
 2380.2 2369.3 2359.9 2349.6 2322.7 2300.9 2276.7 2246.6 2218.9 2186.6 
 2146.1 2103 2073.4 2045.3 2015.1 1977.8 1929.1 1876.2 1834.7 1790.6 
 1752.5 1716.3 1676.9 1637.4 1588.1 1533.8 1469.5 1412 1362 1307.9 
 1255.2 1209.5 1166.1 1121.2 1067.5 1008.8 952.12 901.5 854.52 806.45 
 756.36 705.35 656.04 610.95 573.43 539.21 506.97 479.73 454.64 432.25 
 410.77 390 370.93 353.31 336.67 320.5 305 289.78 274.74 260.08 
 245.03 231.03 216.06 202.4 188.74 175.03 162.29 150.25 139.29 129.24 
 120.04 111.28 103.47 96.48 89.893 84.186 79.051 74.664 70.761 67.118 
 62.954 59.574 56.199 53.118 50.187 47.446 44.641 42.201 40.028 37.91 
 36.092 34.385 32.717 31.184 29.692 28.257 26.879 25.573 24.306 23.199 
 22.16 21.176 20.256 19.408 18.626 17.925 17.259 16.634 16.585 16.821 
 17.09 17.349 17.587 17.804 18.018 18.257 18.502 18.725 18.944 19.184 
 17.445 
2489.2 2499.1 2565.7 2730.4 2828 2858.4 2813.9 2720.5 2683.9 2732.8 
 2918.7 3082.2 3217.6 3194.3 3112.8 2968.1 2858.9 2849.3 2941.7 3109 
 3238.1 3335.1 3306 3244.6 3106.5 3048 3018.5 3071.4 3178.1 3305.8 
 3399 3395.1 3397.8 3388.7 3325.9 3308.7 3331.9 3358.9 3378.9 3382.3 
 3365.9 3384.1 3362.6 3345 3374.5 3413.1 3401.1 3441 3423 3445.2 
 3385.3 3339.3 3330.2 3317.7 3310.8 3317 3319.1 3310 3297.8 3278.8 
 3281.8 3293 3288.4 3251.2 3225.8 3199.7 3158.1 3118.2 3092.5 3068.2 
 3044.2 2993.1 2929.4 2883.5 2847.6 2833.6 2816.2 2779.2 2766.6 2702.5 
 2640.7 2605.2 2551.8 2503.6 2419.3 2374.7 2329.8 2264.7 2229.6 2199.8 
 2146.3 2102 2055.9 1993.4 1930 1858.4 1780 1696.6 1622.9 1559.2 
 1506 1453.2 1390.8 1316.8 1236.1 1156.7 1075.8 995.4 913.24 834.23 
 760.35 694.24 636.08 583.42 538.97 498.98 461.99 429.37 402.38 375.43 
 352.55 331.07 310.36 290.13 270.83 253.06 237.09 221.61 207.07 192.78 
 179.14 166.12 153.66 142.02 131.14 121.58 113.01 105.18 98.188 91.916 
 86.21 80.984 76.24 71.915 68.056 64.428 60.98 57.09 53.356 50.346 
 47.565 45.008 42.792 40.714 38.792 36.956 35.131 33.342 31.552 29.803 
 28.103 26.477 24.896 23.38 22.087 20.826 19.642 18.505 17.429 16.487 
 15.629 15.74 16.02 16.304 16.603 16.91 17.219 17.524 17.799 18.114 
 17.445 
2489.2 2509.9 2505.4 2539.3 2573.6 2607.8 2654.7 2697.1 2725.9 2769.9 
 2778 2798.5 2792.4 2811.4 2806.3 2830.7 2822.1 2860.8 2868.8 2910.6 
 2945 2998.3 3028.5 3077.6 3107.9 3118.1 3137.4 3174.9 3210.3 3222.6 
 3252 3273.4 3283.6 3321.9 3369.4 3374.6 3396.3 3416.2 3447.8 3437.9 
 3492.4 3468.2 3488.9 3540.2 3634.6 3609.6 3621.4 3581.7 3618.2 3586.1 
 3524.5 3523.1 3538.1 3517.9 3545.7 3591.3 3595.3 3529.2 3462.9 3546.4 
 3597 3534.4 3483.6 3443.5 3412.3 3399 3402 3370.5 3302.7 3257.8 
 3216.2 3165.6 3136.7 3100.4 3074.7 3062.9 3016.3 2982.1 3009.7 2936.2 
 2850 2846.4 2805.3 2753.3 2666.3 2604.9 2597.8 2450.6 2139.3 1781.9 
 1505.5 1390.6 1342.1 1321.9 1338.5 1347 1319.4 1254.1 1168.4 1107 
 1068.3 1035.3 997.06 956.3 936.67 965.18 971.05 934.68 877.21 821.16 
 767.06 716.3 667.46 622.53 579.8 539.61 506.18 476.81 451.06 428.55 
 407.94 388.34 368.8 350.06 332.08 314.65 297.46 280.53 263.74 246.79 
 230.6 214.51 198.78 183.05 167.78 153.55 140.33 129.04 119.06 110.26 
 102.79 96.033 89.92 84.51 79.357 74.388 69.627 65.09 60.844 56.18 
 52.388 49.526 46.961 44.566 42.365 40.096 37.909 35.709 33.631 31.634 
 29.589 27.671 25.883 24.154 22.564 21.151 19.779 18.487 17.203 16.127 
 15.194 14.572 14.813 15.106 15.41 15.749 16.082 16.429 16.766 17.118 
 17.445 
