IESNA:LM-63-2002
[TEST] 1
[TESTLAB] 
[TESTDATE] 2025-06-14
[ISSUEDATE] 2025-06-14 17:56:50
[LAMPPOSITION] 0,0
[OTHER] EVERFINE GO-2000A_V1 SYSTEM
[MANUFAC] 
[LUMINAIRE] 90W-4000K
[LAMP] WP09A-14-120L-S2D4C3
TILT=NONE
1 13693 1 181 17 1 2 0.190 0.300 0.000
1.000 1 88.0037
0.0    1.0    2.0    3.0    4.0    5.0    6.0    7.0    8.0    9.0    
 10.0   11.0   12.0   13.0   14.0   15.0   16.0   17.0   18.0   19.0   
 20.0   21.0   22.0   23.0   24.0   25.0   26.0   27.0   28.0   29.0   
 30.0   31.0   32.0   33.0   34.0   35.0   36.0   37.0   38.0   39.0   
 40.0   41.0   42.0   43.0   44.0   45.0   46.0   47.0   48.0   49.0   
 50.0   51.0   52.0   53.0   54.0   55.0   56.0   57.0   58.0   59.0   
 60.0   61.0   62.0   63.0   64.0   65.0   66.0   67.0   68.0   69.0   
 70.0   71.0   72.0   73.0   74.0   75.0   76.0   77.0   78.0   79.0   
 80.0   81.0   82.0   83.0   84.0   85.0   86.0   87.0   88.0   89.0   
 90.0   91.0   92.0   93.0   94.0   95.0   96.0   97.0   98.0   99.0   
 100.0  101.0  102.0  103.0  104.0  105.0  106.0  107.0  108.0  109.0  
 110.0  111.0  112.0  113.0  114.0  115.0  116.0  117.0  118.0  119.0  
 120.0  121.0  122.0  123.0  124.0  125.0  126.0  127.0  128.0  129.0  
 130.0  131.0  132.0  133.0  134.0  135.0  136.0  137.0  138.0  139.0  
 140.0  141.0  142.0  143.0  144.0  145.0  146.0  147.0  148.0  149.0  
 150.0  151.0  152.0  153.0  154.0  155.0  156.0  157.0  158.0  159.0  
 160.0  161.0  162.0  163.0  164.0  165.0  166.0  167.0  168.0  169.0  
 170.0  171.0  172.0  173.0  174.0  175.0  176.0  177.0  178.0  179.0  
 180.0  
0.0    22.5   45.0   67.5   90.0   112.5  135.0  157.5  180.0  202.5  
 225.0  247.5  270.0  292.5  315.0  337.5  360.0  
3603.5 3661.5 3683.4 3753.9 3822.7 3890.5 3971.1 4039.5 4098.7 4176.2 
 4197.5 4256.4 4244.9 4268.8 4293.1 4340.4 4329.7 4407.4 4413.5 4492.3 
 4518 4620.8 4631.8 4725.3 4746.7 4763.5 4766.3 4814.1 4852 4834.8 
 4869.4 4887.8 4872.4 4928.2 4975.2 4975.5 4969.1 4989.6 4999.4 4967.8 
 5039.8 4975.6 4993.5 5051.2 5193 5124.5 5160.4 5070.7 5123 5054.9 
 4949 4927.7 4949.4 4934.7 4964.9 5015.7 5023.6 4932.5 4845.9 4968.5 
 5035 4946 4887.3 4847.3 4804.2 4776.8 4774 4737.2 4649.4 4574.6 
 4506.3 4431.2 4385.3 4335.6 4293.5 4286.3 4239.7 4189.3 4224.1 4115.8 
 3990.6 3971.3 3908.8 3826.5 3693.9 3608 3600.7 3373.4 2958.5 2515.1 
 2106 1934.2 1907.1 1879.9 1885 1870.2 1829.7 1748.6 1640 1546.9 
 1490.3 1448.2 1398.3 1342 1314.8 1358.7 1370.9 1319.8 1239.6 1155.6 
 1078.6 1005.1 936.79 875.16 814.88 758.77 710.6 668.5 632.46 601.29 
 572.51 545.39 518.42 492.32 466.78 441.8 417.25 393.01 369.11 344.79 
 321.93 299.11 275.92 253.42 232.24 212.44 195.87 179.34 165.45 153.41 
 143.19 133.9 125.57 118.07 111.03 104.28 97.69 91.4 85.449 78.972 
 73.806 69.734 66.085 62.77 59.711 56.554 53.485 50.428 47.526 44.749 
 41.926 39.241 36.659 34.225 32.005 30.013 28.126 26.292 24.57 23.064 
 21.716 20.903 21.258 21.683 22.125 22.584 23.072 23.563 24.047 24.544 
 25.016 
3603.5 3633.9 3639.2 3726.2 3758 3823.5 3919 3962.4 4043.6 4083.8 
 4172.1 4190.3 4248.5 4237.6 4253.7 4282.3 4281 4318.9 4334.9 4416.8 
 4417 4497.3 4489.2 4575.7 4530.1 4611.6 4606.7 4624 4628.8 4683.2 
 4722.1 4713.7 4709.3 4803 4774.1 4816.4 4820.2 4868.3 4865 4824.6 
 4774.1 4765.1 4770.1 4749.5 4751.9 4817.1 4822.9 4836.8 4864.4 4850.8 
 4857.2 4755.8 4719.9 4705 4672.1 4671.7 4696.9 4705.8 4687 4655.8 
 4636.5 4654 4674 4662 4615 4579.7 4551.9 4498 4455.5 4418.8 
 4368 4325 4269.5 4214 4143.2 4071.6 4033.7 3997.6 3946.7 3931.6 
 3835.9 3763.6 3728.5 3664.8 3597.7 3475.3 3415 3339.7 3244.7 3186.1 
 3139.7 3067.3 3013.7 2951.8 2858.1 2754 2652.1 2550 2439 2331.3 
 2236.5 2151.2 2070 1971.2 1859.3 1743.6 1634.7 1525.1 1411.8 1301.1 
 1194.2 1093 999.05 915.7 842 777.58 719.94 669.56 623.72 581.15 
 542.02 506.65 472.49 441.78 412.92 386.07 359.23 333.52 309.43 286.53 
 265.65 246.17 227.94 211.15 195.49 180.96 167.71 155.73 145.02 135.29 
 126.7 118.54 111.21 104.67 98.639 93.154 87.759 81.333 76.13 71.472 
 67.078 63.105 59.623 56.261 53.204 50.268 47.382 44.724 41.985 39.369 
 36.796 34.389 32.069 29.947 28.114 26.317 24.662 23.034 21.503 20.302 
 19.594 20.042 20.551 21.025 21.494 21.964 22.45 22.914 23.395 23.908 
 25.016 
3603.5 3626.1 3636.8 3683.9 3737.6 3760.4 3842 3887.9 3934.9 3943.9 
 4022.3 4073.2 4100 4128.7 4123.5 4146.8 4195.1 4134.3 4137.2 4185.5 
 4184.6 4214.1 4207.8 4207.2 4271.5 4254.6 4249 4247.5 4245.9 4267.1 
 4273.2 4231 4244 4266.6 4248.1 4260.1 4241.5 4224.5 4245.6 4218.6 
 4230.9 4198.9 4204.3 4195.3 4162.2 4182.7 4119.4 4094.8 4021.2 3997.1 
 3932.1 3852.9 3793.9 3759.9 3738.1 3682.4 3659.9 3582.9 3532.6 3504.9 
 3489.8 3468.9 3441.2 3422.7 3414.4 3391.1 3366.3 3342.4 3302.5 3258 
 3211.3 3167.7 3119.9 3073.1 3030.9 2983.8 2947 2894.5 2833.6 2763.4 
 2706.2 2625.1 2559.9 2502.8 2443.5 2372.3 2308.4 2236.4 2162.7 2092 
 2013 1930.3 1860.4 1790.5 1710.9 1633 1553.6 1478.6 1409.2 1334.2 
 1258.7 1183.1 1102.9 1024.1 950.67 887.14 828.51 774.74 727.76 682.46 
 641.53 604.98 572.32 542.99 515.84 491 468.06 445.64 423.85 402.63 
 381.66 361 339.79 318.9 298.38 278.19 258.55 239.33 221.46 206.06 
 190.7 176.76 163.97 152.33 141.27 131.37 122.18 113.84 106.5 99.699 
 92.582 87.35 82.278 77.671 73.186 68.963 64.227 60.208 56.378 52.565 
 49.484 46.672 43.861 41.355 38.915 36.714 34.508 32.556 30.732 29.043 
 27.329 25.695 24.166 22.714 21.43 20.305 19.485 19.08 19.355 19.739 
 20.158 20.566 20.997 21.506 22.008 22.497 22.93 23.376 23.891 24.328 
 25.016 
3603.5 3586.4 3616.9 3652.8 3645.5 3678.2 3704.3 3714.8 3732.7 3759.3 
 3776.5 3784.9 3807.6 3810.2 3843.3 3872.2 3851.6 3860.3 3873.9 3886.2 
 3896.4 3905.3 3896 3871.5 3860.2 3856.3 3837.6 3805.5 3773.4 3753.8 
 3728.5 3705.7 3658.8 3634.9 3622.6 3582.5 3538 3517.7 3479.9 3436 
 3403.9 3372.7 3323.7 3296.6 3255 3199.9 3170.2 3114.2 3063.4 3027.6 
 2977.1 2934 2895.1 2836.8 2802.7 2770.7 2727.9 2688 2649.2 2611.5 
 2562.8 2533.1 2453.9 2440.7 2361.8 2312.2 2203.2 2043.8 1922.8 1837.5 
 1771.3 1711.9 1653.5 1601.1 1554.5 1512.5 1466.3 1404.2 1340.9 1286.7 
 1236.5 1193.1 1140.1 1082 1024 969.35 917.37 867.45 818.94 764.78 
 719.15 675.7 633.29 594.07 557.03 520.47 484.42 450.27 417.79 388.23 
 358.68 333.49 310.68 290.74 272.9 257.07 243.26 230.79 218.95 208.02 
 197.88 188.31 179.49 171.25 163.48 155.88 148.44 141.37 134.23 127.1 
 119.88 112.36 104.51 96.42 89.322 82.728 76.216 70.167 65.469 61.568 
 57.849 54.613 51.781 48.741 46.128 43.927 41.372 39.224 37.092 35.215 
 33.584 31.988 30.568 29.367 28.262 27.255 26.339 25.513 24.72 23.967 
 23.243 22.578 21.96 21.304 20.64 19.972 19.521 19.515 19.535 19.574 
 19.658 19.757 19.912 20.074 20.263 20.488 20.738 21.017 21.314 21.644 
 21.952 22.268 22.603 22.948 23.341 23.897 24.31 24.635 24.987 25.335 
 25.016 
3603.5 3618.2 3601.6 3610.5 3615.7 3630.1 3593.9 3592.1 3614.6 3611.1 
 3568.7 3566.2 3549.5 3545.5 3521.3 3489.3 3467.1 3456.3 3439.3 3417.9 
 3389.4 3376.4 3350.1 3318.5 3284.2 3244.1 3206.7 3156.8 3114.8 3071 
 3020.9 2972.5 2921.8 2867.5 2812.2 2759.8 2700.9 2641.5 2579.7 2515.3 
 2448.6 2381.9 2315.8 2249.6 2184.3 2120.7 2061.8 2006.3 1953.1 1905.3 
 1860.5 1820 1781.3 1744.4 1706.6 1666.9 1627.6 1588.7 1551 1508.7 
 1465 1420.8 1374.5 1326.3 1277.1 1225.2 1169.1 1110.4 1047.1 981.54 
 913.26 843.26 772.68 701.36 631.11 562.25 496.08 435.18 380.83 326.54 
 280.1 238.81 202.09 170.08 142.64 118.71 99.043 82.578 69.918 60.005 
 52.377 46.879 43.777 41.812 40.663 40.446 41.127 42.447 44.347 46.592 
 48.815 50.854 52.443 53.662 54.565 55.044 55.345 55.234 54.945 54.45 
 53.597 52.61 51.524 50.253 48.813 47.281 45.855 44.325 42.621 40.912 
 38.877 36.644 34.275 31.867 29.414 24.688 21.227 20.178 20.34 20.599 
 20.893 21.172 21.439 21.741 22.065 22.386 22.708 23.021 23.353 23.669 
 23.983 24.287 24.591 24.89 25.176 25.467 25.733 25.997 26.265 26.522 
 26.77 27.016 27.25 27.476 27.697 27.893 28.086 28.261 28.449 28.633 
 28.799 28.962 29.13 29.281 29.429 29.586 29.714 29.832 29.96 30.038 
 30.077 30.128 30.167 30.206 30.219 30.297 30.382 30.44 30.433 30.433 
 25.016 
3603.5 3624 3545.6 3521.1 3499.4 3450.2 3396.9 3375.4 3332.1 3283.1 
 3230.8 3169.8 3122.2 3064.7 3020.5 2940.7 2866.6 2808.6 2750.4 2687.1 
 2617.1 2545.8 2474.8 2397.2 2313 2231.3 2149.1 2060.8 1968.5 1884.8 
 1797.1 1712.8 1635.6 1556 1479.8 1408.2 1337.9 1269.5 1203.5 1141 
 1080.1 1021.4 966.35 914.9 867.44 824.46 785.56 749.7 717.78 688.57 
 663.01 640.38 619.68 599.33 580.4 561.49 542.41 521 498.1 475.83 
 457.39 439.76 421.45 403.66 384.88 363.12 344.58 326.2 307.55 286.89 
 267.54 248.52 229.32 211.61 194.95 178.31 162.9 148.37 135.12 123.09 
 112.72 103.63 95.484 88.691 82.953 77.982 73.862 70.44 67.661 65.311 
 63.185 60.879 58.94 57.437 56.026 54.771 53.259 51.887 50.828 49.763 
 48.522 47.256 46.299 45.515 44.772 44.005 43.023 42.001 41.122 40.498 
 39.962 39.495 39.081 38.627 38.133 37.447 36.714 36.036 35.369 34.635 
 33.873 33.111 32.272 31.378 30.383 29.702 29.294 29.002 28.877 28.863 
 28.902 29.045 29.181 29.328 29.498 29.671 29.834 30.022 30.211 30.411 
 30.58 30.724 30.867 30.971 31.095 31.224 31.321 31.406 31.491 31.555 
 31.614 31.672 31.718 31.75 31.763 31.763 31.763 31.763 31.757 31.737 
 31.686 31.66 31.608 31.556 31.491 31.42 31.323 31.213 31.103 30.923 
 30.708 30.52 30.287 30.091 29.929 29.773 29.629 29.467 29.337 29.188 
 25.016 
3603.5 3575.1 3510.6 3399.9 3384.5 3265.8 3202 3145.3 3036.7 2936.7 
 2863.8 2771.1 2676.7 2566.8 2441.9 2325.8 2208.4 2088.7 1978.5 1857.8 
 1733.3 1617.2 1504.8 1397.1 1297.7 1204.5 1122.6 1045.9 978.78 919.57 
 862.97 811.43 764.97 722.23 682.64 645.17 609.67 576.07 543.92 512.08 
 470.93 428.71 403.61 382.67 361.75 341.52 321.64 303.67 278.81 259.62 
 243.77 229.19 215.49 201.69 184.79 173.13 161.86 150.91 138.98 129.36 
 119.96 110.44 101.6 92.734 84.401 76.075 67.715 60.693 53.647 47.553 
 42.681 41.043 39.826 38.671 37.585 36.614 35.662 34.785 33.937 33.124 
 32.532 32.028 31.744 31.589 31.459 31.341 31.283 31.277 31.297 31.369 
 31.491 31.645 31.796 31.867 31.861 31.828 31.77 31.763 31.77 31.815 
 31.899 32.017 32.145 32.297 32.47 32.619 32.757 32.874 32.969 33.041 
 33.094 33.165 33.255 33.379 33.535 33.703 33.866 34.048 34.235 34.417 
 34.604 34.792 34.961 35.118 35.274 35.435 35.564 35.676 35.785 35.915 
 36.04 36.162 36.279 36.376 36.453 36.525 36.577 36.616 36.655 36.655 
 36.642 36.635 36.59 36.544 36.493 36.441 36.395 36.324 36.207 36.09 
 35.962 35.824 35.676 35.54 35.378 35.183 34.975 34.761 34.542 34.314 
 34.06 33.815 33.566 33.283 32.996 32.689 32.336 32.004 31.647 31.238 
 30.844 30.461 30.067 29.693 29.35 29.02 28.702 28.397 28.1 27.807 
 25.016 
3603.5 3514.8 3427.8 3374 3235.8 3129 3026.4 2913.4 2812.1 2672.8 
 2540.9 2407.7 2267.6 2128.9 1986.1 1842.6 1699 1554.3 1415.3 1293.2 
 1181.2 1083.4 997.47 923.55 859.61 803.49 753.36 707.34 665.86 626.55 
 587.13 551.46 508.99 451.82 413.95 386.76 357.74 331.75 310.06 287.3 
 256.6 235.4 220.59 207.06 193.54 181.98 169.27 160.01 151.32 142.55 
 134.06 126.63 119.12 111.45 103.94 95.834 88.276 79.06 71.086 59.98 
 51.657 42.8 35.152 25.971 17.627 16.7 17.138 17.601 18.085 18.602 
 19.124 19.649 20.203 20.763 21.318 21.876 22.418 22.979 23.524 24.054 
 24.579 25.026 25.448 25.871 26.293 26.713 27.157 27.589 27.838 28.082 
 28.459 28.857 29.259 29.794 30.534 31.14 31.638 32.014 32.229 32.41 
 32.521 32.821 33.463 34.049 34.719 35.396 35.945 36.369 36.758 37.047 
 37.278 37.515 37.745 37.977 38.172 38.387 38.587 38.78 38.951 39.118 
 39.281 39.443 39.58 39.715 39.852 39.976 40.066 40.138 40.229 40.307 
 40.365 40.398 40.418 40.424 40.424 40.424 40.412 40.379 40.353 40.327 
 40.269 40.166 40.061 39.939 39.822 39.705 39.569 39.4 39.199 38.962 
 38.7 38.441 38.164 37.83 37.477 37.099 36.691 36.287 35.876 35.436 
 34.987 34.559 34.132 33.676 33.22 32.772 32.316 31.867 31.438 30.94 
 30.459 30.024 29.531 29.086 28.666 28.235 27.793 27.36 26.952 26.582 
 25.016 
3603.5 3519.3 3415.9 3356.2 3228.8 3120.5 2976.8 2870.8 2742.9 2600.5 
 2453.7 2294.4 2143.9 1992.7 1836.4 1681.4 1525.9 1380.2 1248.4 1134.6 
 1033.8 947.56 876.94 817.94 763.46 715.4 673.11 631.09 592 553.4 
 507.95 450.22 413.57 384.52 355.58 333.93 307.33 285.49 257 239.41 
 224.82 211.82 198.56 185.57 174.88 166.6 158.83 151.33 145.49 140.16 
 135.46 130.99 124.36 117.29 108.8 97.815 87.216 75.567 66.512 57.809 
 45.445 31 20.138 19.516 20.014 20.559 21.169 21.812 22.453 23.122 
 23.828 24.472 25.095 25.704 26.246 25.911 25.775 26.263 26.363 25.438 
 25.462 26.001 26.554 27.101 27.625 28.184 28.695 29.161 29.632 30.092 
 30.499 30.909 31.355 31.784 32.216 32.64 33.026 33.437 33.867 34.223 
 34.492 34.816 35.136 35.724 36.279 36.305 36.321 36.561 36.822 37.201 
 37.281 37.492 37.68 37.863 38.024 38.192 38.362 38.511 38.653 38.777 
 38.92 39.024 39.129 39.244 39.347 39.452 39.529 39.608 39.672 39.75 
 39.795 39.789 39.795 39.75 39.691 39.632 39.554 39.457 39.406 39.38 
 39.334 39.23 39.1 39.023 39.01 38.919 38.826 38.66 38.469 38.231 
 37.985 37.73 37.458 37.142 36.797 36.453 36.073 35.669 35.286 34.874 
 34.431 33.999 33.578 33.098 32.632 32.166 31.691 31.227 30.768 30.241 
 29.722 29.238 28.727 28.225 27.753 27.28 26.819 26.34 25.859 25.43 
 25.016 
3603.5 3497.3 3408.9 3348.6 3222.6 3118.8 3024.6 2898.6 2794.4 2653.8 
 2521.6 2386.7 2241.2 2100.7 1959.8 1818.5 1677.2 1536.3 1399 1274.3 
 1161.2 1063.3 979.05 906.12 845.11 790.56 743.38 698.98 657.43 618.24 
 579.18 542.29 496.42 441.14 406.37 377.52 349.77 323.91 301.86 279.96 
 247.37 228.89 214.58 201.46 188.35 175.97 164.44 155.11 146.17 137.12 
 128.85 121.2 113.41 105.79 97.504 89.506 81.024 71.958 62.543 53.461 
 44.12 36.571 29.393 19.533 16.274 16.666 17.094 17.562 18.028 18.527 
 19.026 19.56 20.09 20.628 21.145 21.675 22.191 22.709 23.225 23.738 
 24.234 24.719 25.145 25.552 25.957 26.378 26.822 27.319 27.76 28.06 
 28.238 28.627 29.04 29.527 30.345 30.886 31.35 31.802 31.796 31.905 
 31.669 31.789 32.236 33.173 33.955 34.994 35.526 35.882 36.141 36.278 
 36.285 36.298 36.376 36.46 35.842 35.399 35.396 35.448 35.551 35.753 
 35.932 36.115 36.279 36.447 36.621 36.784 36.92 37.043 37.16 37.238 
 37.316 37.368 37.42 37.44 37.453 37.459 37.459 37.459 37.459 37.459 
 37.459 37.388 37.278 37.135 36.986 36.858 36.843 37.691 37.827 37.836 
 37.496 37.127 36.77 36.396 36.032 35.609 35.176 34.742 34.282 33.822 
 33.337 32.886 32.446 31.983 31.525 31.067 30.598 30.143 29.715 29.2 
 28.724 28.31 27.805 27.36 26.944 26.506 26.078 25.636 25.222 24.842 
 25.016 
3603.5 3553.7 3486.6 3393.2 3368.9 3243.2 3177.9 3100.1 2994.5 2891.9 
 2810.4 2706.9 2591.8 2480.5 2370 2256.4 2132.1 2014.2 1899.8 1787 
 1669.8 1559.9 1456.4 1352.8 1252.3 1159 1075.8 1003.2 940.84 884.1 
 830.28 780.1 734.7 692.77 654.28 618.73 584.44 552.07 520.78 485.92 
 443.77 409.44 387.26 365.07 344.35 324.41 305.28 283.96 260.81 244.75 
 230.01 216.4 203.19 186.15 174 162.79 151.47 139.52 129.7 120.08 
 110.56 101.79 93.136 84.667 76.451 68.098 60.494 53.505 47.015 43.032 
 41.438 39.963 38.56 37.28 36.143 35.128 34.192 33.33 32.555 31.96 
 31.422 30.92 30.544 30.33 30.153 29.99 29.868 29.823 29.817 29.817 
 29.817 29.824 29.837 29.837 29.837 29.837 29.843 29.857 29.928 30.051 
 30.196 30.369 30.546 30.719 30.877 31.045 31.2 31.356 31.486 31.64 
 31.778 31.894 32.024 32.167 32.309 32.451 32.583 32.73 32.866 32.983 
 32.848 32.072 31.7 31.784 31.841 31.985 32.1 32.211 32.341 32.477 
 32.628 32.756 32.887 32.99 33.074 33.146 33.191 33.236 33.308 33.34 
 33.34 33.346 33.294 33.241 33.145 33.067 32.995 32.904 32.788 32.646 
 32.471 32.32 32.138 31.971 32.004 32.551 32.749 32.599 32.305 31.997 
 31.645 31.275 30.93 30.577 30.217 29.849 29.453 29.075 28.731 28.304 
 27.917 27.57 27.199 26.84 26.527 26.196 25.878 25.541 25.235 24.97 
 25.016 
3603.5 3594.7 3536.3 3501.5 3472.4 3419.7 3352.3 3334 3285.9 3198.4 
 3135.6 3093.2 3031.6 2971.1 2911 2834.8 2772.9 2709.7 2636.9 2572.3 
 2501.7 2413.4 2327.2 2243.1 2157.1 2071.6 1984.9 1896.9 1811.7 1727.2 
 1645.1 1568.1 1490.5 1417.9 1348.1 1279.2 1213.2 1146.9 1084.9 1024.7 
 967.76 914.08 864.77 819.33 777.81 740.78 705.14 672.27 642.85 616.17 
 591.98 569.83 547.96 527.77 508.44 488.79 467.57 445.5 424.52 405.64 
 387.61 369.46 351.77 331.71 313.12 295.7 278.27 259.54 241.65 224.5 
 208.04 191.59 175.74 161.25 147.43 134.65 123.08 112.78 104.09 96.409 
 89.79 84.111 79.258 75.194 71.708 68.976 66.533 64.41 62.454 60.613 
 58.941 57.301 55.794 54.22 52.641 51.139 49.888 48.855 47.971 46.902 
 45.696 44.541 43.453 42.535 41.595 40.737 39.86 38.96 38.053 37.359 
 36.769 36.202 35.573 34.946 34.334 33.841 33.407 33.042 32.714 32.361 
 32.045 31.661 31.131 30.526 29.91 29.213 28.458 27.851 27.493 27.314 
 27.178 27.157 27.196 27.298 27.423 27.559 27.695 27.849 28.031 28.188 
 28.318 28.389 28.396 28.32 28.126 28.124 28.143 28.207 28.234 28.247 
 28.254 28.254 28.26 28.26 28.279 28.292 28.429 28.545 28.757 28.998 
 29.051 29.052 29.026 28.885 28.714 28.547 28.358 28.267 28.119 27.833 
 27.606 27.407 27.171 26.946 26.744 26.543 26.361 26.158 25.959 25.828 
 25.016 
3603.5 3613.6 3610.4 3605.2 3611.2 3599.6 3560.1 3580.9 3554.3 3523.1 
 3509.6 3500.7 3475.3 3454.5 3428 3410.3 3396.6 3377.6 3345 3318.9 
 3298.2 3259.6 3207.1 3161.2 3119.6 3068.7 3024.4 2973.8 2924.3 2871.1 
 2818.4 2764.2 2707.7 2650.8 2589.5 2529.1 2465.8 2399.1 2331.4 2266.7 
 2198.7 2133.4 2065.5 2002.1 1942.4 1883.4 1833.8 1783 1735.9 1691.2 
 1647.7 1603.7 1561.5 1519.4 1473.1 1427.1 1382.3 1335.1 1288.9 1241.3 
 1191 1142.1 1093.1 1039.5 982.33 923.77 862.91 802.84 741.06 681.31 
 620.84 562.32 505.79 451.42 400.44 354.31 311.42 273.84 239.45 209.26 
 182.65 158.38 136.19 117.06 100.55 86.258 74.547 65.142 57.964 52.912 
 49.361 46.797 45.233 44.727 45.147 46.049 47.432 49.083 50.669 52.284 
 53.61 54.517 55.16 55.492 55.656 55.593 55.224 54.56 53.602 52.54 
 51.267 49.881 48.298 46.73 45.071 43.367 41.654 39.959 38.355 36.812 
 35.184 33.541 31.751 29.757 26.633 23.369 21.025 19.207 18.596 18.761 
 19.014 19.277 19.577 19.857 20.161 20.474 20.8 21.123 21.458 21.777 
 22.098 22.421 22.748 23.072 23.397 23.702 24.017 24.315 24.628 24.926 
 25.227 25.512 25.798 26.066 26.355 26.635 26.909 27.18 27.445 27.705 
 27.977 28.231 28.48 28.685 28.856 29.024 29.188 29.342 29.473 29.608 
 29.731 29.881 30.082 30.154 30.193 30.213 30.284 30.329 30.368 30.42 
 25.016 
3603.5 3606.3 3641.9 3664.7 3661.3 3675.9 3687.5 3702.9 3729.3 3715.5 
 3718.1 3739.3 3751.7 3769.9 3782.6 3791.1 3782.5 3797.1 3816.7 3824.5 
 3826.7 3809.3 3786.3 3774.8 3759.6 3717.4 3671.8 3648.3 3619.6 3578.4 
 3546.3 3505.1 3471.5 3450.8 3402 3366.4 3347.9 3303.5 3261.6 3229.4 
 3177.1 3141.2 3113.3 3056.6 3015.5 2974.4 2921 2876 2819.7 2774.1 
 2733.1 2690.2 2653.4 2602.3 2568.9 2518.7 2487.6 2440.6 2386.2 2351 
 2286.6 2262.1 2181.8 2125.8 1998 1871.5 1775.3 1704.3 1644.9 1592.4 
 1539.3 1490.5 1451.1 1411.5 1362.7 1307.1 1251.2 1202.7 1155 1108.2 
 1057.9 1007.9 958.9 906.14 856.41 806.74 759.03 710.85 663.95 619.4 
 577.35 537.63 501.37 468.77 438.08 411.98 388.69 365.4 344.35 324.05 
 306.24 290.29 275.9 262.39 249.72 237.76 226.51 215.85 205.59 195.99 
 187.12 178.52 170.29 162.65 155.21 147.85 140.81 134.19 127.71 121.13 
 114.64 108.31 102.18 95.765 90.296 85.1 80.026 75.057 70.979 66.981 
 62.914 59.36 56.309 53.335 50.774 48.554 46.257 44.065 42.051 40.113 
 38.511 36.901 35.553 34.296 33.187 32.193 31.3 30.476 29.659 28.898 
 28.165 27.492 26.873 26.32 25.795 25.281 24.764 24.438 24.251 24.309 
 24.401 24.504 24.666 24.863 25.094 25.352 25.605 25.922 26.245 26.589 
 26.926 27.225 27.463 27.663 27.853 28.047 28.267 28.468 28.657 28.858 
 25.016 
3603.5 3638.6 3666.4 3696.4 3739.3 3767.9 3844.8 3887.4 3919.2 3919.5 
 3993.5 4031.3 4069.1 4080.9 4089.1 4112.6 4121.2 4071.2 4123.3 4142.8 
 4135.5 4171.8 4134.8 4161 4203.4 4185.3 4211.6 4205.9 4174.7 4184.7 
 4165 4141.7 4167.9 4145.3 4125.8 4134.2 4104.4 4123.8 4084.7 4083.8 
 4051.1 4063.8 4064.8 4029.3 4036.7 3972.7 3965.1 3876.4 3844.9 3762.4 
 3693 3622.6 3610 3568.7 3536.1 3483.1 3414.4 3379.9 3362.9 3346.4 
 3326.3 3307.6 3296.8 3283.6 3254.7 3227.4 3198 3155 3114.6 3077 
 3026.9 2974.2 2928.4 2887.7 2845.9 2795.9 2737.3 2671.8 2615.4 2546.2 
 2476.7 2422.7 2367.8 2310.7 2246.2 2183.3 2102.5 2026.9 1954.6 1872.8 
 1794.6 1719.6 1648.3 1579.6 1506 1432.1 1358.4 1288.9 1219.4 1148.1 
 1076.1 1004.6 936.33 874.35 821.62 771.68 724.8 683.97 646.78 613.37 
 582.42 553.38 526.69 501.67 478.53 455.79 433.77 412.17 390.17 368.87 
 347.65 326.98 305.85 285.46 265.54 246.35 228.3 211.32 196.89 182.48 
 169.41 157.35 146.19 136.12 127.05 118.99 111.64 105.33 99.897 94.732 
 88.777 83.969 79.213 74.852 70.654 66.737 62.81 59.418 56.356 53.379 
 50.756 48.336 45.976 43.82 41.685 39.7 37.799 35.981 34.268 32.751 
 31.294 29.923 28.629 27.393 26.267 25.29 24.357 23.485 23.504 23.849 
 24.215 24.589 24.944 25.26 25.581 25.894 26.249 26.568 26.886 27.222 
 25.016 
3603.5 3641.1 3653.4 3745.3 3774.5 3839.5 3919.4 3951.3 4028.6 4063.3 
 4157 4182.9 4245.7 4233.6 4266.7 4268 4270.6 4275.6 4311.3 4372.9 
 4393.6 4460.3 4459.2 4519.4 4497 4564.9 4563.6 4573.1 4595.3 4630.8 
 4668.6 4640.5 4678.4 4726.6 4716.1 4739.4 4762.1 4792.8 4768.7 4735.1 
 4708.8 4725.4 4702.6 4701.4 4713.6 4750.3 4719.1 4770 4752.7 4781.7 
 4706.6 4639.3 4619.9 4591.5 4571 4592.3 4610.4 4605.5 4582.2 4552 
 4562.1 4588.9 4581.8 4531.7 4492.7 4463.4 4409.6 4367.7 4333.5 4287.9 
 4242.2 4189 4125.9 4054.1 3992.6 3953.1 3921 3865.3 3853.2 3764.5 
 3690.9 3652.3 3587.2 3523.9 3406.3 3343 3271.6 3178.1 3115.2 3067.4 
 2988.8 2925.4 2859.2 2771.8 2681 2586.5 2482.4 2372.3 2269.7 2176.9 
 2096.7 2016.3 1923.8 1818.5 1709.4 1598.6 1484.8 1367.3 1250.7 1141.8 
 1039.6 949.91 870.13 798.48 736.92 682.51 632.99 589.55 550.25 516.02 
 485.06 455.84 427.43 402.01 376.61 352.53 330.45 308.96 288.2 269 
 250.41 231.98 214.55 198.72 184.07 170.68 158.6 147.87 138.1 129.36 
 121.53 114.15 107.61 101.57 96.108 90.925 85.978 80.433 75.222 71.005 
 67.113 63.454 60.299 57.402 54.685 52.103 49.589 47.078 44.53 42.084 
 39.664 37.381 35.151 33.065 31.207 29.394 27.754 26.104 24.639 23.384 
 22.183 22.35 22.77 23.184 23.618 24.055 24.496 24.917 25.324 25.744 
 25.016 
3603.5 3661.5 3683.4 3753.9 3822.7 3890.5 3971.1 4039.5 4098.7 4176.2 
 4197.5 4256.4 4244.9 4268.8 4293.1 4340.4 4329.7 4407.4 4413.5 4492.3 
 4518 4620.8 4631.8 4725.3 4746.7 4763.5 4766.3 4814.1 4852 4834.8 
 4869.4 4887.8 4872.4 4928.2 4975.2 4975.5 4969.1 4989.6 4999.4 4967.8 
 5039.8 4975.6 4993.5 5051.2 5193 5124.5 5160.4 5070.7 5123 5054.9 
 4949 4927.7 4949.4 4934.7 4964.9 5015.7 5023.6 4932.5 4845.9 4968.5 
 5035 4946 4887.3 4847.3 4804.2 4776.8 4774 4737.2 4649.4 4574.6 
 4506.3 4431.2 4385.3 4335.6 4293.5 4286.3 4239.7 4189.3 4224.1 4115.8 
 3990.6 3971.3 3908.8 3826.5 3693.9 3608 3600.7 3373.4 2958.5 2515.1 
 2106 1934.2 1907.1 1879.9 1885 1870.2 1829.7 1748.6 1640 1546.9 
 1490.3 1448.2 1398.3 1342 1314.8 1358.7 1370.9 1319.8 1239.6 1155.6 
 1078.6 1005.1 936.79 875.16 814.88 758.77 710.6 668.5 632.46 601.29 
 572.51 545.39 518.42 492.32 466.78 441.8 417.25 393.01 369.11 344.79 
 321.93 299.11 275.92 253.42 232.24 212.44 195.87 179.34 165.45 153.41 
 143.19 133.9 125.57 118.07 111.03 104.28 97.69 91.4 85.449 78.972 
 73.806 69.734 66.085 62.77 59.711 56.554 53.485 50.428 47.526 44.749 
 41.926 39.241 36.659 34.225 32.005 30.013 28.126 26.292 24.57 23.064 
 21.716 20.903 21.258 21.683 22.125 22.584 23.072 23.563 24.047 24.544 
 25.016 
