IESNA:LM-63-2002
[TEST] 1
[TESTLAB] 
[TESTDATE] 2025-06-16
[ISSUEDATE] 2025-06-16 08:50:41
[LAMPPOSITION] 0,0
[OTHER] EVERFINE GO-2000A_V1 SYSTEM
[MANUFAC] 
[LUMINAIRE] 90W-3000K
[LAMP] WP09A-14-120L-S2D4C3
TILT=NONE
1 13033 1 181 17 1 2 0.190 0.300 0.000
1.000 1 90.7626
0.0    1.0    2.0    3.0    4.0    5.0    6.0    7.0    8.0    9.0    
 10.0   11.0   12.0   13.0   14.0   15.0   16.0   17.0   18.0   19.0   
 20.0   21.0   22.0   23.0   24.0   25.0   26.0   27.0   28.0   29.0   
 30.0   31.0   32.0   33.0   34.0   35.0   36.0   37.0   38.0   39.0   
 40.0   41.0   42.0   43.0   44.0   45.0   46.0   47.0   48.0   49.0   
 50.0   51.0   52.0   53.0   54.0   55.0   56.0   57.0   58.0   59.0   
 60.0   61.0   62.0   63.0   64.0   65.0   66.0   67.0   68.0   69.0   
 70.0   71.0   72.0   73.0   74.0   75.0   76.0   77.0   78.0   79.0   
 80.0   81.0   82.0   83.0   84.0   85.0   86.0   87.0   88.0   89.0   
 90.0   91.0   92.0   93.0   94.0   95.0   96.0   97.0   98.0   99.0   
 100.0  101.0  102.0  103.0  104.0  105.0  106.0  107.0  108.0  109.0  
 110.0  111.0  112.0  113.0  114.0  115.0  116.0  117.0  118.0  119.0  
 120.0  121.0  122.0  123.0  124.0  125.0  126.0  127.0  128.0  129.0  
 130.0  131.0  132.0  133.0  134.0  135.0  136.0  137.0  138.0  139.0  
 140.0  141.0  142.0  143.0  144.0  145.0  146.0  147.0  148.0  149.0  
 150.0  151.0  152.0  153.0  154.0  155.0  156.0  157.0  158.0  159.0  
 160.0  161.0  162.0  163.0  164.0  165.0  166.0  167.0  168.0  169.0  
 170.0  171.0  172.0  173.0  174.0  175.0  176.0  177.0  178.0  179.0  
 180.0  
0.0    22.5   45.0   67.5   90.0   112.5  135.0  157.5  180.0  202.5  
 225.0  247.5  270.0  292.5  315.0  337.5  360.0  
3535.7 3606.6 3655.1 3750.4 3833.9 3917.8 4014.8 4085.4 4162.9 4219.2 
 4275.3 4357.9 4346.9 4405.4 4431.7 4493.6 4483.1 4584.4 4581.2 4677.6 
 4685.7 4808.5 4789.2 4898.2 4902.8 4918.9 4900.4 4940.8 4966.2 4914.5 
 4941.8 4950.7 4901.3 4961.9 4980.1 4975.3 4934.6 4937.7 4919.1 4867.3 
 4928.5 4836.2 4843.6 4874.3 5017.3 4919.8 4978.5 4864.7 4908.2 4818.8 
 4699.1 4657.5 4679.2 4680 4696.7 4731.8 4744.7 4660.4 4577 4695.3 
 4759.9 4675.9 4633.5 4607.4 4573 4534.4 4522 4499.4 4425.2 4340.3 
 4261 4185 4138.1 4091.7 4045.1 4045.8 4022.7 3969.9 4003.5 3903.4 
 3773.4 3738.7 3675.4 3588.5 3450.3 3362.2 3355.8 3120.5 2756.3 2390.1 
 1982.4 1886 1789.7 1797.8 1780.9 1741.4 1705.3 1637.9 1545.2 1445.7 
 1392.2 1355.8 1311.8 1259.6 1236.6 1284.2 1298.4 1251.8 1173.7 1091.8 
 1016.2 945.6 881.9 824.84 768.09 714.48 669.29 629.54 595.11 566.03 
 538.77 514.09 489.33 464.57 440.53 416.7 392.96 369.48 346.66 323.52 
 301.45 279.86 257.72 236.46 216.62 199.09 181.55 166.56 153.49 142.33 
 132.82 124.28 116.62 109.82 103.26 96.998 90.908 85.148 79.685 73.622 
 68.829 64.942 61.626 58.558 55.709 52.732 49.927 47.061 44.331 41.748 
 39.087 36.556 34.194 31.961 29.902 28.064 26.318 24.645 23.081 21.694 
 20.417 19.633 19.978 20.37 20.801 21.237 21.695 22.152 22.621 23.09 
 23.531 
3535.7 3500.7 3446.1 3442.5 3389.7 3445 3633.2 3833.7 4065 4125.5 
 4070 3841.6 3699.2 3678.6 3840.2 4136.9 4338.4 4407.3 4296.9 4154.1 
 3982.1 4019.7 4120.9 4405.6 4514 4651.3 4541.7 4365.2 4154 4112.3 
 4182.1 4326.8 4477.8 4713.2 4723.4 4714.3 4616.7 4584.3 4550 4566.2 
 4556.1 4616.9 4634.8 4600.7 4566.9 4614.3 4612.3 4614.3 4663 4653.5 
 4670.8 4564.7 4542.7 4529.4 4494.3 4506.6 4517.3 4500.1 4470 4426.2 
 4401.9 4410.9 4420.7 4399.7 4349.2 4324.4 4289.8 4255.2 4203.7 4138.4 
 4083.7 4073.6 4020.6 3963.1 3903.9 3838.5 3793 3750.5 3694.4 3683 
 3607.5 3524.5 3490.6 3435.3 3379.7 3260.1 3221.4 3167.9 3071.5 3011.8 
 2969.9 2900.3 2851.5 2798 2700.6 2584.7 2487.7 2396.2 2295.3 2195 
 2104.6 2017.6 1936.7 1843.7 1738.6 1633.9 1532.6 1433.8 1331.6 1232.5 
 1135 1038.9 948.6 869.76 799.4 737.8 683.78 635.92 591.88 551.32 
 514.66 481.47 447.91 418.57 392.36 366.17 341 316.98 294.1 272.09 
 251.75 232.72 214.92 199.16 184.28 170.28 157.42 146.01 135.96 126.98 
 118.62 110.96 104.17 97.95 92.188 87.048 81.95 75.729 70.953 66.64 
 62.638 58.881 55.629 52.455 49.613 46.879 44.233 41.773 39.223 36.797 
 34.371 32.08 29.954 27.992 26.268 24.635 23.096 21.603 20.226 19.113 
 18.418 18.823 19.292 19.742 20.192 20.633 21.088 21.528 21.97 22.462 
 23.531 
3535.7 3415.4 3329.5 3389.9 3629.6 3714.9 3537.5 3426.4 3759.4 4021.8 
 3852.4 3573.3 3803.1 4200.2 4093.6 3720 3710.9 3966.5 4125.9 3924.6 
 3701.8 3882.8 4141.7 4147.5 4016.8 3910.1 4022.5 4200 4128.3 3996.1 
 3920.4 3963.7 4084.7 4096.9 3959.4 3903.3 3981.5 4082.9 4110.1 3993.3 
 3944.9 3995.1 4098.1 4075 3943.9 3906.6 3892.6 3938.5 3857.3 3788.1 
 3728.7 3665.6 3624.7 3599 3579.1 3517.5 3492.5 3407 3357.9 3334.6 
 3325.9 3308.9 3284.8 3257.4 3244.4 3213.2 3183.6 3160.6 3128.3 3084.4 
 3036.6 2986.4 2941.6 2900.2 2855.1 2797.4 2753.8 2704.6 2660.6 2607.8 
 2556.5 2480.9 2416.7 2363.6 2304.4 2225.9 2156.4 2083 2007.5 1945.8 
 1874.3 1798.7 1748.7 1695.6 1619.7 1538.4 1451.4 1370.1 1297.6 1223.1 
 1157.1 1089.2 1017.1 946.77 881.03 823.25 766.75 716.51 671.78 628.56 
 590.03 555.93 524.66 497.87 473.1 449.92 429.11 409.13 389.15 369.59 
 350.28 331.72 312.7 293.99 275.61 256.98 239.33 221.48 206.18 190.88 
 176.88 164 152.17 141.18 130.97 121.64 113.06 105.43 98.724 92.302 
 85.676 80.868 76.24 72.032 67.916 64.021 59.586 55.822 52.356 48.843 
 46.012 43.414 40.787 38.532 36.28 34.229 32.218 30.379 28.676 27.102 
 25.521 24.008 22.573 21.213 20.006 18.968 18.229 17.829 18.099 18.465 
 18.839 19.228 19.637 20.106 20.578 21.032 21.429 21.853 22.312 22.725 
 23.531 
3535.7 3350.7 3316.2 3460.4 3552.9 3321.1 3407.5 3772.5 3469.3 3381.1 
 3811.7 3600.7 3365.9 3683.5 3692.4 3476.7 3637.6 3729.8 3610.3 3696.4 
 3734.4 3641.3 3681.8 3641.8 3556.8 3623.3 3642.9 3526.8 3543.5 3604.5 
 3499.6 3451.7 3473.9 3403.6 3334.1 3376.3 3360.9 3302.3 3309.9 3303.7 
 3223.6 3174 3146.8 3088.8 3029.4 3024.7 3005.3 2935.9 2895.8 2865.3 
 2773.6 2731.2 2702.6 2635.5 2598.5 2592.3 2554.8 2526.5 2493.5 2443.7 
 2378.3 2352.3 2273.1 2255.4 2192.8 2143.1 2047.8 1890.6 1773.2 1700.8 
 1655.1 1612.4 1558.8 1495.5 1436.5 1390.4 1352.5 1296.5 1239.2 1187 
 1137.5 1096.4 1051.5 999.01 949.18 897.32 845.58 799.88 753.85 701.1 
 660.59 620.75 578.35 540.18 510.45 481.99 446.68 410.89 383.09 355.29 
 328.37 304.86 283.23 265.17 248.62 234.12 221.36 209.96 199.45 189.51 
 180.27 171.57 163.48 156.06 148.92 142.03 135.25 128.87 122.37 115.79 
 109.1 102.23 95.127 87.726 81.353 75.27 69.252 63.745 59.452 55.899 
 52.551 49.689 47.099 44.389 41.988 40.062 37.766 35.837 33.925 32.296 
 30.816 29.445 28.187 27.073 26.121 25.26 24.444 23.695 22.972 22.297 
 21.681 21.081 20.536 19.953 19.335 18.745 18.327 18.302 18.308 18.335 
 18.412 18.517 18.639 18.785 18.946 19.135 19.368 19.614 19.895 20.216 
 20.51 20.794 21.101 21.416 21.793 22.291 22.662 22.968 23.28 23.622 
 23.531 
3535.7 3456.5 3392.5 3475.7 3581.1 3325.3 3512.4 3651.6 3268.6 3598.5 
 3528.6 3239.5 3472.5 3414.9 3294.5 3396.9 3351.4 3341 3303.4 3274.4 
 3271.9 3191.2 3208.4 3189.4 3122.8 3123.6 3062.8 3014.6 2959.1 2917.2 
 2883.3 2834.8 2800.9 2734.3 2679.1 2623.8 2568.8 2519.5 2462.6 2397.3 
 2325.9 2261.8 2203.8 2140.9 2077.7 2012.3 1952.6 1893.8 1848.3 1809.2 
 1766.7 1727 1687.3 1648.1 1615.7 1581.7 1544.4 1508.8 1473.9 1433.1 
 1391.5 1351.4 1305.7 1260 1214 1164.1 1110.4 1052.7 993.18 928.37 
 863.21 796.44 727.53 659.12 592.4 525.18 462.59 406.41 350.3 301.48 
 258.47 219.79 185.95 155.98 130.29 108.36 90.301 75.515 64.104 55.169 
 48.305 43.324 40.379 38.584 37.44 37.172 37.704 38.859 40.602 42.731 
 44.86 46.918 48.525 49.75 50.731 51.229 51.596 51.542 51.407 51.035 
 50.31 49.494 48.528 47.356 46.02 44.709 43.378 41.926 40.442 38.895 
 37.041 35.063 32.862 30.59 28.338 24.001 20.575 19.51 19.665 19.906 
 20.178 20.456 20.717 20.992 21.309 21.652 21.961 22.265 22.588 22.882 
 23.175 23.499 23.783 24.066 24.369 24.642 24.876 25.16 25.431 25.642 
 25.901 26.121 26.322 26.537 26.751 26.946 27.14 27.334 27.501 27.678 
 27.859 28.022 28.146 28.3 28.437 28.578 28.703 28.832 28.942 29.033 
 29.11 29.123 29.143 29.168 29.201 29.272 29.343 29.363 29.376 29.376 
 23.531 
3535.7 3437.2 3335.9 3335.6 3450.9 3223.4 3161.5 3445.9 3167.8 3049.9 
 3241.1 3003.8 2867.9 2969.8 2869.6 2753 2775.2 2694.1 2626.4 2581.2 
 2488.2 2424.7 2352.8 2276 2190.6 2112.3 2030.9 1933.7 1852.5 1778.9 
 1696.3 1612.9 1531.8 1458.6 1392.6 1324.9 1253.1 1187.7 1128.3 1068.1 
 1009 955.52 904.07 854.91 809.82 769.57 733.8 699.92 669.89 643.56 
 619.42 598.17 578.54 560.27 542.46 525.31 507.53 487.94 466.47 445.71 
 428.51 411.98 395.03 378.22 360.89 340.1 323.08 305.96 288.44 268.78 
 250.79 233.18 214.77 198.68 182.58 167.01 152.34 138.84 126.4 115.01 
 105.41 96.839 89.156 82.723 77.337 72.711 68.738 65.522 62.959 60.787 
 58.74 56.577 54.824 53.401 52.056 50.874 49.517 48.241 47.331 46.357 
 45.148 44.073 43.217 42.506 41.879 41.165 40.309 39.401 38.632 38.089 
 37.603 37.201 36.857 36.496 36.05 35.475 34.843 34.205 33.579 32.922 
 32.227 31.544 30.767 29.93 28.996 28.414 28.029 27.759 27.67 27.65 
 27.676 27.812 27.955 28.104 28.272 28.459 28.647 28.823 29.004 29.178 
 29.337 29.479 29.621 29.757 29.875 29.992 30.069 30.147 30.219 30.283 
 30.342 30.362 30.381 30.414 30.42 30.433 30.427 30.427 30.427 30.42 
 30.414 30.362 30.317 30.246 30.187 30.117 30.006 29.928 29.818 29.669 
 29.482 29.266 29.027 28.847 28.683 28.507 28.352 28.197 28.053 27.936 
 23.531 
3535.7 3400.2 3323.6 3192.2 3171.3 3169 3101.1 2896.9 2834.6 2916.2 
 2821 2596.8 2508.6 2506.2 2368.1 2146.8 2045.3 2005.5 1886.1 1738.3 
 1644.6 1552.5 1430.7 1318.4 1235.5 1146.3 1058 983.77 923.4 860.15 
 803.66 760.41 717.34 671.73 634.02 601.35 567.13 535.03 505.61 476.29 
 437.24 406.31 375.4 355.58 336.21 317.3 298.8 281.67 258.61 240.52 
 226.04 212.5 199.82 187.06 171.5 160.69 150.38 140.18 129.18 120.24 
 111.48 102.67 94.553 86.429 78.669 71.031 63.382 56.893 50.559 44.9 
 40.41 38.902 37.708 36.574 35.538 34.575 33.677 32.825 32.035 31.301 
 30.693 30.248 29.985 29.823 29.712 29.629 29.59 29.59 29.604 29.682 
 29.807 29.987 30.174 30.265 30.264 30.225 30.154 30.135 30.142 30.194 
 30.273 30.383 30.526 30.694 30.856 31.005 31.147 31.291 31.394 31.466 
 31.531 31.608 31.7 31.835 31.999 32.172 32.344 32.516 32.693 32.869 
 33.043 33.211 33.386 33.524 33.685 33.84 33.989 34.119 34.229 34.353 
 34.463 34.555 34.677 34.788 34.878 34.949 35.007 35.007 35.007 35.007 
 35.007 34.988 34.949 34.942 34.929 34.909 34.864 34.806 34.728 34.631 
 34.513 34.364 34.221 34.059 33.895 33.721 33.531 33.313 33.084 32.859 
 32.642 32.402 32.131 31.847 31.549 31.245 30.942 30.607 30.275 29.926 
 29.57 29.191 28.785 28.434 28.095 27.76 27.436 27.135 26.829 26.547 
 23.531 
3535.7 3365.5 3230.8 3196 3072.1 2949.9 2828.4 2710.4 2642.7 2553.1 
 2444.2 2311.3 2151 1995.2 1862.2 1729.7 1624 1513.7 1382.2 1242.7 
 1112.4 1008.3 930.08 868.99 814.34 762.01 712.11 664.12 620.79 582.47 
 546.73 514.82 476.14 422.37 387.78 361.79 334.41 310.56 290.36 269.19 
 239.82 219.95 206.49 193.06 180.5 169.42 157.64 149 140.84 132.65 
 124.82 117.98 110.98 103.89 96.831 89.433 82.438 73.831 66.383 56.118 
 48.325 40.141 32.96 24.271 16.54 15.812 16.206 16.655 17.123 17.616 
 18.113 18.619 19.138 19.652 20.179 20.699 21.228 21.755 22.258 22.77 
 23.24 23.679 24.108 24.508 24.907 25.321 25.719 26.147 26.389 26.636 
 26.997 27.374 27.781 28.3 28.982 29.555 30.027 30.394 30.608 30.782 
 30.887 31.188 31.82 32.364 32.97 33.622 34.152 34.523 34.881 35.162 
 35.407 35.642 35.863 36.068 36.256 36.466 36.666 36.836 37.01 37.173 
 37.309 37.432 37.548 37.666 37.789 37.9 38.004 38.108 38.166 38.244 
 38.296 38.335 38.387 38.419 38.459 38.484 38.484 38.484 38.478 38.42 
 38.342 38.265 38.173 38.09 38.018 37.882 37.738 37.572 37.384 37.132 
 36.878 36.579 36.293 35.964 35.627 35.278 34.931 34.533 34.127 33.728 
 33.33 32.911 32.462 32.017 31.568 31.146 30.706 30.275 29.864 29.413 
 28.962 28.48 27.995 27.571 27.164 26.751 26.323 25.901 25.52 25.159 
 23.531 
3535.7 3427.8 3311.7 3240.1 3107.1 3001 2856.4 2749 2623.2 2481.1 
 2338.8 2186 2038.8 1892.5 1741.6 1594.3 1445.5 1305.5 1178.9 1070.8 
 974.06 891.74 825.88 769.46 719.15 674.79 635.56 596.34 560.26 524.03 
 481.09 425.96 393.34 360.82 336.31 315.64 290.5 270.16 243.05 226.51 
 212.86 200.58 187.97 175.58 165.35 157.47 150.09 143.09 137.57 132.66 
 128.23 124.07 117.76 111.11 103.13 92.656 82.677 71.684 63.115 54.916 
 43.157 29.392 19.087 18.487 18.951 19.479 20.056 20.653 21.261 21.893 
 22.55 23.168 23.774 24.36 24.879 24.564 24.401 24.846 24.957 24.078 
 24.089 24.605 25.138 25.638 26.152 26.668 27.172 27.62 28.06 28.499 
 28.886 29.272 29.705 30.106 30.519 30.915 31.309 31.697 32.112 32.437 
 32.723 33.015 33.343 33.904 34.464 34.488 34.509 34.752 35.018 35.363 
 35.448 35.651 35.837 36.005 36.156 36.323 36.473 36.636 36.759 36.856 
 36.94 37.037 37.103 37.194 37.285 37.362 37.453 37.524 37.595 37.634 
 37.648 37.647 37.635 37.628 37.615 37.602 37.563 37.505 37.44 37.375 
 37.303 37.207 37.103 37.083 37.089 37.011 36.915 36.759 36.558 36.33 
 36.086 35.816 35.51 35.2 34.868 34.538 34.209 33.851 33.47 33.09 
 32.706 32.287 31.861 31.377 30.91 30.457 30.005 29.573 29.124 28.663 
 28.173 27.661 27.137 26.653 26.205 25.767 25.313 24.861 24.414 23.987 
 23.531 
3535.7 3434.9 3315.8 3187.5 2965 2840.5 2793.7 2762 2720 2586.7 
 2413.4 2226.6 2053.6 1928.7 1843.1 1757.8 1636.5 1485.9 1329.3 1195.9 
 1086.7 1006.1 937.79 873.39 813.69 756.2 705.36 660.81 622.41 587.54 
 551.33 516.94 472.27 418.23 385.76 358.23 332.26 308.27 287.53 266.49 
 235.4 217.75 204.8 191.88 179.62 167.53 156.65 147.7 139.29 130.69 
 122.87 115.45 107.98 100.7 92.859 85.191 77.062 68.427 59.347 50.686 
 41.795 34.559 27.696 18.312 15.315 15.664 16.083 16.498 16.954 17.422 
 17.906 18.407 18.901 19.395 19.886 20.4 20.877 21.377 21.863 22.361 
 22.827 23.269 23.673 24.066 24.458 24.845 25.274 25.721 26.158 26.422 
 26.63 27.006 27.412 27.873 28.661 29.138 29.596 29.986 29.973 30.056 
 29.853 29.972 30.444 31.315 32.073 33.015 33.528 33.857 34.091 34.233 
 34.267 34.293 34.339 34.391 33.829 33.418 33.418 33.456 33.533 33.69 
 33.838 33.994 34.123 34.285 34.434 34.577 34.7 34.804 34.909 34.987 
 35.065 35.111 35.163 35.221 35.273 35.318 35.331 35.332 35.332 35.338 
 35.28 35.221 35.125 35.027 34.943 34.839 34.8 35.583 35.701 35.714 
 35.359 34.995 34.631 34.251 33.882 33.498 33.105 32.688 32.259 31.862 
 31.437 30.999 30.544 30.081 29.622 29.188 28.74 28.339 27.906 27.454 
 27.007 26.539 26.05 25.643 25.257 24.854 24.429 24.026 23.615 23.26 
 23.531 
3535.7 3470 3228.4 3077.7 3273.4 3204.5 2900.4 2788.7 2893 2843.9 
 2635.5 2496.5 2502.4 2427.9 2228.9 2100.5 2044.1 1924.9 1784.8 1690.8 
 1595.7 1475 1370.9 1287.8 1195.8 1103.6 1028.8 962.29 895.2 838.76 
 795.58 753.41 707.94 667.36 631.97 595.82 562.02 530.92 500.77 467.07 
 426.36 398.95 371.61 350.82 330.95 311.76 293.2 272.56 250.12 234.81 
 220.62 207.62 194.86 178.45 166.69 155.8 145.03 133.58 124.18 114.73 
 105.54 97.091 88.795 80.59 72.708 64.567 57.298 50.456 44.213 40.413 
 38.903 37.535 36.274 35.084 33.996 33.014 32.112 31.327 30.583 30.039 
 29.532 29.067 28.688 28.486 28.324 28.194 28.078 28.065 28.065 28.065 
 28.072 28.085 28.085 28.085 28.085 28.085 28.085 28.092 28.15 28.247 
 28.366 28.532 28.689 28.857 29.008 29.176 29.325 29.486 29.629 29.766 
 29.903 30.026 30.142 30.272 30.389 30.511 30.636 30.772 30.894 30.984 
 30.828 30.076 29.7 29.759 29.811 29.935 30.058 30.175 30.284 30.407 
 30.532 30.668 30.791 30.913 31.031 31.135 31.2 31.251 31.27 31.27 
 31.27 31.27 31.244 31.231 31.192 31.146 31.081 30.997 30.886 30.749 
 30.575 30.387 30.198 30.012 30.013 30.556 30.783 30.666 30.402 30.113 
 29.809 29.464 29.101 28.734 28.375 28.019 27.639 27.291 26.939 26.565 
 26.21 25.829 25.451 25.147 24.852 24.55 24.243 23.924 23.615 23.361 
 23.531 
3535.7 3435.4 3172.8 3413 3370.6 2997.6 3234 3260 2962.5 3067.7 
 3064.1 2855.1 2860.6 2834.6 2725.2 2678.9 2624.7 2568.3 2511.8 2438.6 
 2377.1 2288.5 2221.8 2153.8 2069 1989.4 1888.7 1811.4 1750.2 1665.5 
 1575.3 1495.3 1427.4 1366.3 1296.4 1226.1 1163.2 1105.4 1049.6 986.28 
 931.81 883.96 834.17 790.43 751.42 714.45 679.68 648.49 619.89 594.56 
 571.23 549.75 528.71 509.09 490.16 471.12 450.63 428.98 408.66 390.39 
 373.03 355.74 338.41 319.21 300.81 284.18 267 248.65 231.47 215.03 
 199.28 183.54 168.28 153.97 140.86 128.4 117.16 107.21 98.992 91.723 
 85.302 79.852 75.264 71.376 68.085 65.465 63.237 61.251 59.412 57.73 
 56.129 54.601 53.167 51.618 50.059 48.624 47.432 46.498 45.549 44.508 
 43.334 42.211 41.198 40.247 39.33 38.495 37.636 36.821 35.966 35.254 
 34.683 34.136 33.522 32.926 32.339 31.84 31.444 31.066 30.758 30.399 
 30.057 29.676 29.143 28.526 27.94 27.275 26.546 25.968 25.624 25.44 
 25.315 25.302 25.334 25.431 25.548 25.69 25.839 25.988 26.125 26.273 
 26.372 26.443 26.437 26.418 26.289 26.288 26.294 26.339 26.372 26.379 
 26.379 26.379 26.379 26.359 26.353 26.359 26.488 26.605 26.806 27.037 
 27.111 27.125 27.067 26.901 26.724 26.582 26.4 26.327 26.159 25.908 
 25.705 25.477 25.251 25.045 24.868 24.699 24.524 24.343 24.153 24.037 
 23.531 
3535.7 3463.7 3344.7 3686.3 3362.2 3313.9 3666.8 3327.9 3394.5 3563.5 
 3310.6 3351.3 3394.5 3295.1 3310.3 3277.2 3311.9 3269.2 3217 3255.9 
 3184.2 3151.6 3120 3061.3 3053 2993.3 2952.3 2887.5 2842.7 2801.9 
 2743.4 2688.4 2621 2571.7 2519.5 2475.9 2411.2 2337.8 2264.9 2204.4 
 2143.5 2086.8 2017.9 1955.2 1896.7 1840.3 1791.4 1738.9 1691.6 1652.5 
 1611.6 1564.9 1521.9 1481.3 1436.1 1391.3 1346.4 1299.8 1255 1208.9 
 1161.5 1112.5 1064.6 1012.1 958.59 903.21 843.05 783.56 725.47 668.59 
 609.88 553.23 499.31 445.6 396.13 350.5 308.86 271.29 236.92 207.03 
 180.7 156.26 134.31 115.17 98.711 84.395 72.708 63.26 56.024 51.091 
 47.615 45.173 43.726 43.42 43.935 44.959 46.467 48.16 49.791 51.286 
 52.507 53.337 53.941 54.311 54.443 54.288 53.862 53.139 52.221 51.112 
 49.789 48.35 46.782 45.235 43.57 41.909 40.251 38.615 36.984 35.439 
 33.886 32.242 30.457 28.44 25.385 22.253 20.038 18.321 17.82 17.994 
 18.249 18.506 18.785 19.053 19.331 19.645 19.972 20.28 20.585 20.903 
 21.215 21.513 21.834 22.132 22.44 22.755 23.062 23.378 23.665 23.946 
 24.228 24.493 24.766 25.041 25.322 25.573 25.846 26.103 26.363 26.632 
 26.898 27.14 27.371 27.545 27.702 27.864 28.038 28.199 28.344 28.473 
 28.577 28.701 28.874 28.954 28.993 29.025 29.091 29.129 29.168 29.22 
 23.531 
3535.7 3478.2 3310.1 3656.5 3608.2 3254.5 3630.4 3757.5 3365.3 3558.5 
 3792.2 3503.2 3520.9 3752.2 3616.1 3567.6 3676.7 3622.2 3643.7 3735.5 
 3689.4 3679 3724.7 3640.4 3567.2 3630.5 3581.1 3479.1 3514.1 3519.6 
 3399.3 3365.8 3388.4 3325.8 3229.8 3240.9 3231.2 3153.7 3144.1 3134.9 
 3052.7 3016.8 3013 2933.4 2883.5 2868.4 2822.2 2774.3 2738.5 2699.9 
 2651.6 2604.3 2577.3 2519.5 2487.8 2446.6 2410.4 2369.3 2313.6 2285.7 
 2217.2 2196.1 2115.8 2071.4 1957.2 1837 1740.4 1663.3 1592.5 1532.5 
 1480.9 1437.3 1407.7 1374.5 1326.9 1275.4 1217.2 1167.7 1120.2 1074.8 
 1027.4 979.01 930.69 880.14 832.56 784.44 734.97 687.95 644.31 602.25 
 562.88 524.54 486.61 454.05 425.75 401.64 377.55 355.34 334.27 314.55 
 296.96 281.03 266.63 253.35 240.98 229.48 218.48 208.27 198.31 189.12 
 180.53 172.17 164.25 156.72 149.39 142.33 135.58 129.08 122.7 116.29 
 109.97 103.89 97.966 91.751 86.491 81.486 76.473 71.696 67.8 63.933 
 60.002 56.593 53.616 50.784 48.289 46.134 43.962 41.871 39.935 38.085 
 36.511 34.985 33.737 32.515 31.464 30.546 29.679 28.902 28.14 27.434 
 26.748 26.138 25.573 25.075 24.595 24.111 23.649 23.341 23.181 23.24 
 23.338 23.46 23.628 23.845 24.077 24.323 24.589 24.878 25.18 25.501 
 25.815 26.088 26.322 26.53 26.716 26.904 27.113 27.327 27.514 27.709 
 23.531 
3535.7 3541.9 3345.9 3437.9 3780.2 3759.8 3463 3486.5 3916.7 4036.2 
 3753 3582.7 3880.8 4177.7 4052.1 3761.1 3763.8 3980.1 4159.3 3982.7 
 3796.6 3897.6 4048.8 4117 4020.4 3874 3947 4097.3 4120.6 4049.6 
 3908.3 3913.7 4072 4130.1 4035.4 3909.1 3843.7 3949.7 3978.2 3946.2 
 3812.8 3796.7 3872.1 3920.7 3934.5 3797.8 3741.3 3684.9 3693.6 3616.8 
 3537.2 3470 3453.5 3400.8 3366.6 3323.8 3265.1 3225.4 3200.3 3179.7 
 3154 3129.5 3122.2 3112.8 3096.6 3075.1 3052.4 3006.4 2968.9 2935.3 
 2893 2847.8 2805.5 2759.4 2721.7 2677 2633.6 2583.7 2528.6 2453.8 
 2372.1 2318.7 2264.8 2207.1 2151.5 2105.8 2038.7 1973 1903.2 1820.3 
 1740.2 1657.3 1576.7 1506.7 1440 1377.8 1314.4 1250.6 1180.2 1109.8 
 1040.2 970.46 904.99 846.7 796.02 748.56 701.2 659.88 622.28 588.75 
 558.36 530.91 505.29 480.67 458.58 437.04 416.21 395.31 373.81 352.98 
 331.98 311.57 291.09 271.44 252.62 234.33 217.08 201.98 186.9 173.22 
 160.82 149.19 138.51 129 120.36 112.63 105.75 99.686 94.386 89.512 
 83.94 79.284 74.74 70.537 66.513 62.727 58.988 55.838 52.969 50.142 
 47.664 45.378 43.182 41.159 39.2 37.34 35.566 33.864 32.278 30.891 
 29.538 28.248 27.059 25.99 24.975 24.075 23.205 22.398 22.382 22.715 
 23.077 23.432 23.763 24.073 24.386 24.687 25.012 25.312 25.598 25.916 
 23.531 
3535.7 3597.7 3526.8 3469.5 3381.7 3467.1 3693.6 3901 4108.1 4104.9 
 4021.3 3832.3 3759.9 3762.9 3945.8 4163.9 4330 4363.6 4295.7 4177.6 
 4021.7 4007.6 4050 4260.5 4420.8 4651.6 4696.1 4636.6 4525.2 4410.7 
 4344.5 4292.9 4361.5 4474.4 4544.1 4620.2 4636.5 4658 4579.7 4510.8 
 4471.5 4483.5 4470.2 4491.4 4474.7 4489.7 4444.7 4486.9 4479.2 4504.7 
 4442.5 4371.5 4344.6 4305.4 4275.6 4306.2 4338.2 4342.5 4311.5 4280.4 
 4296.4 4331 4328.6 4290.4 4252.4 4225.7 4182.5 4155.7 4124.4 4056.9 
 3990.8 3961 3928.3 3855.2 3782.2 3723.7 3688 3628.5 3624.2 3548.4 
 3485.3 3460.9 3411.9 3360.1 3245.6 3180 3107.9 3013.2 2939.8 2887.4 
 2810.5 2750.8 2683.6 2601.8 2515.9 2431.4 2340.5 2240.8 2144.3 2052 
 1969.9 1888.4 1797.2 1697.2 1595.5 1492 1381.6 1268.4 1155.6 1053.1 
 957.72 874.01 801.09 734.69 677.54 628.04 583.25 544.8 509.31 478.55 
 450.18 423.46 399.36 375.29 353.12 331.14 310.75 290.46 270.95 253.2 
 236.06 218.36 201.9 187.46 173.92 161.12 149.71 139.46 130.57 122.36 
 114.86 107.82 101.63 95.882 90.657 85.709 80.963 75.696 70.687 66.72 
 62.979 59.537 56.585 53.842 51.344 48.95 46.537 44.181 41.813 39.503 
 37.248 35.142 33.053 31.119 29.401 27.743 26.233 24.747 23.43 22.211 
 21.118 21.232 21.614 22.009 22.416 22.837 23.248 23.656 24.039 24.459 
 23.531 
3535.7 3606.6 3655.1 3750.4 3833.9 3917.8 4014.8 4085.4 4162.9 4219.2 
 4275.3 4357.9 4346.9 4405.4 4431.7 4493.6 4483.1 4584.4 4581.2 4677.6 
 4685.7 4808.5 4789.2 4898.2 4902.8 4918.9 4900.4 4940.8 4966.2 4914.5 
 4941.8 4950.7 4901.3 4961.9 4980.1 4975.3 4934.6 4937.7 4919.1 4867.3 
 4928.5 4836.2 4843.6 4874.3 5017.3 4919.8 4978.5 4864.7 4908.2 4818.8 
 4699.1 4657.5 4679.2 4680 4696.7 4731.8 4744.7 4660.4 4577 4695.3 
 4759.9 4675.9 4633.5 4607.4 4573 4534.4 4522 4499.4 4425.2 4340.3 
 4261 4185 4138.1 4091.7 4045.1 4045.8 4022.7 3969.9 4003.5 3903.4 
 3773.4 3738.7 3675.4 3588.5 3450.3 3362.2 3355.8 3120.5 2756.3 2390.1 
 1982.4 1886 1789.7 1797.8 1780.9 1741.4 1705.3 1637.9 1545.2 1445.7 
 1392.2 1355.8 1311.8 1259.6 1236.6 1284.2 1298.4 1251.8 1173.7 1091.8 
 1016.2 945.6 881.9 824.84 768.09 714.48 669.29 629.54 595.11 566.03 
 538.77 514.09 489.33 464.57 440.53 416.7 392.96 369.48 346.66 323.52 
 301.45 279.86 257.72 236.46 216.62 199.09 181.55 166.56 153.49 142.33 
 132.82 124.28 116.62 109.82 103.26 96.998 90.908 85.148 79.685 73.622 
 68.829 64.942 61.626 58.558 55.709 52.732 49.927 47.061 44.331 41.748 
 39.087 36.556 34.194 31.961 29.902 28.064 26.318 24.645 23.081 21.694 
 20.417 19.633 19.978 20.37 20.801 21.237 21.695 22.152 22.621 23.09 
 23.531 
