IESNA:LM-63-2002
[TEST] 1
[TESTLAB] 
[TESTDATE] 2025-06-14
[ISSUEDATE] 2025-06-14 17:39:03
[LAMPPOSITION] 0,0
[OTHER] EVERFINE GO-2000A_V1 SYSTEM
[MANUFAC] 
[LUMINAIRE] 90W-5000K
[LAMP] WP09A-14-120L-S2D4C3
TILT=NONE
1 13852 1 181 17 1 2 0.190 0.300 0.000
1.000 1 89.984
0.0    1.0    2.0    3.0    4.0    5.0    6.0    7.0    8.0    9.0    
 10.0   11.0   12.0   13.0   14.0   15.0   16.0   17.0   18.0   19.0   
 20.0   21.0   22.0   23.0   24.0   25.0   26.0   27.0   28.0   29.0   
 30.0   31.0   32.0   33.0   34.0   35.0   36.0   37.0   38.0   39.0   
 40.0   41.0   42.0   43.0   44.0   45.0   46.0   47.0   48.0   49.0   
 50.0   51.0   52.0   53.0   54.0   55.0   56.0   57.0   58.0   59.0   
 60.0   61.0   62.0   63.0   64.0   65.0   66.0   67.0   68.0   69.0   
 70.0   71.0   72.0   73.0   74.0   75.0   76.0   77.0   78.0   79.0   
 80.0   81.0   82.0   83.0   84.0   85.0   86.0   87.0   88.0   89.0   
 90.0   91.0   92.0   93.0   94.0   95.0   96.0   97.0   98.0   99.0   
 100.0  101.0  102.0  103.0  104.0  105.0  106.0  107.0  108.0  109.0  
 110.0  111.0  112.0  113.0  114.0  115.0  116.0  117.0  118.0  119.0  
 120.0  121.0  122.0  123.0  124.0  125.0  126.0  127.0  128.0  129.0  
 130.0  131.0  132.0  133.0  134.0  135.0  136.0  137.0  138.0  139.0  
 140.0  141.0  142.0  143.0  144.0  145.0  146.0  147.0  148.0  149.0  
 150.0  151.0  152.0  153.0  154.0  155.0  156.0  157.0  158.0  159.0  
 160.0  161.0  162.0  163.0  164.0  165.0  166.0  167.0  168.0  169.0  
 170.0  171.0  172.0  173.0  174.0  175.0  176.0  177.0  178.0  179.0  
 180.0  
0.0    22.5   45.0   67.5   90.0   112.5  135.0  157.5  180.0  202.5  
 225.0  247.5  270.0  292.5  315.0  337.5  360.0  
3548.3 3583.3 3579.2 3623.1 3673.1 3723.3 3788.9 3849.1 3890.6 3951.4 
 3963.6 3992.6 3982.2 4012.3 4003.2 4038.4 4029.4 4084.1 4096.5 4158.8 
 4206.4 4260.2 4314.1 4382.4 4422.6 4436.2 4462.5 4516.6 4567 4585.1 
 4627.1 4651.9 4672.6 4724.9 4792.3 4795.7 4824.3 4855 4901.4 4889.2 
 4962.3 4928.1 4958.6 5033.1 5168.5 5133.1 5147.1 5089.4 5147 5099.5 
 5010 5008.8 5032.6 5005.5 5045.8 5106.2 5113 5017.4 4929.5 5051 
 5121.1 5028.8 4957 4902.5 4856.7 4839.8 4844.2 4795.7 4699.1 4636.9 
 4577.2 4505.3 4462.9 4410.8 4373.2 4355.4 4288.7 4240.2 4280.1 4167.6 
 4050.3 4045.8 3984.3 3911.4 3786.9 3702.1 3694.3 3482.3 3039.4 2530.1 
 2135.6 1973.4 1930.3 1888.2 1912.1 1925.2 1885.1 1793.5 1669.2 1579.8 
 1522.7 1475.6 1421.7 1362.4 1335.3 1375.8 1384.1 1333 1252.7 1170.6 
 1093.9 1021 952.11 888.29 826.98 769.88 721.77 680.27 643.77 611.82 
 582.4 554.45 526.99 500.38 474.63 449.38 424.77 400.44 376.6 352.29 
 329.25 306.11 282.85 259.95 238.47 218.08 201.17 184.27 170.08 157.7 
 147.11 137.49 128.87 121.08 113.7 106.72 99.911 93.459 87.349 80.738 
 75.391 71.281 67.574 64.191 61.064 57.839 54.718 51.603 48.587 45.728 
 42.814 40.077 37.489 34.965 32.669 30.632 28.674 26.792 25.023 23.479 
 22.104 21.245 21.613 22.047 22.484 22.963 23.457 23.949 24.419 24.925 
 25.399 
3548.3 3624.1 3683.8 3858.1 3968.1 4041.3 4043.5 3934.5 3867.5 3891.5 
 4114.7 4365.6 4613 4612.2 4484.4 4259.3 4061.5 4072.8 4208.9 4503.6 
 4666.9 4792.4 4676.4 4567.6 4374.6 4398 4494.9 4693 4907.6 5053.7 
 5069.5 4914 4760.2 4708.2 4650.5 4731.8 4835.9 4959.3 4988.2 4895.9 
 4810.1 4739 4729.3 4725.6 4761.6 4840.5 4852.7 4873.1 4887.1 4869 
 4863.6 4768.1 4715.4 4701.7 4666.1 4653.6 4696 4727.3 4723.2 4705.2 
 4689.3 4715 4746.1 4740.9 4700.9 4658.3 4636.7 4575.1 4545.2 4533.5 
 4486.5 4416 4362 4292.1 4222 4145.6 4114.8 4084 4043.6 4024.1 
 3914.1 3854 3819.8 3753 3682.7 3556.2 3472.6 3381.4 3289.5 3234.1 
 3188.4 3118.7 3058.5 2992.1 2908.9 2818.1 2716.6 2605.4 2490.7 2380 
 2284.6 2201.9 2123.2 2020.6 1906.5 1786.9 1672.5 1555.9 1436.9 1321.9 
 1208.4 1104.5 1010.1 927.06 853.08 787.39 728.41 677.23 630.57 587.52 
 547.45 511.62 478.68 447.83 418.2 390.83 363.48 336.89 312.35 289.73 
 269.12 250.05 232.09 214.79 198.77 184.24 171.05 158.79 147.77 137.72 
 129.06 120.77 113.25 106.58 100.5 94.874 89.476 83.005 77.628 72.84 
 68.436 64.356 60.831 57.406 54.313 51.317 48.406 45.671 42.873 40.214 
 37.594 35.115 32.743 30.574 28.682 26.84 25.128 23.436 21.856 20.637 
 19.885 20.348 20.854 21.349 21.825 22.295 22.787 23.263 23.746 24.261 
 25.399 
3548.3 3686.5 3787.5 3821.3 3699.5 3657.5 3983 4178.5 3952 3709.2 
 4016.4 4114.4 4212.4 3882.8 3976.2 4382 4486.2 4121.6 3970.8 4254.5 
 4466.1 4351.8 4090.1 4079 4331.3 4405 4288.3 4162.6 4195.1 4369.5 
 4458.8 4340.9 4245.4 4277.1 4372.7 4451 4344.6 4214.7 4230.2 4287.4 
 4361.7 4252.1 4163.4 4168.4 4227.1 4303.3 4196.8 4100.2 4037.4 4057.7 
 3996 3898.8 3823.3 3779.8 3756.1 3707.9 3687.3 3625.8 3575.9 3543.4 
 3522.6 3498.7 3472.1 3458.5 3455.1 3440.2 3419.4 3397.4 3351 3306.5 
 3266.7 3231.5 3185.8 3135.9 3097 3061.3 3032.3 2975.9 2902.9 2822.2 
 2759.3 2673.8 2609.4 2548.8 2491.9 2431.6 2372.5 2306.6 2236 2161.4 
 2078.9 1984.5 1898.5 1812.5 1729.6 1656.3 1590 1524.1 1459.3 1386 
 1306.2 1225.6 1140.5 1057.4 978.8 912.79 854.61 800.13 752.07 706.79 
 664.9 627.45 594.73 564.55 536.52 511.05 486.67 463.21 440.64 418.44 
 396.32 374.57 352.16 329.97 308.38 286.94 266.14 246.34 227.73 210.64 
 195.52 181.46 168.35 156.51 145.08 134.71 125.26 116.69 109.14 102.16 
 94.866 89.489 84.272 79.445 74.844 70.469 65.579 61.432 57.539 53.618 
 50.46 47.542 44.672 42.14 39.654 37.377 35.127 33.108 31.248 29.532 
 27.755 26.062 24.483 22.996 21.709 20.54 19.725 19.303 19.599 20.006 
 20.416 20.83 21.262 21.783 22.289 22.794 23.223 23.694 24.189 24.641 
 25.399 
3548.3 3665.6 3754.8 3686.6 3582.3 3869.4 3836.4 3510.8 3842.9 3973.2 
 3586.5 3803.7 4077.3 3781.8 3837.7 4100.5 3906.1 3837.4 3976.5 3915.8 
 3897.9 4003.8 3947.1 3937.7 3999.4 3929.1 3874.9 3926.2 3843 3743.2 
 3799.3 3801.4 3690.1 3711.4 3758.7 3640.2 3565.6 3582.1 3504.4 3423.5 
 3439.1 3426.1 3359.9 3363.5 3340.1 3239.1 3202.8 3164.8 3105.2 3064.7 
 3054.6 3014.8 2964 2919.4 2887.6 2832.6 2789.2 2739.9 2696.8 2671.7 
 2637 2607.1 2532.4 2521.6 2431.8 2380.2 2266.2 2111.4 1990.2 1893.4 
 1812.3 1740 1678.9 1638.9 1604.1 1567.2 1517.1 1450.8 1385.7 1330.5 
 1280.4 1238.1 1181.8 1118.9 1055.4 1001.9 950.01 897.46 847.33 793.51 
 744.61 699.69 659.25 620.08 576.98 534.56 499.88 468.76 435.36 403.78 
 372.22 346.22 323.61 302.38 284.2 267.63 253.37 240.17 227.76 216.41 
 205.93 195.88 186.66 178.09 170.08 162.02 154.45 147.08 139.66 132.22 
 124.63 116.7 108.54 100.19 92.783 85.941 79.201 72.812 67.929 63.898 
 60.003 56.601 53.63 50.377 47.632 45.263 42.591 40.34 38.14 36.141 
 34.436 32.749 31.28 30.016 28.845 27.793 26.847 25.961 25.146 24.365 
 23.627 22.912 22.258 21.595 20.907 20.223 19.755 19.729 19.742 19.781 
 19.847 19.944 20.086 20.255 20.457 20.668 20.919 21.209 21.518 21.847 
 22.164 22.487 22.818 23.166 23.57 24.154 24.558 24.902 25.252 25.601 
 25.399 
3548.3 3688.1 3711.3 3642.1 3566.4 3839.2 3570 3464.8 3854.1 3513.5 
 3536 3785.9 3529.5 3588.7 3648.2 3494.5 3502.3 3483.3 3489.8 3471.6 
 3420.1 3473.2 3403.7 3364.6 3361.1 3283.8 3269 3219.4 3193.6 3146.9 
 3085.2 3034.5 2966.9 2927.9 2878.9 2831.7 2769.2 2699.1 2633.5 2575.3 
 2516 2448.4 2376.2 2307.1 2239.6 2180.9 2121.4 2068.6 2011.2 1957.6 
 1912.1 1871.8 1836.8 1802.1 1759.7 1719.2 1677.8 1635.9 1594 1550.8 
 1506.4 1461.2 1417.8 1367.2 1317 1265 1207.2 1147.7 1080.2 1015.3 
 944.77 873.7 802.61 730.9 658.4 589.64 522.62 460.17 403.05 345.92 
 296.23 253.86 215.07 180.97 151.57 125.95 104.96 87.192 73.563 62.789 
 54.583 48.663 45.318 43.207 42.039 41.922 42.715 44.093 46.177 48.59 
 50.842 52.982 54.529 55.73 56.657 57.103 57.264 57.068 56.753 56.163 
 55.23 54.155 52.955 51.638 50.164 48.64 47.138 45.444 43.671 41.85 
 39.693 37.376 34.89 32.352 29.869 25.002 21.447 20.288 20.436 20.71 
 21.003 21.282 21.537 21.867 22.185 22.499 22.839 23.162 23.48 23.817 
 24.13 24.43 24.756 25.059 25.335 25.615 25.908 26.159 26.438 26.73 
 26.977 27.223 27.495 27.728 27.931 28.153 28.385 28.578 28.775 28.962 
 29.123 29.3 29.481 29.636 29.772 29.949 30.096 30.213 30.35 30.44 
 30.492 30.531 30.576 30.615 30.635 30.713 30.816 30.868 30.9 30.9 
 25.399 
3548.3 3696.3 3641.7 3599.1 3447.2 3562.1 3524.6 3214.2 3392.7 3406.4 
 3128.6 3236.9 3275.6 3068 3076.8 3035.1 2874.1 2839.5 2794.8 2715.1 
 2664.3 2587.8 2522.8 2446.6 2366.4 2282.6 2202.4 2124.3 2025.4 1934.5 
 1848.5 1764.3 1690 1607.3 1524.3 1449 1383.8 1315.2 1242.6 1180.3 
 1118.9 1056.2 999.46 946.79 897.41 854.18 813.35 776.74 743.63 713.65 
 686.92 663.5 641.98 620.64 601.03 581.06 561.64 539.34 515.12 492.31 
 472.89 454.19 435.62 416.74 397.56 374.78 355.46 336.7 317.29 295.76 
 275.87 256.22 236.25 217.68 200.72 183.79 167.78 152.82 139.06 126.6 
 115.94 106.62 98.285 91.324 85.389 80.268 76.05 72.573 69.87 67.4 
 65.108 62.806 60.866 59.255 57.804 56.507 54.956 53.548 52.369 51.256 
 49.992 48.667 47.615 46.767 45.981 45.122 44.103 43.061 42.102 41.415 
 40.849 40.369 39.892 39.416 38.876 38.182 37.4 36.643 35.899 35.133 
 34.331 33.509 32.681 31.753 30.719 29.989 29.576 29.268 29.13 29.103 
 29.149 29.278 29.413 29.569 29.732 29.9 30.062 30.276 30.47 30.638 
 30.828 30.984 31.113 31.224 31.361 31.463 31.555 31.665 31.781 31.873 
 31.957 32.035 32.075 32.107 32.146 32.159 32.179 32.172 32.172 32.172 
 32.159 32.14 32.114 32.043 31.985 31.914 31.828 31.712 31.615 31.433 
 31.214 31.012 30.773 30.598 30.441 30.305 30.181 30.045 29.902 29.746 
 25.399 
3548.3 3629.8 3577.4 3492.3 3484.3 3254.2 3199.6 3287.2 3129.1 2860.6 
 2818.2 2856.5 2754.9 2546.7 2440.1 2426.1 2296.7 2105.5 2008 1918.2 
 1766.3 1629.8 1530.8 1430.2 1318.3 1223.6 1150 1072.5 1001.8 947.45 
 892.68 835.12 786.29 747.74 706.42 665.18 630.72 597.01 563.99 530.68 
 487.87 444.13 417.31 395.67 374.04 352.74 332.5 314.26 288.38 268.54 
 252.33 237.15 222.95 208.52 190.94 178.77 167.1 155.73 143.35 133.31 
 123.59 113.78 104.67 95.5 86.775 78.14 69.482 62.036 54.761 48.372 
 43.241 41.617 40.381 39.22 38.113 37.116 36.197 35.31 34.428 33.662 
 33.021 32.561 32.271 32.069 31.919 31.835 31.764 31.731 31.764 31.809 
 31.926 32.086 32.218 32.269 32.263 32.237 32.159 32.159 32.172 32.211 
 32.282 32.392 32.522 32.677 32.848 33.01 33.152 33.275 33.353 33.417 
 33.47 33.515 33.599 33.704 33.872 34.028 34.201 34.377 34.554 34.727 
 34.912 35.085 35.254 35.416 35.577 35.72 35.87 35.974 36.091 36.209 
 36.343 36.473 36.577 36.675 36.759 36.837 36.895 36.953 37.005 37.005 
 37.005 36.986 36.934 36.901 36.83 36.746 36.681 36.609 36.525 36.434 
 36.318 36.188 36.046 35.921 35.759 35.623 35.443 35.28 35.058 34.838 
 34.58 34.35 34.118 33.828 33.529 33.233 32.888 32.529 32.163 31.762 
 31.344 30.956 30.554 30.174 29.844 29.527 29.215 28.909 28.623 28.339 
 25.399 
3548.3 3536.4 3498.8 3433.3 3288.1 3194.8 3112.9 3006.2 2880.3 2701.6 
 2548.2 2421.6 2302.6 2185.6 2054.4 1883.8 1713 1539.3 1399.3 1299.3 
 1207.5 1118.8 1027.4 943.9 872.89 815.13 767.2 725.28 686.53 647.16 
 605.7 566.69 521.79 462.4 424.01 395.9 366.29 339.75 317.09 293.63 
 262.87 241.21 226.16 211.12 198.25 186.93 173.92 164.44 155.44 146.58 
 137.81 130.27 122.57 114.63 106.8 98.52 90.74 81.204 72.969 61.572 
 52.943 43.891 35.903 26.615 17.993 16.972 17.401 17.859 18.347 18.859 
 19.4 19.948 20.505 21.077 21.632 22.191 22.752 23.321 23.88 24.422 
 24.947 25.407 25.841 26.271 26.703 27.118 27.566 28 28.253 28.5 
 28.869 29.274 29.68 30.212 30.958 31.573 32.068 32.453 32.669 32.858 
 32.963 33.266 33.92 34.509 35.164 35.863 36.43 36.858 37.242 37.535 
 37.794 38.029 38.251 38.468 38.67 38.872 39.08 39.261 39.444 39.6 
 39.741 39.878 40.016 40.132 40.255 40.371 40.462 40.547 40.643 40.722 
 40.775 40.807 40.82 40.826 40.827 40.833 40.794 40.756 40.742 40.697 
 40.626 40.516 40.412 40.275 40.141 40.004 39.861 39.706 39.545 39.363 
 39.127 38.863 38.584 38.256 37.914 37.55 37.209 36.83 36.404 35.957 
 35.507 35.093 34.659 34.185 33.723 33.28 32.817 32.358 31.928 31.426 
 30.937 30.502 30.008 29.545 29.122 28.692 28.255 27.816 27.402 27.034 
 25.399 
3548.3 3481.3 3393.7 3348.5 3231.1 3128.5 2989.1 2884.3 2761.2 2623.7 
 2478.3 2319.8 2169.9 2021 1866.5 1710.3 1554 1406.4 1274.4 1158.3 
 1056.2 968.3 896.13 835.47 778.92 729.28 684.99 641.06 600.38 561.04 
 515.01 456.01 418.91 389.76 360.61 338.94 311.52 289.2 260.29 242.39 
 227.61 214.59 201.35 188.21 177.1 168.69 160.77 153.27 147.46 142.18 
 137.43 132.93 126.24 119.04 110.3 99.281 88.492 76.765 67.443 58.684 
 46.18 31.506 20.47 19.79 20.298 20.836 21.464 22.095 22.747 23.423 
 24.135 24.801 25.43 26.026 26.584 26.262 26.146 26.618 26.742 25.801 
 25.829 26.376 26.94 27.491 28.039 28.594 29.113 29.582 30.058 30.51 
 30.937 31.329 31.788 32.208 32.651 33.061 33.484 33.898 34.32 34.665 
 34.947 35.257 35.572 36.165 36.714 36.739 36.778 37.019 37.293 37.653 
 37.728 37.934 38.128 38.314 38.466 38.627 38.777 38.933 39.069 39.198 
 39.316 39.418 39.504 39.607 39.703 39.801 39.872 39.957 40.022 40.086 
 40.132 40.132 40.126 40.081 40.022 39.951 39.86 39.782 39.756 39.698 
 39.646 39.542 39.392 39.295 39.276 39.185 39.093 38.951 38.789 38.607 
 38.374 38.147 37.874 37.544 37.236 36.903 36.551 36.196 35.79 35.353 
 34.899 34.5 34.065 33.578 33.074 32.603 32.128 31.667 31.188 30.683 
 30.157 29.678 29.147 28.634 28.166 27.692 27.216 26.75 26.25 25.796 
 25.399 
3548.3 3425.8 3367 3375.2 3341.7 3271 3131.6 2922.5 2759.1 2621.8 
 2529.5 2447.7 2335 2192 2005.3 1830 1654.9 1525.8 1412.8 1303.5 
 1187.9 1078 980.63 901.96 841.35 791.8 749.87 707.6 665.18 623.13 
 581.75 544.28 498.68 443.07 409.12 380.14 351.48 325.05 302.94 281.17 
 248.16 229.36 214.91 201.83 188.77 176.43 164.77 155.6 146.58 137.49 
 129.15 121.44 113.76 106.13 97.864 89.862 81.275 72.281 62.86 53.734 
 44.411 36.846 29.717 19.765 16.563 16.958 17.396 17.844 18.345 18.839 
 19.358 19.892 20.424 20.958 21.503 22.031 22.556 23.082 23.605 24.126 
 24.637 25.11 25.546 25.96 26.378 26.802 27.25 27.75 28.216 28.49 
 28.692 29.092 29.499 29.994 30.81 31.36 31.842 32.285 32.257 32.379 
 32.143 32.255 32.718 33.662 34.461 35.481 36.028 36.37 36.602 36.706 
 36.707 36.713 36.803 36.887 36.245 35.784 35.773 35.824 35.914 36.101 
 36.277 36.445 36.609 36.775 36.952 37.101 37.212 37.336 37.439 37.543 
 37.621 37.699 37.731 37.738 37.751 37.751 37.751 37.751 37.751 37.751 
 37.745 37.668 37.531 37.395 37.247 37.097 37.096 37.986 38.151 38.179 
 37.856 37.502 37.153 36.766 36.401 36.002 35.62 35.196 34.742 34.244 
 33.783 33.343 32.88 32.392 31.914 31.453 30.984 30.514 30.07 29.554 
 29.073 28.644 28.145 27.696 27.268 26.836 26.399 25.958 25.53 25.141 
 25.399 
3548.3 3491.1 3598.8 3568.1 3332.6 3153.8 3321.3 3282.6 2980.7 2825.2 
 2867.4 2805.4 2579.3 2436.5 2414.3 2320.4 2138.9 2022.6 1939.1 1812.2 
 1677.6 1583.8 1485.6 1363.7 1256.7 1167.3 1078.3 1003.3 948.17 893.32 
 830.4 775.06 731.77 689.43 649.35 614.76 582.28 550.23 518.57 484.35 
 442.29 407.26 385.38 363.5 343.06 323.03 304.14 283.03 259.99 244.01 
 229.34 215.96 202.75 185.74 173.62 162.49 151.32 139.42 129.86 120.04 
 110.65 101.94 93.35 84.9 76.807 68.563 61.058 54.083 47.625 43.728 
 42.058 40.584 39.159 37.873 36.68 35.632 34.681 33.788 32.988 32.378 
 31.844 31.326 30.939 30.711 30.532 30.375 30.265 30.193 30.187 30.187 
 30.187 30.2 30.206 30.213 30.226 30.232 30.252 30.246 30.323 30.446 
 30.601 30.784 30.985 31.154 31.315 31.478 31.633 31.771 31.912 32.055 
 32.179 32.302 32.446 32.581 32.716 32.847 32.983 33.119 33.268 33.359 
 33.232 32.434 32.049 32.127 32.192 32.321 32.445 32.561 32.671 32.807 
 32.95 33.093 33.21 33.314 33.379 33.437 33.476 33.535 33.625 33.632 
 33.632 33.625 33.567 33.501 33.391 33.307 33.248 33.177 33.087 32.982 
 32.84 32.684 32.509 32.335 32.371 32.972 33.196 33.086 32.796 32.455 
 32.09 31.763 31.403 31.019 30.64 30.268 29.857 29.485 29.129 28.697 
 28.304 27.948 27.553 27.199 26.873 26.541 26.211 25.879 25.548 25.29 
 25.399 
3548.3 3594 3744.2 3449.4 3423.6 3682.8 3324.1 3261.4 3460.9 3189.9 
 3076.5 3198 3076.1 2980.8 2970.2 2867.9 2801.5 2735.5 2651.1 2598.2 
 2520.3 2437.4 2334.8 2237.1 2154 2068.9 1996.7 1900.3 1794.6 1712.3 
 1641.4 1571.4 1488.6 1407.7 1339.3 1275.6 1210.6 1139.2 1074.5 1019.7 
 962.96 906.33 859.25 814.45 771.11 734.82 699.84 666.86 637.87 611.47 
 587.99 566.14 545.06 524.71 505.21 486.16 464.68 443.04 422.1 403.26 
 385.4 367.49 349.99 330.37 311.46 293.91 276.56 258.21 240.37 223.48 
 207.17 190.86 175.31 160.59 147.12 134.29 122.95 112.78 104.2 96.541 
 89.861 84.259 79.314 75.255 71.751 68.862 66.461 64.385 62.431 60.621 
 58.865 57.23 55.729 54.151 52.57 51.15 49.94 48.92 48.014 47.002 
 45.835 44.703 43.605 42.691 41.774 40.933 40.035 39.147 38.294 37.623 
 37.07 36.487 35.843 35.281 34.668 34.134 33.702 33.356 33.033 32.676 
 32.344 31.963 31.465 30.837 30.248 29.54 28.778 28.179 27.823 27.625 
 27.497 27.482 27.52 27.63 27.746 27.864 28.011 28.162 28.343 28.499 
 28.63 28.695 28.695 28.579 28.403 28.383 28.39 28.434 28.493 28.539 
 28.558 28.578 28.578 28.578 28.597 28.61 28.805 28.94 29.159 29.354 
 29.434 29.453 29.403 29.261 29.053 28.902 28.709 28.598 28.435 28.144 
 27.917 27.716 27.483 27.255 27.048 26.842 26.639 26.438 26.244 26.106 
 25.399 
3548.3 3653.9 3776.5 3447 3733.7 3790.3 3372.7 3720.1 3630.8 3389.5 
 3601.5 3556.6 3461.2 3517 3454.2 3455.5 3397.6 3397.6 3381.9 3292.7 
 3319.8 3277 3203.6 3173.9 3102 3059 3013.6 2976.5 2925.2 2857.2 
 2814.4 2764.5 2719.2 2654.8 2586.4 2512.6 2451.5 2394.1 2333.4 2262.6 
 2189.2 2115.4 2050.7 1987.7 1928.3 1871 1821.2 1775.3 1728.3 1678.9 
 1634 1593.8 1553.7 1509.8 1464.4 1419.8 1373.9 1327.9 1282.6 1234 
 1184.2 1135.3 1085.1 1030.3 970.97 910.65 851.68 792.9 730.78 668.45 
 608.21 549.66 493.34 438.98 388.9 342.98 301.11 264.79 231.46 204.1 
 176.77 153.02 131.91 113.58 97.798 84.278 73.113 64.068 57.138 52.401 
 48.986 46.497 44.947 44.445 44.736 45.546 46.856 48.458 50.044 51.602 
 52.933 53.894 54.577 55.002 55.239 55.159 54.845 54.207 53.326 52.347 
 51.126 49.807 48.268 46.695 45.099 43.423 41.786 40.146 38.565 37.059 
 35.536 33.881 32.108 30.127 27.014 23.796 21.466 19.634 19.039 19.216 
 19.493 19.76 20.065 20.345 20.653 20.972 21.302 21.633 21.974 22.3 
 22.628 22.963 23.284 23.615 23.946 24.255 24.563 24.859 25.153 25.463 
 25.778 26.076 26.373 26.644 26.916 27.194 27.461 27.738 27.998 28.273 
 28.533 28.791 29.026 29.25 29.434 29.607 29.744 29.882 29.999 30.14 
 30.258 30.412 30.615 30.686 30.719 30.738 30.802 30.836 30.881 30.92 
 25.399 
3548.3 3628.4 3850.7 3568.1 3609.7 3968 3636.1 3547.3 3969 3760 
 3545.9 3851 3861.3 3676.3 3832.3 3895.8 3777.8 3854.1 3873.5 3801.2 
 3848.7 3826 3738.4 3793.7 3834.5 3697.9 3657 3704.7 3616.6 3531.6 
 3581.3 3537 3449.2 3468 3467.4 3387.1 3361 3349.8 3277 3223.9 
 3203.1 3171 3121 3086.4 3054.4 2990 2935.3 2895.6 2820.6 2766.4 
 2733 2696 2653.3 2606.9 2574.3 2516.6 2490.9 2443 2388.2 2350.4 
 2288.3 2260.2 2184.5 2121.2 1984.5 1852.5 1758.5 1694.7 1646.9 1601.8 
 1547.5 1497.5 1448.6 1403.5 1354 1297.1 1245.6 1200 1152.4 1104.5 
 1053.4 1001.2 953.56 901.85 850.86 801.48 756.53 708.63 659.97 614.42 
 570.62 531.34 497.68 465.57 433.8 407.51 384.68 361.88 341.77 321.78 
 304.02 288.3 274.15 260.91 248.52 236.8 225.7 215.04 204.95 195.3 
 186.33 177.83 169.64 161.98 154.59 147.3 140.33 133.83 127.43 120.9 
 114.38 108.15 102.04 95.645 90.256 85.134 80.086 75.156 71.139 67.178 
 63.187 59.641 56.585 53.645 51.137 48.899 46.671 44.567 42.56 40.632 
 39.027 37.438 36.127 34.883 33.789 32.811 31.917 31.095 30.275 29.529 
 28.775 28.092 27.481 26.899 26.386 25.857 25.368 25.02 24.829 24.88 
 24.958 25.069 25.212 25.396 25.608 25.861 26.144 26.458 26.805 27.138 
 27.482 27.771 28.021 28.23 28.398 28.579 28.786 28.988 29.176 29.376 
 25.399 
3548.3 3615.7 3853.1 3834.7 3586.4 3649.1 4085.6 4150.1 3806.2 3681 
 4093.9 4105.6 4116.5 3857.4 3988.3 4303.2 4319.9 4018.3 3953.3 4157.6 
 4316.6 4286.4 4072.3 4057.2 4232 4330.5 4311.6 4159.3 4084.6 4167.4 
 4264.8 4211.8 4116.5 4020.1 4080.6 4212.1 4216 4148.9 4049.7 4081.9 
 4144 4182.8 4111 3993.2 3995.1 4003.8 4044.5 3929.1 3857.5 3770.5 
 3716.1 3644.8 3631.7 3601.3 3576.2 3513.9 3436.8 3407.7 3400 3389.5 
 3375.2 3360.9 3348.6 3332.5 3294.7 3263.5 3229.6 3186.5 3145.7 3103 
 3043.6 2982.7 2942.2 2900.1 2859.8 2805.5 2737 2660.4 2603.7 2540.2 
 2485.6 2433.3 2378.9 2321.7 2249.7 2172.1 2081.6 1999.3 1930.8 1859.4 
 1788 1724 1662.1 1598.1 1520.8 1437.2 1355.7 1283.1 1216.3 1147.9 
 1076.7 1004.4 934.5 870.34 817.21 767.86 722.52 684.03 648.31 616.11 
 585.61 556.38 529.41 504.22 480.6 457.58 435.48 413.6 391.99 370.91 
 349.73 329.56 308.52 288.13 268.18 248.84 230.75 213.37 198.93 184.49 
 171.45 159.31 147.99 137.84 128.55 120.44 113.17 106.88 101.32 96.128 
 90.139 85.299 80.555 76.158 71.971 68.062 64.039 60.6 57.531 54.532 
 51.907 49.439 47.052 44.859 42.69 40.673 38.71 36.858 35.113 33.53 
 32.054 30.652 29.316 28.035 26.876 25.857 24.92 24.005 24.045 24.379 
 24.755 25.132 25.455 25.779 26.112 26.445 26.78 27.108 27.435 27.769 
 25.399 
3548.3 3552.3 3644.4 3882.2 4020.2 4066.5 4004.7 3870.6 3817.2 3883.9 
 4147.7 4377.9 4569.9 4538.6 4426.6 4221.9 4066.4 4048.1 4180.7 4417.2 
 4603.4 4739.3 4693.7 4610.8 4415.2 4332.1 4288.2 4363 4515.3 4694.8 
 4827.4 4822.9 4827.3 4814.3 4725.7 4699.1 4733.2 4769.6 4801.4 4803.7 
 4782.2 4804.6 4773.8 4752.1 4794.5 4846.1 4831.8 4889.8 4862.8 4893.3 
 4807.2 4746.1 4733 4715 4705.3 4713.7 4714.8 4704 4685.6 4661.1 
 4663.2 4679.8 4673.3 4622.4 4586.1 4549.7 4488.8 4431.8 4397 4363.2 
 4331.4 4254 4176.7 4111.2 4058.2 4039.9 4013.8 3960 3943.3 3847.8 
 3765.2 3712.2 3635.2 3566.1 3445.8 3386.9 3322 3230.8 3180.9 3138.4 
 3058.8 2996.4 2932.9 2843 2747.9 2648.9 2536.4 2417.9 2312.3 2220.3 
 2146 2070.9 1981.6 1875 1760.2 1646.6 1531.8 1416.5 1299.7 1187.1 
 1081.8 988.91 905.78 831.25 768.11 710.57 657.8 611.71 570.21 534.53 
 502.05 471.46 441.73 413.29 386.99 360.73 337.86 315.96 295.09 274.9 
 255.38 236.91 219.23 202.66 187.08 173.46 161.4 150.27 140.32 131.39 
 123.39 115.84 109.11 103.05 97.53 92.395 87.425 81.915 76.618 72.315 
 68.409 64.686 61.511 58.517 55.806 53.192 50.64 48.104 45.535 43.051 
 40.592 38.256 35.979 33.835 31.941 30.048 28.369 26.697 25.156 23.864 
 22.656 22.827 23.241 23.649 24.096 24.54 24.978 25.408 25.802 26.231 
 25.399 
3548.3 3583.3 3579.2 3623.1 3673.1 3723.3 3788.9 3849.1 3890.6 3951.4 
 3963.6 3992.6 3982.2 4012.3 4003.2 4038.4 4029.4 4084.1 4096.5 4158.8 
 4206.4 4260.2 4314.1 4382.4 4422.6 4436.2 4462.5 4516.6 4567 4585.1 
 4627.1 4651.9 4672.6 4724.9 4792.3 4795.7 4824.3 4855 4901.4 4889.2 
 4962.3 4928.1 4958.6 5033.1 5168.5 5133.1 5147.1 5089.4 5147 5099.5 
 5010 5008.8 5032.6 5005.5 5045.8 5106.2 5113 5017.4 4929.5 5051 
 5121.1 5028.8 4957 4902.5 4856.7 4839.8 4844.2 4795.7 4699.1 4636.9 
 4577.2 4505.3 4462.9 4410.8 4373.2 4355.4 4288.7 4240.2 4280.1 4167.6 
 4050.3 4045.8 3984.3 3911.4 3786.9 3702.1 3694.3 3482.3 3039.4 2530.1 
 2135.6 1973.4 1930.3 1888.2 1912.1 1925.2 1885.1 1793.5 1669.2 1579.8 
 1522.7 1475.6 1421.7 1362.4 1335.3 1375.8 1384.1 1333 1252.7 1170.6 
 1093.9 1021 952.11 888.29 826.98 769.88 721.77 680.27 643.77 611.82 
 582.4 554.45 526.99 500.38 474.63 449.38 424.77 400.44 376.6 352.29 
 329.25 306.11 282.85 259.95 238.47 218.08 201.17 184.27 170.08 157.7 
 147.11 137.49 128.87 121.08 113.7 106.72 99.911 93.459 87.349 80.738 
 75.391 71.281 67.574 64.191 61.064 57.839 54.718 51.603 48.587 45.728 
 42.814 40.077 37.489 34.965 32.669 30.632 28.674 26.792 25.023 23.479 
 22.104 21.245 21.613 22.047 22.484 22.963 23.457 23.949 24.419 24.925 
 25.399 
